0.	0.
0.05	0.0008075734988241786
0.1	0.0016859399207821845
0.15000000000000002	0.0024980025345477403
0.2	0.00326049565684006
0.25	0.004393358043415839
0.30000000000000004	0.005604271875976093
0.35000000000000003	0.0070516059279903944
0.4	0.008842538286814689
0.45	0.010977110233019512
0.5	0.014255866621802971
0.55	0.018131398975745623
0.6000000000000001	0.023651845041765228
0.65	0.03223233289664846
0.7000000000000001	0.04600334277540924
0.75	0.07157292541049498
0.8	0.12426769324011201
0.8500000000000001	0.254411157163494
0.9	0.6070636357258963
0.9500000000000001	1.0298851408150402
1.	0.9450646294329371
1.05	1.0628196587308876
1.1	1.7480716475182296
1.1500000000000001	1.5417721878218216
1.2000000000000002	0.5813231877940982
1.25	0.24709052929182537
1.3	0.13017411467988296
1.35	0.07927703065215887
1.4000000000000001	0.053087597660175546
1.4500000000000002	0.03792241988312977
1.5	0.028500711613853223
1.55	0.022207231655742163
1.6	0.017801128781644762
1.6500000000000001	0.01459410253663706
1.7000000000000002	0.01219908967381472
1.75	0.010350997419215047
1.8	0.00890749095992989
1.85	0.0077495126476247195
1.9000000000000001	0.006815145798340993
1.9500000000000002	0.006056622362928721
2.	0.005422752409751505
2.0500000000000003	0.00488902447847386
2.1	0.00445016057722152
2.15	0.004064993528588017
2.2	0.003770381068921795
2.25	0.00350876980305995
2.3000000000000003	0.0032875209075609174
2.35	0.0031145258807799806
2.4000000000000004	0.0029749572506718534
2.45	0.0028769684629519803
2.5	0.002816093398536715
2.5500000000000003	0.002800811473696853
2.6	0.0028448362649011205
2.6500000000000004	0.00295887604840184
2.7	0.00317956067239446
2.75	0.0035552920137217063
2.8000000000000003	0.0042013137967329564
2.85	0.005328045309708073
2.9000000000000004	0.007400311885480043
2.95	0.01131596593381446
3.	0.017665735762701962
3.0500000000000003	0.020447876063050603
3.1	0.014025129503218802
3.1500000000000004	0.007952079585249744
3.2	0.004768852570069291
3.25	0.003152968386913678
3.3000000000000003	0.0022649380578176614
3.35	0.001734238717751559
3.4000000000000004	0.0013933027596299446
3.45	0.0011627653673037819
3.5	0.0009950029338471643
3.5500000000000003	0.0008704722073445559
3.6	0.0007758310133266128
3.6500000000000004	0.0006986310162365456
3.7	0.0006374622934714532
3.75	0.0005861593158327642
3.8000000000000003	0.0005429089501697657
3.85	0.0005048501330775517
3.9000000000000004	0.0004722256462739246
3.95	0.00044256667479589183
4.	0.0004174000961314749
4.05	0.00039433117142076196
4.1000000000000005	0.00037380830964296464
4.15	0.00035457023153084204
4.2	0.00033699373525231574
4.25	0.0003212405974058034
4.3	0.0003067730637483632
4.3500000000000005	0.0002929232669476588
4.4	0.00028047766968854735
4.45	0.0002685596104397795
4.5	0.0002576025948439389
4.55	0.00024731176032194386
4.6000000000000005	0.00023749429182015245
4.65	0.0002284448829467699
4.7	0.00021992810859285434
4.75	0.00021189476788031894
4.800000000000001	0.0002041134682423488
4.8500000000000005	0.00019695526239032433
4.9	0.00018987209228547118
4.95	0.0001832912807751088
5.	0.00017707483165468288
5.050000000000001	0.00017111679872090462
5.1000000000000005	0.00016549292339090488
5.15	0.0001601472748105233
5.2	0.0001550050885898806
5.25	0.00015007622520823443
5.300000000000001	0.00014540374953769182
5.3500000000000005	0.00014089245375839034
5.4	0.00013663056949239508
5.45	0.00013252331712250087
5.5	0.0001286217342123584
5.550000000000001	0.0001247973317825401
5.6000000000000005	0.00012116506182785369
5.65	0.00011769710526498288
5.7	0.0001143793340834324
5.75	0.00011116788452044581
5.800000000000001	0.00010808647683357949
5.8500000000000005	0.0001051286705784096
5.9	0.00010227827233705137
5.95	0.0000995243162106849
6.	0.00009688569089433861
6.050000000000001	0.0000943288093237855
6.1000000000000005	0.00009185639055384013
6.15	0.0000894733234390055
6.2	0.00008719114533223999
6.25	0.00008497880009307774
6.300000000000001	0.00008282709299148558
6.3500000000000005	0.0000807643439758101
6.4	0.0000787786196102218
6.45	0.00007683486277290451
6.5	0.0000749799563295012
6.550000000000001	0.00007317610780580793
6.6000000000000005	0.00007144377475114768
6.65	0.00006975672819043186
6.7	0.00006812083461867286
6.75	0.00006654946305602724
6.800000000000001	0.00006500918534058567
6.8500000000000005	0.00006353090801536644
6.9	0.0000620958078355443
6.95	0.00006068786034090524
7.	0.00005934237601579878
7.050000000000001	0.00005802171079505074
7.1000000000000005	0.00005676790209042944
7.15	0.00005552988622052583
7.2	0.00005433119183130133
7.25	0.000053156783497547335
7.300000000000001	0.00005202259154233426
7.3500000000000005	0.000050925064558971095
7.4	0.00004986713827017483
7.45	0.000048818038269146985
7.5	0.000047809521103980925
7.550000000000001	0.00004682905004349824
7.6000000000000005	0.00004587853877311128
7.65	0.000044945702152404474
7.7	0.00004404462828885948
7.75	0.00004316535530066327
7.800000000000001	0.00004231022806614339
7.8500000000000005	0.00004147924552958871
7.9	0.00004066757240069077
7.95	0.000039879552282732075
8.	0.00003911131022674741
8.05	0.00003836343831753616
8.1	0.000037637609831104125
8.15	0.0000369250239398809
8.200000000000001	0.0000362303540471568
8.25	0.00003555388461207297
8.3	0.000034897093721164355
8.35	0.00003425457330084456
8.4	0.00003362915164605981
8.450000000000001	0.00003302122573250405
8.5	0.00003241762463753198
8.55	0.000031838547291614266
8.6	0.0000312715425089163
8.65	0.00003071300818612693
8.700000000000001	0.00003017454479708647
8.75	0.000029647881931816252
8.8	0.00002912777046056414
8.85	0.00002862834312886769
8.9	0.000028133652485568098
8.950000000000001	0.000027652726760467947
9.	0.000027182349139111737
9.05	0.000026721144237140705
9.1	0.00002627117100631662
9.15	0.00002583293241222829
9.200000000000001	0.000025405186348631304
9.25	0.000024985889455993618
9.3	0.000024574211948033433
9.35	0.000024171811433970396
9.4	0.000023779795859542393
9.450000000000001	0.000023393630084093314
9.5	0.00002301824926014222
9.55	0.00002265039332725631
9.600000000000001	0.000022288185140398435
9.65	0.000021936971105743296
9.700000000000001	0.000021592684738902602
9.75	0.000021255743171213986
9.8	0.000020926759429119185
9.850000000000001	0.000020602226241787413
9.9	0.000020284040332909654
9.950000000000001	0.000019974292964737643
10.	0.00001966985710904704