0.	0.
0.01	0.00004851640955145826
0.02	0.00009707431019477473
0.03	0.00014571528173059503
0.04	0.00019448108173119187
0.05	0.00024341373531367867
0.06	0.000292555625984486
0.07	0.0003419495879228855
0.08	0.00039163900008065
0.09	0.0004416678824867256
0.1	0.0004920809951601846
0.11	0.0005429239400518587
0.12	0.0005942432664550902
0.13	0.0006460865803491761
0.14	0.0006985026581655467
0.15	0.0007515415654967847
0.16	0.000805254781302541
0.17	0.0008596953282046058
0.18	0.0009149179095062168
0.19	0.0009709790536186204
0.2	0.0010279372666313854
0.21	0.001085853193822678
0.22	0.0011447897909721849
0.23	0.0012048125064134548
0.24	0.001265989474844894
0.25	0.0013283917240104854
0.26	0.0013920933954635526
0.27	0.0014571719807408116
0.28	0.0015237085744009302
0.29	0.0015917881455233638
0.3	0.001661499829421307
0.31	0.0017329372414990102
0.32	0.0018061988153810374
0.33	0.001881388167661739
0.34	0.001958614491870486
0.35000000000000003	0.002037992984525412
0.36	0.0021196453064596496
0.37	0.0022037000829538324
0.38	0.0022902934466022488
0.39	0.002379569627283595
0.4	0.002471681594107786
0.41000000000000003	0.0025667917547756787
0.42	0.0026650727184286144
0.43	0.002766708128789638
0.44	0.00287189357522144
0.45	0.002980837590261586
0.46	0.00309376274326088
0.47000000000000003	0.003210906840965767
0.48	0.0033325242472737994
0.49	0.0034588873359799764
0.5	0.003590288092153551
0.51	0.00372703987987763
0.52	0.0038694793964927417
0.53	0.004017968836263517
0.54	0.00417289828959816
0.55	0.004334688407668298
0.56	0.0045037933665919745
0.5700000000000001	0.004680704170361874
0.58	0.004865952337552909
0.59	0.005060114023682227
0.6	0.005263814639106844
0.61	0.005477734031754133
0.62	0.005702612315061362
0.63	0.005939256434584251
0.64	0.006188547582225928
0.65	0.00645144958543326
0.66	0.0067290184206160435
0.67	0.0070224130262183946
0.68	0.0073329076222403
0.6900000000000001	0.007661905780727211
0.7000000000000001	0.008010956537257643
0.71	0.008381772888569337
0.72	0.00877625308844451
0.73	0.00919650523569312
0.74	0.009644875748172695
0.75	0.01012398243990718
0.76	0.010636753070468618
0.77	0.01118647042453114
0.78	0.011776825214828148
0.79	0.012411978396574583
0.8	0.013096634852701877
0.81	0.013836130879328605
0.8200000000000001	0.01463653849938229
0.8300000000000001	0.01550479039876135
0.84	0.016448830267085674
0.85	0.017477794605998784
0.86	0.018602233740534106
0.87	0.019834381968619506
0.88	0.021188489698237358
0.89	0.02268123431413321
0.9	0.024332231758053248
0.91	0.026164677928951698
0.92	0.028206158777819262
0.93	0.030489681501844036
0.9400000000000001	0.033054998181084004
0.9500000000000001	0.03595032000684411
0.96	0.0392345586452528
0.97	0.0429802869696065
0.98	0.04727769326413023
0.99	0.05223992508993516
1.	0.058010403864008485
1.01	0.06477297568355318
1.02	0.07276620932138361
1.03	0.08230386246154622
1.04	0.09380469139102676
1.05	0.10783669273703536
1.06	0.12518410239290875
1.07	0.14695105948196474
1.08	0.17472563913923644
1.09	0.21084533730905944
1.1	0.2588358197652309
1.11	0.32414698158787403
1.12	0.41538679975389214
1.1300000000000001	0.5463010789856347
1.1400000000000001	0.7384088096915749
1.1500000000000001	1.021776150556498
1.16	1.4209163450971622
1.17	1.8884570496939486
1.18	2.193029322846737
1.19	2.0698393586628128
1.2	1.637056006280568
1.21	1.1920529918830407
1.22	0.857171142254282
1.23	0.6278165072327561
1.24	0.4728078321970786
1.25	0.3664975347153455
1.26	0.29202501243465606
1.27	0.2389218428884185
1.28	0.2007999433823298
1.29	0.17382525515398847
1.3	0.1556189961487269
1.31	0.14381529292518505
1.32	0.13390580714199543
1.33	0.12042074570188002
1.34	0.10361178522346517
1.35	0.08778744435519308
1.36	0.07496360537708127
1.37	0.06495842341709857
1.3800000000000001	0.057083064534988855
1.3900000000000001	0.050752930959414376
1.4000000000000001	0.0455593409193643
1.41	0.041225303815675074
1.42	0.03755442210160714
1.43	0.03438754258601458
1.44	0.031593232617790026
1.45	0.029103060171706843
1.46	0.026892776181723105
1.47	0.024933747065253323
1.48	0.02319065127103701
1.49	0.02163109330887065
1.5	0.020228334334504813
1.51	0.018960686168798993
1.52	0.017810364383417487
1.53	0.016762571448177922
1.54	0.015804999539697176
1.55	0.014927380600374515
1.56	0.01412092950438461
1.57	0.013378028590313375
1.58	0.012692063569561275
1.59	0.012057278420328098
1.6	0.011468643902146752
1.61	0.010921746746670298
1.62	0.010412698788127187
1.6300000000000001	0.009938061870637485
1.6400000000000001	0.009494784874618384
1.6500000000000001	0.009080151352251578
1.6600000000000001	0.008691735727512763
1.67	0.008327366186787784
1.68	0.007985093059770304
1.69	0.007663161778432371
1.7	0.007359989661003712
1.71	0.007074145901564069
1.72	0.006804334260876673
1.73	0.006549378042971474
1.74	0.0063082070130533
1.75	0.006079845971220912
1.76	0.005863404743865092
1.77	0.0056580693930414865
1.78	0.0054630944756440735
1.79	0.005277796210213439
1.8	0.005101546430756552
1.81	0.00493376722488075
1.82	0.004773926168521664
1.83	0.004621532082104861
1.84	0.004476131243552436
1.85	0.004337304002474939
1.86	0.004204661747454676
1.87	0.004077844184757407
1.8800000000000001	0.003956516892291515
1.8900000000000001	0.003840369117320247
1.9000000000000001	0.0037291117904499635
1.9100000000000001	0.003622475731869629
1.92	0.003520210028791183
1.93	0.0034220805656089972
1.94	0.0033278686905199744
1.95	0.003237370004274433
1.96	0.0031503932584047265
1.97	0.0030667593517390147
1.98	0.0029863004152826814
1.99	0.0029088589766647797
2.	0.002834287196323944
2.0100000000000002	0.0027624461684657314
2.02	0.0026932052805774785
2.0300000000000002	0.002626441625950965
2.04	0.002562039464249298
2.05	0.0024998897256722444
2.06	0.0024398895547327573
2.07	0.002381941890063739
2.08	0.0023259550770348466
2.09	0.002271842510279954
2.1	0.002219522303521341
2.11	0.0021689169843314097
2.12	0.0021199532116998494
2.13	0.002072561514477528
2.14	0.002026676048950047
2.15	0.001982234373957053
2.16	0.0019391772421194426
2.17	0.001897448405868112
2.18	0.0018569944370859157
2.19	0.0018177645592809565
2.2	0.0017797104913051518
2.21	0.0017427863017185907
2.22	0.0017069482729782934
2.23	0.001672154774700738
2.24	0.0016383661453114034
2.25	0.0016055445814526438
2.2600000000000002	0.001573654034573683
2.27	0.0015426601141743479
2.2800000000000002	0.0015125299972174396
2.29	0.0014832323432641948
2.3000000000000003	0.0014547372149230778
2.31	0.0014270160032350057
2.32	0.0014000413576478327
2.33	0.0013737871202602395
2.34	0.0013482282640400205
2.35	0.0013233408347444959
2.36	0.0012991018962916641
2.37	0.0012754894793496493
2.38	0.001252482532929605
2.39	0.0012300608787831394
2.4	0.0012082051684201027
2.41	0.0011868968425760493
2.42	0.0011661180929711098
2.43	0.001145851826213432
2.44	0.0011260816297108459
2.45	0.0011067917394640937
2.46	0.0010879670096239009
2.47	0.001069592883702358
2.48	0.0010516553673367388
2.49	0.0010341410025108085
2.5	0.0010170368431452568
2.5100000000000002	0.0010003304319747889
2.52	0.0009840097786350294
2.5300000000000002	0.0009680633388874776
2.54	0.0009524799949155342
2.5500000000000003	0.0009372490366290174
2.56	0.0009223601439186939
2.57	0.0009078033698060916
2.58	0.0008935691244374687
2.59	0.0008796481598740067
2.6	0.0008660315556333746
2.61	0.0008527107049406505
2.62	0.0008396773016491829
2.63	0.000826923327794468
2.64	0.000814441041746368
2.65	0.0008022229669271451
2.66	0.000790261881064758
2.67	0.0007785508059527286
2.68	0.0007670829976896053
2.69	0.0007558519373726746
2.7	0.000744851322222064
2.71	0.0007340750571128183
2.72	0.0007235172464938037
2.73	0.0007131721866735879
2.74	0.0007030343584545369
2.75	0.0006930984200975108
2.7600000000000002	0.0006833592006005035
2.77	0.0006738116932755628
2.7800000000000002	0.0006644510496091935
2.79	0.0006552725733923016
2.8000000000000003	0.0006462717151065109
2.81	0.0006374440665544355
2.82	0.0006287853557221746
2.83	0.0006202914418629662
2.84	0.0006119583107915413
2.85	0.0006037820703792996
2.86	0.0005957589462409918
2.87	0.0005878852776040896
2.88	0.0005801575133525361
2.89	0.0005725722082370048
2.9	0.0005651260192442641
2.91	0.0005578157021186343
2.92	0.0005506381080289291
2.93	0.0005435901803746461
2.94	0.0005366689517255343
2.95	0.0005298715408889901
2.96	0.0005231951501000785
2.97	0.0005166370623292744
2.98	0.0005101946387033272
2.99	0.0005038653160349268
3.	0.0004976466044571572
3.0100000000000002	0.0004915360851589533
3.02	0.0004855314082180838
3.0300000000000002	0.00047963029052840584
3.04	0.0004738305138184223
3.0500000000000003	0.00046812992275839326
3.06	0.0004625264231535371
3.0700000000000003	0.0004570179802210752
3.08	0.0004516026169491578
3.09	0.00044627841253593725
3.1	0.00044104350090734697
3.11	0.00043589606931238647
3.12	0.00043083435699502415
3.13	0.0004258566539420995
3.14	0.0004209612997069381
3.15	0.0004161466823087158
3.16	0.0004114112372079608
3.17	0.0004067534463589813
3.18	0.00040217183734040534
3.19	0.00039766498256549646
3.2	0.0003932314985743905
3.21	0.00038887004541097943
3.22	0.00038457932608776564
3.23	0.00038035808614272134
3.24	0.00037620511329295424
3.25	0.00037211923719086766
3.2600000000000002	0.00036809932928949437
3.27	0.00036414430282481964
3.2800000000000002	0.0003602531129241968
3.29	0.00035642475685144744
3.3000000000000003	0.00035265827440092613
3.31	0.0003489527484548077
3.3200000000000003	0.0003453073057201007
3.33	0.0003417211176645396
3.34	0.0003381934016735479
3.35	0.00033472342245403685
3.36	0.00033131049371497306
3.37	0.0003279539801595335
3.38	0.0003246532998294321
3.39	0.0003214079268487734
3.4	0.00031821739462284594
3.41	0.000315081299556789
3.42	0.00031199930537044316
3.43	0.00030897114809925677
3.44	0.0003059966418874033
3.45	0.0003030756856988263
3.46	0.0003002082710955628
3.47	0.0002973944912613042
3.48	0.0002946345514829641
3.49	0.0002919287813454976
3.5	0.00028927764894729234
3.5100000000000002	0.00028668177750753974
3.52	0.0002841419648162301
3.5300000000000002	0.0002816592060758076
3.54	0.0002792347208063052
3.5500000000000003	0.0002768699846397314
3.56	0.00027456676702354197
3.5700000000000003	0.00027232717609895036
3.58	0.00027015371233325583
3.59	0.0002680493328871622
3.6	0.0002660175292163959
3.61	0.0002640624210799257
3.62	0.0002621888710069145
3.63	0.0002604026244330634
3.64	0.0002587104822541196
3.65	0.00025712051460010006
3.66	0.0002556423274065202
3.67	0.0002542873971321707
3.68	0.00025306949415641834
3.69	0.0002520052225812385
3.7	0.00025111471424904737
3.71	0.0002504225290913072
3.72	0.00024995883445319973
3.73	0.00024976096588457764
3.74	0.00024987551586558076
3.75	0.000250361162683071
3.7600000000000002	0.0002512925514922979
3.77	0.00025276569364488254
3.7800000000000002	0.0002549055922699709
3.79	0.00025787718901650655
3.8000000000000003	0.00026190135777945427
3.81	0.0002672787207257383
3.8200000000000003	0.0002744258431719827
3.83	0.0002839314458942177
3.84	0.0002966456946011405
3.85	0.0003138252517651325
3.86	0.0003373737418125472
3.87	0.0003702457295631974
3.88	0.00041712181080628177
3.89	0.00048547452158736033
3.9	0.0005868920897009409
3.91	0.0007369237530311226
3.92	0.0009452499158622414
3.93	0.0011759251053225649
3.94	0.0012973798619449934
3.95	0.0011975541417059068
3.96	0.0009682153275015811
3.97	0.000750252199312241
3.98	0.0005898699466781548
3.99	0.00048005056704554744
4.	0.0004050666068475179
4.01	0.00035275194419274986
4.0200000000000005	0.0003151915940111305
4.03	0.0002874236883451752
4.04	0.0002663221609433763
4.05	0.0002498786798962871
4.0600000000000005	0.00023677160976579738
4.07	0.0002261096399572745
4.08	0.00021727749585094558
4.09	0.00020984124782316
4.1	0.00020348890424816982
4.11	0.0001979923166794988
4.12	0.0001931822510609572
4.13	0.00018893178942302116
4.14	0.00018514514229616663
4.15	0.00018175008920187988
4.16	0.0001786929652595921
4.17	0.00017593557287811534
4.18	0.00017345374140273072
4.19	0.00017123757569634558
4.2	0.00016929381524757148
4.21	0.00016765126914331877
4.22	0.0001663710694888573
4.23	0.00016556418930379602
4.24	0.0001654168171174376
4.25	0.00016620724649444812
4.26	0.00016821790768100918
4.2700000000000005	0.00017121903395645225
4.28	0.0001733062116940174
4.29	0.000171472090452296
4.3	0.0001659509835843654
4.3100000000000005	0.00015980075425208628
4.32	0.00015469580478340934
4.33	0.00015075349468158676
4.34	0.00014766711109632393
4.3500000000000005	0.0001451540106764165
4.36	0.0001430222295743098
4.37	0.00014115002292161907
4.38	0.00013946048977965764
4.39	0.00013790416314898144
4.4	0.00013644839008134107
4.41	0.00013507101039956384
4.42	0.00013375657043896458
4.43	0.00013249401476140839
4.44	0.00013127524861092588
4.45	0.00013009422372548872
4.46	0.00012894634697346576
4.47	0.00012782809498493745
4.48	0.00012673676715156844
4.49	0.00012567034022603342
4.5	0.00012462740944530834
4.51	0.00012360721751270544
4.5200000000000005	0.0001226097756583554
4.53	0.00012163601138815256
4.54	0.00012068747877037991
4.55	0.0001197637534680981
4.5600000000000005	0.00011885425146923894
4.57	0.00011793395802893647
4.58	0.00011699204277522032
4.59	0.00011604943613125612
4.6000000000000005	0.000115124879188734
4.61	0.00011422197396436846
4.62	0.00011333832437444076
4.63	0.0001124710716885064
4.64	0.00011161808487808998
4.65	0.0001107779003676989
4.66	0.00010994950241625805
4.67	0.00010913215693805054
4.68	0.00010832530721359242
4.69	0.0001075285110977901
4.7	0.00010674140311258137
4.71	0.00010596367112142338
4.72	0.00010519504161809878
4.73	0.00010443527022408676
4.74	0.0001036841354514798
4.75	0.00010294143463117094
4.76	0.0001022069813942724
4.7700000000000005	0.00010148060427978903
4.78	0.00010076214549696431
4.79	0.00010005145573557136
4.8	0.00009934837234716096
4.8100000000000005	0.00009865267573771617
4.82	0.00009796412079763681
4.83	0.00009728259608975313
4.84	0.0000966080868417853
4.8500000000000005	0.00009594052660174807
4.86	0.0000952797996633379
4.87	0.00009462578100840039
4.88	0.00009397835079367465
4.89	0.0000933373960647217
4.9	0.00009270280971768748
4.91	0.00009207448938412426
4.92	0.00009145233663091359
4.93	0.00009083625641868869
4.94	0.00009022615672662311
4.95	0.00008962194827950852
4.96	0.00008902354433855918
4.97	0.00008843086053352412
4.98	0.00008784381472303581
4.99	0.00008726232687511684
5.	0.00008668631896051721
5.01	0.00008611571484318669
5.0200000000000005	0.0000855504401277814
5.03	0.00008499042195716349
5.04	0.00008443558906167716
5.05	0.00008388587214587954
5.0600000000000005	0.00008334120366597589
5.07	0.00008280151736515744
5.08	0.00008226674824730612
5.09	0.00008173683263655045
5.1000000000000005	0.00008121170816649939
5.11	0.00008069131373842623
5.12	0.00008017558947505477
5.13	0.00007966447667665922
5.14	0.00007915791778025045
5.15	0.00007865585632150261
5.16	0.00007815823689901463
5.17	0.00007766500514059683
5.18	0.00007717610767135768
5.19	0.00007669149208341747
5.2	0.00007621110690710863
5.21	0.00007573490158351911
5.22	0.00007526282643820404
5.23	0.00007479483265599284
5.24	0.00007433087225746419
5.25	0.00007387089807702188
5.26	0.00007341486374064303
5.2700000000000005	0.00007296272364423294
5.28	0.000072514432933694
5.29	0.00007206994748591887
5.3	0.00007162922389041072
5.3100000000000005	0.00007119221943156914
5.32	0.00007075889207165139
5.33	0.00007032920043438294
5.34	0.00006990310378918527
5.3500000000000005	0.00006948056203598694
5.36	0.00006906153569058828
5.37	0.00006864598587055017
5.38	0.00006823387428158102
5.39	0.00006782516320439684
5.4	0.00006741981548203079
5.41	0.0000670177945075706
5.42	0.0000666190642123039
5.43	0.00006622358905425297
5.44	0.00006583133400707891
5.45	0.00006544226454933734
5.46	0.0000650563466540726
5.47	0.00006467354677873487
5.48	0.00006429383185540462
5.49	0.00006391716928131242
5.5	0.00006354352690963941
5.51	0.00006317287304058896
5.5200000000000005	0.00006280517641271616
5.53	0.000062440406194506
5.54	0.0000620785319761887
5.55	0.00006171952376178398
5.5600000000000005	0.00006136335196136419
5.57	0.000061009987383528236
5.58	0.00006065940122807767
5.59	0.00006031156507888784
5.6000000000000005	0.00005996645089696603
5.61	0.00005962403101369026
5.62	0.00005928427812422131
5.63	0.0000589471652810825
5.64	0.00005861266588790064
5.65	0.0000582807536933024
5.66	0.000057951402784961086
5.67	0.00005762458758378806
5.68	0.00005730028283826418
5.69	0.000056978463618906594
5.7	0.00005665910531286583
5.71	0.00005634218361864971
5.72	0.000056027674540968936
5.73	0.00005571555438570129
5.74	0.00005540579975497052
5.75	0.00005509838754233547
5.76	0.0000547932949280871
5.7700000000000005	0.00005449049937464968
5.78	0.00005418997862208255
5.79	0.00005389171068368011
5.8	0.00005359567384166668
5.8100000000000005	0.000053301846642983555
5.82	0.000053010207895165685
5.83	0.00005272073666230517
5.84	0.00005243341226109937
5.8500000000000005	0.00005214821425698111
5.86	0.00005186512246032888
5.87	0.00005158411692275448
5.88	0.0000513051779334664
5.89	0.00005102828601570683
5.9	0.00005075342192326032
5.91	0.000050480566637032175
5.92	0.000050209701361694884
5.93	0.00004994080752240084
5.94	0.00004967386676155988
5.95	0.00004940886093567981
5.96	0.00004914577211226847
5.97	0.00004888458256679598
5.98	0.00004862527477971575
5.99	0.000048367831433543
6.	0.00004811223540998912
6.01	0.00004785846978715108
6.0200000000000005	0.00004760651783675485
6.03	0.000047356363021451053
6.04	0.00004710798899216226
6.05	0.00004686137958548112
6.0600000000000005	0.000046616518821117804
6.07	0.00004637339089939632
6.08	0.000046131980198798514
6.09	0.00004589227127355535
6.1000000000000005	0.000045654248851284286
6.11	0.00004541789783067247
6.12	0.00004518320327920473
6.13	0.000044950150430936034
6.140000000000001	0.00004471872468430809
6.15	0.00004448891160000896
6.16	0.00004426069689887611
6.17	0.00004403406645984195
6.18	0.00004380900631792213
6.19	0.00004358550266224582
6.2	0.000043363541834128723
6.21	0.00004314311032518779
6.22	0.000042924194775498706
6.23	0.000042706781971795836
6.24	0.00004249085884571516
6.25	0.00004227641247208034
6.26	0.00004206343006723291
6.2700000000000005	0.000041851898987407204
6.28	0.000041641806727150946
6.29	0.000041433140917792234
6.3	0.00004122588932595519
6.3100000000000005	0.00004102003985212452
6.32	0.00004081558052926222
6.33	0.000040612499521477306
6.34	0.00004041078512275191
6.3500000000000005	0.00004021042575572616
6.36	0.00004001140997054528
6.37	0.000039813726443772615
6.38	0.000039617363977373
6.390000000000001	0.00003942231149777135
6.4	0.00003922855805499246
6.41	0.000039036092821888105
6.42	0.000038844905093459615
6.43	0.00003865498428628395
6.44	0.00003846631993805377
6.45	0.000038278901707242804
6.46	0.000038092719372909285
6.47	0.00003790776283465368
6.48	0.000037724022112747295
6.49	0.00003754148734845304
6.5	0.00003736014880456116
6.51	0.00003717999686616831
6.5200000000000005	0.00003700102204173141
6.53	0.00003682321496443372
6.54	0.00003664656639390715
6.55	0.000036471067218361686
6.5600000000000005	0.00003629670845718264
6.57	0.00003612348126406646
6.58	0.00003595137693077928
6.59	0.00003578038689163805
6.6000000000000005	0.00003561050272883271
6.61	0.00003544171617873108
6.62	0.000035274019139335964
6.63	0.000035107403679098606
6.640000000000001	0.000034941862047334174
6.65	0.000034777386686537556
6.66	0.00003461397024696172
6.67	0.00003445160560390132
6.68	0.00003429028587822461
6.69	0.000034130004460823346
6.7	0.00003397075504180955
6.71	0.000033812531645491534
6.72	0.00003365532867242133
6.73	0.000033499140950139986
6.74	0.00003334396379467966
6.75	0.00003318979308544662
6.76	0.00003303662535684927
6.7700000000000005	0.00003288445791101635
6.78	0.00003273328895725644
6.79	0.000032583117785665874
6.8	0.000032433944984674603
6.8100000000000005	0.00003228577271557652
6.82	0.0000321386050615957
6.83	0.00003199244847532626
6.84	0.000031847312357261396
6.8500000000000005	0.00003170320981080496
6.86	0.0000315601586374944
6.87	0.00003141818266303353
6.88	0.0000312773135246669
6.890000000000001	0.000031137593110676095
6.9	0.00003099907693514004
6.91	0.00003086183887511629
6.92	0.00003072597792603699
6.93	0.00003059162800102698
6.94	0.000030458972410260917
6.95	0.000030328265684214638
6.96	0.00003019986716961862
6.97	0.000030074293912710373
6.98	0.000029952305809770614
6.99	0.00002983504569599589
7.	0.00002972427375925873
7.01	0.00002962276149210642
7.0200000000000005	0.000029534934573144282
7.03	0.00002946779054258577
7.04	0.00002943153106926739
7.05	0.000029436564280702663
7.0600000000000005	0.00002947553986711154
7.07	0.00002948219571841614
7.08	0.000029349559328425728
7.09	0.000029083723091259086
7.1000000000000005	0.000028793187596891038
7.11	0.000028538605244424427
7.12	0.000028324731126011463
7.13	0.00002814082974515779
7.140000000000001	0.000027976910904358562
7.15	0.000027826193434563164
7.16	0.000027684394131887532
7.17	0.000027548825099032766
7.18	0.000027417772566817064
7.19	0.000027290117899764538
7.2	0.000027165112183356217
7.21	0.000027042241381809888
7.22	0.00002692114425182288
7.23	0.00002680156127616665
7.24	0.000026683302166983894
7.25	0.000026566224722435443
7.26	0.000026450220777408822
7.2700000000000005	0.00002633520668242362
7.28	0.00002622111673240268
7.29	0.000026107898554424276
7.3	0.000025995509820136212
7.3100000000000005	0.00002588391586926334
7.32	0.000025773087969943035
7.33	0.000025663002031162634
7.34	0.000025553637641171883
7.3500000000000005	0.000025444977344797316
7.36	0.00002533700609913651
7.37	0.000025229710865606077
7.38	0.00002512308030965694
7.390000000000001	0.000025017104589633396
7.4	0.00002491177522472064
7.41	0.000024807085039981098
7.42	0.000024703028195509042
7.43	0.00002459960031856884
7.44	0.000024496798775082245
7.45	0.00002439462314482861
7.46	0.000024293076011814403
7.47	0.00002419216426299825
7.48	0.000024091901232863823
7.49	0.000023992310285732516
7.5	0.000023893430858230746
7.51	0.000023795328605721066
7.5200000000000005	0.000023698111634342347
7.53	0.000023601951742726062
7.54	0.00002350708848320398
7.55	0.000023413704286217244
7.5600000000000005	0.000023321362053101477
7.57	0.00002322812265782152
7.58	0.00002313193260611888
7.59	0.00002303389209860201
7.6000000000000005	0.000022936360434555197
7.61	0.00002284024705201734
7.62	0.00002274548744823134
7.63	0.000022651825644054512
7.640000000000001	0.000022559054134505864
7.65	0.0000224670352736574
7.66	0.000022375681306117244
7.67	0.0000222849357102047
7.68	0.00002219476100427518
7.69	0.000022105131398194198
7.7	0.0000220160284234465
7.71	0.000021927438307569142
7.72	0.000021839350365943742
7.73	0.000021751755994518823
7.74	0.000021664648024382007
7.75	0.00002157802029895585
7.76	0.000021491867391180205
7.7700000000000005	0.00002140618441060795
7.78	0.00002132096686943676
7.79	0.00002123621058792676
7.8	0.000021151911626632498
7.8100000000000005	0.000021068066237228724
7.82	0.00002098467082647893
7.83	0.000020901721929700176
7.84	0.000020819216191290278
7.8500000000000005	0.000020737150350735576
7.86	0.000020655521233169756
7.87	0.00002057432574412711
7.88	0.000020493560868751187
7.890000000000001	0.00002041322367653847
7.9	0.000020333311333960575
7.91	0.000020253821129417015
7.92	0.000020174750518495683
7.930000000000001	0.000020096097202801196
7.94	0.000020017859259917025
7.95	0.000019940035325246098
7.96	0.00001986262468927171
7.97	0.000019785626547551994
7.98	0.000019709035985168743
7.99	0.000019632835820064857
8.	0.000019557003076740044
8.01	0.0000194815394690542
8.02	0.000019406463822785077
8.03	0.000019331784046931063
8.040000000000001	0.000019257497917867157
8.05	0.000019183600725738995
8.06	0.000019110088048503088
8.07	0.000019036956114601583
8.08	0.000018964201646332895
8.09	0.000018891821686312388
8.1	0.000018819813480409404
8.11	0.000018748174406566426
8.120000000000001	0.000018676901932359692
8.13	0.00001860599358946592
8.14	0.000018535446957984402
8.15	0.000018465259656567783
8.16	0.000018395429336041392
8.17	0.000018325953675163682
8.18	0.00001825683037773074
8.19	0.000018188057170543737
8.2	0.000018119631801942243
8.21	0.000018051552040717223
8.22	0.000017983815675284176
8.23	0.000017916420513039245
8.24	0.000017849364379848195
8.25	0.00001778264511963657
8.26	0.000017716260594063046
8.27	0.000017650208682270075
8.28	0.000017584487280719426
8.290000000000001	0.000017519094303137767
8.3	0.00001745402768062337
8.31	0.00001738928536199164
8.32	0.000017324865314405662
8.33	0.00001726076552392666
8.34	0.0000171969839935248
8.35	0.000017133518729351862
8.36	0.000017070367703626293
8.370000000000001	0.0000170075288518743
8.38	0.000016945000208474027
8.39	0.000016882779940065245
8.4	0.00001682086619878495
8.41	0.000016759257092589137
8.42	0.000016697950724325176
8.43	0.00001663694521062754
8.44	0.000016576238685288926
8.45	0.000016515829298634674
8.46	0.00001645571521650778
8.47	0.00001639589461950558
8.48	0.000016336365702460997
8.49	0.000016277126674083756
8.5	0.00001621817575669689
8.51	0.000016159511186029662
8.52	0.000016101131211044095
8.53	0.00001604303409378236
8.540000000000001	0.000015985218109227216
8.55	0.00001592768154517139
8.56	0.000015870422702092955
8.57	0.00001581343989303518
8.58	0.000015756731443489835
8.59	0.000015700295691283147
8.6	0.00001564413098646412
8.61	0.00001558823569119484
8.620000000000001	0.000015532608179642735
8.63	0.000015477246837874672
8.64	0.000015422150063752893
8.65	0.000015367316266833235
8.66	0.000015312743868265205
8.67	0.000015258431300691783
8.68	0.000015204377008136587
8.69	0.00001515057944584133
8.700000000000001	0.000015097037080050312
8.71	0.000015043748388039458
8.72	0.00001499071185845897
8.73	0.000014937925991074466
8.74	0.000014885389296286898
8.75	0.000014833100295072455
8.76	0.000014781057518998246
8.77	0.000014729259510167945
8.78	0.000014677704821136234
8.790000000000001	0.000014626392014817573
8.8	0.000014575319664395874
8.81	0.000014524486353235846
8.82	0.000014473890674795899
8.83	0.00001442353123254234
8.84	0.00001437340663986472
8.85	0.000014323515519992038
8.86	0.000014273856505910023
8.870000000000001	0.000014224428240279188
8.88	0.00001417522937535384
8.89	0.000014126258572901734
8.9	0.000014077514504124788
8.91	0.000014028995849580337
8.92	0.000013980701299103415
8.93	0.000013932629551729605
8.94	0.000013884779315618746
8.950000000000001	0.000013837149307979408
8.96	0.000013789738254994077
8.97	0.000013742544891745043
8.98	0.000013695567962141062
8.99	0.000013648806218844696
9.	0.000013602258423200141
9.01	0.000013555923345161821
9.02	0.00001350979976322417
9.03	0.000013463886464352613
9.040000000000001	0.000013418182243913832
9.05	0.000013372685905606487
9.06	0.000013327396261393518
9.07	0.000013282312131434995
9.08	0.000013237432344021682
9.09	0.000013192755735509005
9.1	0.000013148281150251716
9.11	0.000013104007440539142
9.120000000000001	0.000013059933466531077
9.13	0.000013016058096194297
9.14	0.000012972380205239553
9.15	0.000012928898677059322
9.16	0.000012885612402666036
9.17	0.00001284252028063093
9.18	0.000012799621217023425
9.19	0.000012756914125351118
9.200000000000001	0.000012714397926500304
9.21	0.00001267207154867709
9.22	0.000012629933927348972
9.23	0.000012587984005187062
9.24	0.000012546220732008741
9.25	0.000012504643064720949
9.26	0.000012463249967263913
9.27	0.000012422040410555418
9.28	0.00001238101337243562
9.290000000000001	0.00001234016783761233
9.3	0.000012299502797606827
9.31	0.000012259017250700118
9.32	0.000012218710201879762
9.33	0.000012178580662787122
9.34	0.000012138627651665123
9.35	0.000012098850193306471
9.36	0.000012059247319002369
9.370000000000001	0.000012019818066491652
9.38	0.000011980561479910476
9.39	0.0000119414766097423
9.4	0.00001190256251276852
9.41	0.00001186381825201939
9.42	0.00001182524289672546
9.43	0.000011786835522269439
9.44	0.000011748595210138496
9.450000000000001	0.000011710521047876972
9.46	0.00001167261212903955
9.47	0.000011634867553144804
9.48	0.000011597286425629172
9.49	0.000011559867857801406
9.5	0.000011522610966797344
9.51	0.000011485514875535101
9.52	0.000011448578712670742
9.53	0.000011411801612554243
9.540000000000001	0.000011375182715185904
9.55	0.000011338721166173158
9.56	0.000011302416116687727
9.57	0.0000112662667234232
9.58	0.000011230272148552957
9.59	0.000011194431559688493
9.6	0.000011158744129838092
9.61	0.000011123209037365922
9.620000000000001	0.00001108782546595139
9.63	0.000011052592604548995
9.64	0.000011017509647348429
9.65	0.000010982575793735075
9.66	0.000010947790248250905
9.67	0.000010913152220555648
9.68	0.00001087866092538836
9.69	0.000010844315582529335
9.700000000000001	0.00001081011541676235
9.71	0.00001077605965783726
9.72	0.000010742147540432933
9.73	0.000010708378304120523
9.74	0.000010674751193327082
9.75	0.000010641265457299536
9.76	0.000010607920350068929
9.77	0.000010574715130415093
9.78	0.00001054164906183158
9.790000000000001	0.00001050872141249098
9.8	0.000010475931455210563
9.81	0.000010443278467418247
9.82	0.000010410761731118903
9.83	0.000010378380532861049
9.84	0.000010346134163703847
9.85	0.000010314021919184451
9.86	0.000010282043099285778
9.870000000000001	0.000010250197008404517
9.88	0.000010218482955319685
9.89	0.000010186900253161379
9.9	0.000010155448219380057
9.91	0.000010124126175716187
9.92	0.000010092933448170277
9.93	0.000010061869366973444
9.94	0.000010030933266558335
9.950000000000001	0.000010000124485530624
9.96	9.969442366641033e-6
9.97	9.938886256757854e-6
9.98	9.90845550684014e-6
9.99	9.87814947191155e-6
10.	9.847967511034892e-6
10.01	9.817908987287502e-6
10.02	9.7879732677375e-6
10.03	9.758159723421034e-6
10.040000000000001	9.728467729320668e-6
10.05	9.69889666434509e-6
10.06	9.669445911310228e-6
10.07	9.64011485692208e-6
10.08	9.610902891761603e-6
10.09	9.581809410271809e-6
10.1	9.552833810747658e-6
10.11	9.523975495329178e-6
10.120000000000001	9.495233869998435e-6
10.13	9.466608344581187e-6
10.14	9.438098332754125e-6
10.15	9.409703252058986e-6
10.16	9.381422523925074e-6
10.17	9.353255573702092e-6
10.18	9.325201830705926e-6
10.19	9.29726072828041e-6
10.200000000000001	9.269431703879442e-6
10.21	9.241714199174842e-6
10.22	9.21410766019702e-6
10.23	9.18661153751813e-6
10.24	9.159225286490336e-6
10.25	9.13194836755646e-6
10.26	9.104780246656369e-6
10.27	9.077720395761524e-6
10.28	9.050768293582772e-6
10.290000000000001	9.023923426514987e-6
10.3	8.997185289909604e-6
10.31	8.970553389806797e-6
10.32	8.944027245321407e-6
10.33	8.917606391972393e-6
10.34	8.891290386396237e-6
10.35	8.865078813125892e-6
10.36	8.838971294509971e-6
10.370000000000001	8.812967505501285e-6
10.38	8.787067196155315e-6
10.39	8.761270226602618e-6
10.4	8.735576622644349e-6
10.41	8.70998666613025e-6
10.42	8.68450104486681e-6
10.43	8.659121104517271e-6
10.44	8.633849269328506e-6
10.450000000000001	8.608689704628473e-6
10.46	8.583649129671731e-6
10.47	8.558736662663858e-6
10.48	8.533957487679635e-6
10.49	8.50928779210956e-6
10.5	8.484644868260694e-6
10.51	8.459961575889044e-6
10.52	8.435296603807126e-6
10.53	8.41073517423576e-6
10.540000000000001	8.38630395676629e-6
10.55	8.361997812060492e-6
10.56	8.337806616228519e-6
10.57	8.313722496558383e-6
10.58	8.289740184191543e-6
10.59	8.265856210697395e-6
10.6	8.242068226506218e-6
10.61	8.218374564239297e-6
10.620000000000001	8.194773976753654e-6
10.63	8.171265481301681e-6
10.64	8.147848265684383e-6
10.65	8.124521630600941e-6
10.66	8.10128495343079e-6
10.67	8.07813766495871e-6
10.68	8.055079234086767e-6
10.69	8.032109157582365e-6
10.700000000000001	8.009226953069201e-6
10.71	7.986432154148163e-6
10.72	7.963724306943463e-6
10.73	7.941102967619251e-6
10.74	7.918567700567751e-6
10.75	7.896118077069278e-6
10.76	7.873753674288323e-6
10.77	7.851474074512406e-6
10.78	7.82927886456825e-6
10.790000000000001	7.807167635369123e-6
10.8	7.785139981560313e-6
10.81	7.763195501238636e-6
10.82	7.741333795728621e-6
10.83	7.719554469402389e-6
10.84	7.697857129533684e-6
10.85	7.676241386178909e-6
10.86	7.654706852079857e-6
10.870000000000001	7.633253142584324e-6
10.88	7.611879875581697e-6
10.89	7.590586671451693e-6
10.9	7.569373153025168e-6
10.91	7.548238945556783e-6
10.92	7.527183676710113e-6
10.93	7.506206976556935e-6
10.94	7.485308477593867e-6
10.950000000000001	7.464487814781568e-6
10.96	7.443744625614954e-6
10.97	7.423078550237528e-6
10.98	7.4024892316209246e-6
10.99	7.3819763158434605e-6
11.	7.361539452522978e-6
11.01	7.3411782954961765e-6
11.02	7.320892503901109e-6
11.03	7.300681743933766e-6
11.040000000000001	7.280545691752078e-6
11.05	7.26048403834935e-6
11.06	7.240496497754592e-6
11.07	7.220582820401003e-6
11.08	7.200742812075483e-6
11.09	7.180976346192198e-6
11.1	7.161283297636519e-6
11.11	7.141663159449693e-6
11.120000000000001	7.12211419355902e-6
11.13	7.102633889235039e-6
11.14	7.083222138719177e-6
11.15	7.0638808512921115e-6
11.16	7.044610904649054e-6
11.17	7.0254120544295715e-6
11.18	7.006283756615185e-6
11.19	6.98722548811307e-6
11.200000000000001	6.968236793498971e-6
11.21	6.9493172698524865e-6
11.22	6.930466548324126e-6
11.23	6.911684281526819e-6
11.24	6.8929701358506156e-6
11.25	6.8743237868878075e-6
11.26	6.8557449166906615e-6
11.27	6.837233212096807e-6
11.28	6.818788363682611e-6
11.290000000000001	6.800410065092844e-6
11.3	6.782098012600509e-6
11.31	6.763851904810646e-6
11.32	6.745671442456128e-6
11.33	6.727556328253407e-6
11.34	6.709506266798156e-6
11.35	6.691520964487894e-6
11.36	6.673600129463221e-6
11.370000000000001	6.655743471562034e-6
11.38	6.6379507022829945e-6
11.39	6.620221534755687e-6
11.4	6.602555683715612e-6
11.41	6.584952865482803e-6
11.42	6.567412797943138e-6
11.43	6.54993520053176e-6
11.44	6.532519794218057e-6
11.450000000000001	6.5151663014918885e-6
11.46	6.497874446350908e-6
11.47	6.480643954288628e-6
11.48	6.463474552283317e-6
11.49	6.446365968787509e-6
11.5	6.429317933718225e-6
11.51	6.412330178447933e-6
11.52	6.395402435796364e-6
11.53	6.378534440023553e-6
11.540000000000001	6.361725926824558e-6
11.55	6.344976633326684e-6
11.56	6.328286298090795e-6
11.57	6.311654661119277e-6
11.58	6.295081463875266e-6
11.59	6.278566449321035e-6
11.6	6.262109361988658e-6
11.61	6.2457099480999874e-6
11.620000000000001	6.229367955735948e-6
11.63	6.213083134918953e-6
11.64	6.196855236854112e-6
11.65	6.180684009965042e-6
11.66	6.164569192015992e-6
11.67	6.148510516837706e-6
11.68	6.1325077437201025e-6
11.69	6.1165606492382415e-6
11.700000000000001	6.100669000476368e-6
11.71	6.08483255612204e-6
11.72	6.069051073786191e-6
11.73	6.0533243126118155e-6
11.74	6.037652033599386e-6
11.75	6.022033999446087e-6
11.76	6.006469974371705e-6
11.77	5.990959723999169e-6
11.78	5.975503015279198e-6
11.790000000000001	5.960099616442468e-6
11.8	5.944749296968042e-6
11.81	5.929451827561227e-6
11.82	5.91420698013709e-6
11.83	5.899014527807315e-6
11.84	5.883874244869173e-6
11.85	5.868785906795801e-6
11.86	5.853749290227384e-6
11.870000000000001	5.838764172962886e-6
11.88	5.8238303339522275e-6
11.89	5.808947553288701e-6
11.9	5.794115612201639e-6
11.91	5.779334293049242e-6
11.92	5.764603379311531e-6
11.93	5.7499226555834e-6
11.94	5.735291907567777e-6
11.950000000000001	5.720710922068841e-6
11.96	5.706179486985348e-6
11.97	5.691697391303962e-6
11.98	5.677264425092699e-6
11.99	5.662880379494425e-6
12.	5.648545046720354e-6
12.01	5.6342582200436875e-6
12.02	5.620019693793218e-6
12.030000000000001	5.6058292633470876e-6
12.040000000000001	5.591686725126515e-6
12.05	5.577591876589667e-6
12.06	5.5635445162255796e-6
12.07	5.549544443548248e-6
12.08	5.5355914590908735e-6
12.09	5.521685364400397e-6
12.1	5.507825962032333e-6
12.11	5.494013055545503e-6
12.120000000000001	5.480246449493906e-6
12.13	5.466525949405862e-6
12.14	5.452851361739941e-6
12.15	5.439222493883867e-6
12.16	5.4256391542905125e-6
12.17	5.41210115248889e-6
12.18	5.3986082989311955e-6
12.19	5.385160404966496e-6
12.200000000000001	5.371757282874481e-6
12.21	5.358398745877589e-6
12.22	5.345084608138507e-6
12.23	5.3318146847540675e-6
12.24	5.318588791748932e-6
12.25	5.305406746069538e-6
12.26	5.292268365578315e-6
12.27	5.279173469048122e-6
12.280000000000001	5.266121876156779e-6
12.290000000000001	5.2531134074817e-6
12.3	5.240147884494614e-6
12.31	5.227225129556304e-6
12.32	5.214344965911403e-6
12.33	5.201507217683257e-6
12.34	5.188711709868786e-6
12.35	5.175958268333419e-6
12.36	5.163246719806037e-6
12.370000000000001	5.1505768918739775e-6
12.38	5.137948612978037e-6
12.39	5.125361712407544e-6
12.4	5.112816020295449e-6
12.41	5.1003113676134386e-6
12.42	5.087847586167105e-6
12.43	5.075424508591116e-6
12.44	5.06304196834446e-6
12.450000000000001	5.050699799705668e-6
12.46	5.038397837768127e-6
12.47	5.026135918435374e-6
12.48	5.013913878416456e-6
12.49	5.0017315552212816e-6
12.5	4.9895887871560605e-6
12.51	4.977485413318719e-6
12.52	4.965421273594377e-6
12.530000000000001	4.9533962086508395e-6
12.540000000000001	4.941410059934133e-6
12.55	4.929462669664062e-6
12.56	4.917553880829779e-6
12.57	4.905683537185344e-6
12.58	4.893851483245273e-6
12.59	4.882057564280205e-6
12.6	4.870301626313067e-6
12.61	4.85858351611483e-6
12.620000000000001	4.846903081199777e-6
12.63	4.835260169821273e-6
12.64	4.823654630967668e-6
12.65	4.8120863143582e-6
12.66	4.8005550704388665e-6
12.67	4.789060750378309e-6
12.68	4.7776032060637305e-6
12.69	4.7661822900968406e-6
12.700000000000001	4.754797855789807e-6
12.71	4.743449757161289e-6
12.72	4.732137848932411e-6
12.73	4.720861986522846e-6
12.74	4.709622026046868e-6
12.75	4.698417824309462e-6
12.76	4.68724923880244e-6
12.77	4.676116127700594e-6
12.780000000000001	4.665018349857862e-6
12.790000000000001	4.653955764803538e-6
12.8	4.642928232738481e-6
12.81	4.63193561453137e-6
12.82	4.6209777717149655e-6
12.83	4.610054566482415e-6
12.84	4.5991658616835595e-6
12.85	4.5883115208212815e-6
12.86	4.577491408047872e-6
12.870000000000001	4.566705388161405e-6
12.88	4.555953326602167e-6
12.89	4.545235089449078e-6
12.9	4.5345505434161494e-6
12.91	4.523899555848964e-6
12.92	4.51328199472118e-6
12.93	4.502697728631055e-6
12.94	4.4921466267979805e-6
12.950000000000001	4.481628559059066e-6
12.96	4.47114339586571e-6
12.97	4.4606910082802365e-6
12.98	4.450271267972496e-6
12.99	4.439884047216533e-6
13.	4.429529218887271e-6
13.01	4.4192066564571915e-6
13.02	4.408916233993059e-6
13.030000000000001	4.398657826152654e-6
13.040000000000001	4.388431308181537e-6
13.05	4.378236555909816e-6
13.06	4.3680734457489515e-6
13.07	4.357941854688572e-6
13.08	4.3478416602933165e-6
13.09	4.3377727406996865e-6
13.1	4.327734974612925e-6
13.11	4.317728241303916e-6
13.120000000000001	4.307752420606101e-6
13.13	4.297807392912411e-6
13.14	4.2878930391722246e-6
13.15	4.27800924088834e-6
13.16	4.2681558801139735e-6
13.17	4.258332839449756e-6
13.18	4.248540002040779e-6
13.19	4.23877725157364e-6
13.200000000000001	4.229044472273498e-6
13.21	4.219341548901174e-6
13.22	4.209668366750242e-6
13.23	4.200024811644156e-6
13.24	4.190410769933387e-6
13.25	4.18082612849258e-6
13.26	4.171270774717727e-6
13.27	4.161744596523363e-6
13.280000000000001	4.15224748233976e-6
13.290000000000001	4.1427793211101814e-6
13.3	4.133340002288097e-6
13.31	4.123929415834454e-6
13.32	4.114547452214955e-6
13.33	4.105194002397357e-6
13.34	4.095868957848762e-6
13.35	4.086572210532975e-6
13.36	4.077303652907814e-6
13.370000000000001	4.068063177922493e-6
13.38	4.058850679014992e-6
13.39	4.049666050109441e-6
13.4	4.040509185613536e-6
13.41	4.031379980415956e-6
13.42	4.0222783298838146e-6
13.43	4.013204129860103e-6
13.44	4.004157276661157e-6
13.450000000000001	3.995137667074159e-6
13.46	3.9861451983546354e-6
13.47	3.97717976822395e-6
13.48	3.968241274866871e-6
13.49	3.9593296169290946e-6
13.5	3.950444693514808e-6
13.51	3.941586404184272e-6
13.52	3.932754648951416e-6
13.530000000000001	3.92394932828143e-6
13.540000000000001	3.915170343088403e-6
13.55	3.9064175947329356e-6
13.56	3.897690985019811e-6
13.57	3.888990416195642e-6
13.58	3.880315790946561e-6
13.59	3.871667012395906e-6
13.6	3.863043984101922e-6
13.61	3.854446610055493e-6
13.620000000000001	3.845874794677859e-6
13.63	3.837328442818387e-6
13.64	3.828807459752308e-6
13.65	3.8203117511785076e-6
13.66	3.8118412232173108e-6
13.67	3.803395782408282e-6
13.68	3.7949753357080514e-6
13.69	3.78657979048813e-6
13.700000000000001	3.7782090545327648e-6
13.71	3.7698630360367975e-6
13.72	3.761541643603528e-6
13.73	3.7532447862426016e-6
13.74	3.744972373367916e-6
13.75	3.7367243147955237e-6
13.76	3.7285005207415707e-6
13.77	3.7203009018202336e-6
13.780000000000001	3.712125369041677e-6
13.790000000000001	3.7039738338100374e-6
13.8	3.6958462079213968e-6
13.81	3.6877424035618052e-6
13.82	3.6796623333052996e-6
13.83	3.6716059101119525e-6
13.84	3.663573047325938e-6
13.85	3.6555636586736253e-6
13.86	3.6475776582616943e-6
13.870000000000001	3.6396149605752886e-6
13.88	3.6316754804762022e-6
13.89	3.623759133201106e-6
13.9	3.6158658343598293e-6
13.91	3.607995499933704e-6
13.92	3.600148046273998e-6
13.93	3.592323390100444e-6
13.94	3.5845214484998994e-6
13.950000000000001	3.5767421389252003e-6
13.96	3.568985379194247e-6
13.97	3.561251087489408e-6
13.98	3.553539182357408e-6
13.99	3.545849582709834e-6
14.	3.538182207824583e-6
14.01	3.5305369773486647e-6
14.02	3.522913811303027e-6
14.030000000000001	3.5153126300904186e-6
14.040000000000001	3.5077333545080482e-6
14.05	3.5001759057677194e-6
14.06	3.492640205528127e-6
14.07	3.485126175947265e-6
14.08	3.477633739768732e-6
14.09	3.4701628204660545e-6
14.1	3.4627133424863953e-6
14.11	3.455285231658581e-6
14.120000000000001	3.447878415835334e-6
14.13	3.440492825674869e-6
14.14	3.4331283944485138e-6
14.15	3.425785051732619e-6
14.16	3.4184626988179907e-6
14.17	3.41116118046558e-6
14.18	3.4038803591642144e-6
14.19	3.396620219357113e-6
14.200000000000001	3.3893807689901385e-6
14.21	3.382161959652098e-6
14.22	3.3749637131551297e-6
14.23	3.367785947050433e-6
14.24	3.3606285814084874e-6
14.25	3.3534915391122933e-6
14.26	3.3463747450775137e-6
14.27	3.3392781255969766e-6
14.280000000000001	3.33220160792104e-6
14.290000000000001	3.3251451200053663e-6
14.3	3.3181085903602584e-6
14.31	3.311091947959299e-6
14.32	3.3040951221826535e-6
14.33	3.2971180427808866e-6
14.34	3.290160639851182e-6
14.35	3.2832228438212155e-6
14.36	3.2763045854378765e-6
14.370000000000001	3.2694057957590863e-6
14.38	3.262526406147687e-6
14.39	3.2556663482666857e-6
14.4	3.24882555407545e-6
14.41	3.2420039558265658e-6
14.42	3.235201486063126e-6
14.43	3.228418077616382e-6
14.44	3.2216536636036102e-6
14.450000000000001	3.2149081774261773e-6
14.46	3.2081815527677266e-6
14.47	3.2014737235924625e-6
14.48	3.194784624143537e-6
14.49	3.188114188941461e-6
14.5	3.181462352782601e-6
14.51	3.1748290507376905e-6
14.52	3.168214218150389e-6
14.530000000000001	3.1616177906358535e-6
14.540000000000001	3.155039704079358e-6
14.55	3.148479894634897e-6
14.56	3.1419382987238428e-6
14.57	3.1354148530335926e-6
14.58	3.1289094945162464e-6
14.59	3.122422160387283e-6
14.6	3.1159527881242586e-6
14.61	3.109501315465519e-6
14.620000000000001	3.103067680408907e-6
14.63	3.0966518212105016e-6
14.64	3.0902536763833468e-6
14.65	3.0838731846962064e-6
14.66	3.07751028517232e-6
14.67	3.0711649170881745e-6
14.68	3.064837019972286e-6
14.69	3.0585265336039934e-6
14.700000000000001	3.052233398012265e-6
14.71	3.0459575534745343e-6
14.72	3.0396989405155346e-6
14.73	3.0334574999061837e-6
14.74	3.0272331726624857e-6
14.75	3.0210259000445064e-6
14.76	3.014835623555388e-6
14.77	3.0086622849405073e-6
14.780000000000001	3.002505826186773e-6
14.790000000000001	2.996366189522199e-6
14.8	2.990243317415893e-6
14.81	2.9841371525787645e-6
14.82	2.978047637965425e-6
14.83	2.971974716778162e-6
14.84	2.9659183324743603e-6
14.85	2.959878428779277e-6
14.86	2.953854949704245e-6
14.870000000000001	2.947847839556151e-6
14.88	2.941857042858648e-6
14.89	2.9358825039317564e-6
14.9	2.929924166032482e-6
14.91	2.9239819720160717e-6
14.92	2.9180558675435065e-6
14.93	2.912145800317096e-6
14.94	2.906251717118649e-6
14.950000000000001	2.900373563877093e-6
14.96	2.8945112864742568e-6
14.97	2.888664831038318e-6
14.98	2.8828341439816634e-6
14.99	2.877019171983519e-6
15.	2.87121986197067e-6
15.01	2.8654361611041163e-6
15.02	2.8596680167705856e-6
15.030000000000001	2.8539153765770685e-6
15.040000000000001	2.848178188347155e-6
15.05	2.8424564001184018e-6
15.06	2.8367499601403227e-6
15.07	2.8310588168727607e-6
15.08	2.8253829189844723e-6
15.09	2.819722215351868e-6
15.1	2.814076655057855e-6
15.11	2.8084461873907228e-6
15.120000000000001	2.8028307618430965e-6
15.13	2.7972303281109062e-6
15.14	2.791644836092388e-6
15.15	2.7860742358870948e-6
15.16	2.780518477794932e-6
15.17	2.774977512315195e-6
15.18	2.76945129014562e-6
15.19	2.7639397621814467e-6
15.200000000000001	2.758442879514483e-6
15.21	2.7529605934321823e-6
15.22	2.747492855416718e-6
15.23	2.7420396171440763e-6
15.24	2.736600830483143e-6
15.25	2.731176447494806e-6
15.26	2.7257664204310576e-6
15.27	2.720370701734096e-6
15.280000000000001	2.714989244035452e-6
15.290000000000001	2.7096220001550918e-6
15.3	2.704268923100555e-6
15.31	2.6989299660660717e-6
15.32	2.693605082431701e-6
15.33	2.688294225762464e-6
15.34	2.6829973498074973e-6
15.35	2.6777144084991823e-6
15.36	2.6724453559523165e-6
15.370000000000001	2.6671901464632543e-6
15.38	2.6619487345090785e-6
15.39	2.656721074746763e-6
15.4	2.65150712201234e-6
15.41	2.6463068313200877e-6
15.42	2.6411201578616982e-6
15.43	2.6359470570054764e-6
15.44	2.6307874842955368e-6
15.450000000000001	2.625641395451003e-6
15.46	2.62050874636524e-6
15.47	2.6153894931050887e-6
15.48	2.6102835919101484e-6
15.49	2.6051909991921047e-6
15.5	2.600111671534121e-6
15.51	2.595045565690201e-6
15.52	2.589992638583965e-6
15.530000000000001	2.5849528473048044e-6
15.540000000000001	2.5799261490991875e-6
15.55	2.5749125013706066e-6
15.56	2.569911861708171e-6
15.57	2.5649241878899415e-6
15.58	2.559949437851469e-6
15.59	2.55498756968042e-6
15.6	2.5500385416240508e-6
15.610000000000001	2.545102312092193e-6
15.620000000000001	2.5401788396571644e-6
15.63	2.5352680830529112e-6
15.64	2.530370001174102e-6
15.65	2.52548455307526e-6
15.66	2.520611697969967e-6
15.67	2.5157513952300856e-6
15.68	2.5109036043850264e-6
15.69	2.5060682851210076e-6
15.700000000000001	2.501245397280342e-6
15.71	2.496434900860718e-6
15.72	2.4916367560144965e-6
15.73	2.486850923048009e-6
15.74	2.4820773624208616e-6
15.75	2.4773160347452407e-6
15.76	2.4725669007852233e-6
15.77	2.467829921456098e-6
15.780000000000001	2.463105057823675e-6
15.790000000000001	2.4583922711036176e-6
15.8	2.4536915226607592e-6
15.81	2.44900277400844e-6
15.82	2.4443259868078387e-6
15.83	2.439661122867305e-6
15.84	2.435008144141706e-6
15.85	2.43036701273176e-6
15.860000000000001	2.4257376908833965e-6
15.870000000000001	2.421120140987096e-6
15.88	2.4165143255772464e-6
15.89	2.4119202073314972e-6
15.9	2.407337749070128e-6
15.91	2.4027669137554016e-6
15.92	2.398207664490936e-6
15.93	2.393659964521076e-6
15.94	2.3891237772302594e-6
15.950000000000001	2.3845990661423996e-6
15.96	2.380085794920263e-6
15.97	2.3755839273648497e-6
15.98	2.371093427414786e-6
15.99	2.3666142591457016e-6
16.	2.3621463867696316e-6
16.01	2.357689774634406e-6
16.02	2.3532443872230546e-6
16.03	2.3488101891531976e-6
16.04	2.344387145176461e-6
16.05	2.339975220177876e-6
16.06	2.335574379175295e-6
16.07	2.3311845873188002e-6
16.080000000000002	2.3268058098901267e-6
16.09	2.3224380123020763e-6
16.1	2.318081160097943e-6
16.11	2.3137352189509156e-6
16.12	2.309400154663462e-6
16.13	2.3050759331667855e-6
16.14	2.3007625205203913e-6
16.15	2.29645988291155e-6
16.16	2.29216798665456e-6
16.17	2.2878867981901906e-6
16.18	2.283616284085162e-6
16.19	2.2793564110316046e-6
16.2	2.275107145846525e-6
16.21	2.2708684554712482e-6
16.22	2.2666403069708805e-6
16.23	2.2624226675337585e-6
16.240000000000002	2.2582155044709213e-6
16.25	2.2540187852155637e-6
16.26	2.249832477322508e-6
16.27	2.2456565484676777e-6
16.28	2.2414909664475562e-6
16.29	2.23733569917868e-6
16.3	2.2331907146970955e-6
16.31	2.229055981157859e-6
16.32	2.224931466834502e-6
16.330000000000002	2.220817140118528e-6
16.34	2.2167129695188985e-6
16.35	2.212618923661514e-6
16.36	2.20853497128872e-6
16.37	2.204461081258789e-6
16.38	2.200397222545434e-6
16.39	2.1963433642372914e-6
16.4	2.1922994755374387e-6
16.41	2.188265525762888e-6
16.42	2.1842414843441007e-6
16.43	2.1802273208244984e-6
16.44	2.176223004859968e-6
16.45	2.1722285062183854e-6
16.46	2.1682437947791234e-6
16.47	2.164268840532584e-6
16.48	2.1603036135797074e-6
16.490000000000002	2.1563480841315014e-6
16.5	2.152402222508576e-6
16.51	2.1484659991406556e-6
16.52	2.1445393845661307e-6
16.53	2.140622349431569e-6
16.54	2.1367148644912727e-6
16.55	2.1328169006068047e-6
16.56	2.128928428746531e-6
16.57	2.1250494199851618e-6
16.580000000000002	2.121179845503303e-6
16.59	2.117319676587004e-6
16.6	2.113468884627288e-6
16.61	2.109627441119732e-6
16.62	2.1057953176639994e-6
16.63	2.1019724859634085e-6
16.64	2.09815891782448e-6
16.65	2.0943545851565094e-6
16.66	2.0905594599711156e-6
16.67	2.08677351438182e-6
16.68	2.0829967206036026e-6
16.69	2.079229050952474e-6
16.7	2.07547047784505e-6
16.71	2.0717209737981195e-6
16.72	2.067980511428222e-6
16.73	2.0642490634512202e-6
16.740000000000002	2.0605266026818913e-6
16.75	2.0568131020334957e-6
16.76	2.053108534517361e-6
16.77	2.049412873242481e-6
16.78	2.045726091415082e-6
16.79	2.0420481623382343e-6
16.8	2.0383790594114223e-6
16.81	2.0347187561301534e-6
16.82	2.0310672260855468e-6
16.830000000000002	2.027424442963931e-6
16.84	2.023790380546446e-6
16.85	2.0201650127086374e-6
16.86	2.0165483134200685e-6
16.87	2.0129402567439157e-6
16.88	2.009340816836584e-6
16.89	2.0057499679473104e-6
16.9	2.002167684417774e-6
16.91	1.9985939406817127e-6
16.92	1.995028711264531e-6
16.93	1.991471970782929e-6
16.94	1.987923693944499e-6
16.95	1.9843838555473688e-6
16.96	1.9808524304798043e-6
16.97	1.977329393719847e-6
16.98	1.9738147203349267e-6
16.990000000000002	1.970308385481499e-6
17.	1.9668103644046707e-6
17.01	1.9633206324378265e-6
17.02	1.9598391650022674e-6
17.03	1.956365937606838e-6
17.04	1.9529009258475723e-6
17.05	1.949444105407315e-6
17.06	1.945995452055382e-6
17.07	1.9425549416471837e-6
17.080000000000002	1.939122550123875e-6
17.09	1.9356982535120004e-6
17.1	1.9322820279231383e-6
17.11	1.928873849553549e-6
17.12	1.9254736946838195e-6
17.13	1.9220815396785283e-6
17.14	1.918697360985881e-6
17.150000000000002	1.915321135137376e-6
17.16	1.9119528387474586e-6
17.17	1.9085924485131753e-6
17.18	1.9052399412138353e-6
17.19	1.9018952937106688e-6
17.2	1.8985584829464993e-6
17.21	1.8952294859453904e-6
17.22	1.8919082798123293e-6
17.23	1.88859484173288e-6
17.240000000000002	1.8852891489728607e-6
17.25	1.8819911788780122e-6
17.26	1.878700908873666e-6
17.27	1.8754183164644235e-6
17.28	1.8721433792338264e-6
17.29	1.8688760748440375e-6
17.3	1.8656163810355108e-6
17.31	1.8623642756266823e-6
17.32	1.85911973651364e-6
17.330000000000002	1.8558827416698138e-6
17.34	1.8526532691456616e-6
17.35	1.8494312970683396e-6
17.36	1.8462168036414096e-6
17.37	1.8430097671445129e-6
17.38	1.8398101659330655e-6
17.39	1.8366179784379513e-6
17.400000000000002	1.8334331831652088e-6
17.41	1.8302557586957307e-6
17.42	1.8270856836849567e-6
17.43	1.8239229368625745e-6
17.44	1.820767497032209e-6
17.45	1.8176193430711363e-6
17.46	1.8144784539299694e-6
17.47	1.8113448086323732e-6
17.48	1.8082183862747573e-6
17.490000000000002	1.8050991660259967e-6
17.5	1.8019871271271247e-6
17.51	1.7988822488910412e-6
17.52	1.7957845107022347e-6
17.53	1.7926938920164795e-6
17.54	1.7896103723605558e-6
17.55	1.7865339313319583e-6
17.56	1.783464548598615e-6
17.57	1.7804022038986003e-6
17.580000000000002	1.7773468770398555e-6
17.59	1.7742985478999054e-6
17.6	1.7712571964255748e-6
17.61	1.768222802632717e-6
17.62	1.7651953466059338e-6
17.63	1.7621748084982933e-6
17.64	1.759161168531066e-6
17.650000000000002	1.7561544069934396e-6
17.66	1.753154504242258e-6
17.67	1.7501614407017391e-6
17.68	1.7471751968632147e-6
17.69	1.7441957532848529e-6
17.7	1.7412230905914008e-6
17.71	1.738257189473906e-6
17.72	1.7352980306894664e-6
17.73	1.7323455950609508e-6
17.740000000000002	1.7293998634767478e-6
17.75	1.7264608168905055e-6
17.76	1.723528436320856e-6
17.77	1.720602702851179e-6
17.78	1.7176835976293226e-6
17.79	1.7147711018673647e-6
17.8	1.7118651968413447e-6
17.81	1.70896586389102e-6
17.82	1.7060730844196026e-6
17.830000000000002	1.703186839893518e-6
17.84	1.7003071118421508e-6
17.85	1.6974338818575919e-6
17.86	1.694567131594401e-6
17.87	1.6917068427693535e-6
17.88	1.688852997161201e-6
17.89	1.686005576610429e-6
17.900000000000002	1.6831645630190192e-6
17.91	1.680329938350221e-6
17.92	1.677501684628311e-6
17.93	1.674679783938388e-6
17.94	1.6718642184261523e-6
17.95	1.669054970297725e-6
17.96	1.6662520218194933e-6
17.97	1.663455355318005e-6
17.98	1.6606649531799615e-6
17.990000000000002	1.6578807978523696e-6
18.	1.6551028718429168e-6
18.01	1.6523311577205564e-6
18.02	1.6495656381155564e-6
18.03	1.6468062957150116e-6
18.04	1.6440531132423303e-6
18.05	1.6413060734218228e-6
18.06	1.6385651590230122e-6
18.07	1.6358303529911993e-6
18.080000000000002	1.6331016383873546e-6
18.09	1.630378998275569e-6
18.1	1.6276624157364867e-6
18.11	1.624951873898734e-6
18.12	1.6222473559489586e-6
18.13	1.6195488451326964e-6
18.14	1.6168563247533993e-6
18.150000000000002	1.6141697781714829e-6
18.16	1.6114891888036197e-6
18.17	1.6088145401222262e-6
18.18	1.6061458156550818e-6
18.19	1.6034829989849989e-6
18.2	1.6008260737495556e-6
18.21	1.5981750236408327e-6
18.22	1.5955298324051863e-6
18.23	1.5928904838430143e-6
18.240000000000002	1.5902569618085375e-6
18.25	1.5876292502095876e-6
18.26	1.5850073330073847e-6
18.27	1.5823911942163372e-6
18.28	1.5797808179038236e-6
18.29	1.5771761881899951e-6
18.3	1.5745772892475642e-6
18.31	1.5719841053016022e-6
18.32	1.5693966206293336e-6
18.330000000000002	1.5668148195599394e-6
18.34	1.5642386864743538e-6
18.35	1.5616682058050588e-6
18.36	1.5591033620358976e-6
18.37	1.556544139701863e-6
18.38	1.5539905233889098e-6
18.39	1.5514424977337535e-6
18.400000000000002	1.5489000474236786e-6
18.41	1.5463631571963425e-6
18.42	1.5438318118395785e-6
18.43	1.5413059961912108e-6
18.44	1.5387856951388546e-6
18.45	1.5362708936197314e-6
18.46	1.533761576620474e-6
18.47	1.5312577291769438e-6
18.48	1.528759336374031e-6
18.490000000000002	1.5262663833454802e-6
18.5	1.5237788552736954e-6
18.51	1.521296737389553e-6
18.52	1.518820014972225e-6
18.53	1.5163486733489833e-6
18.54	1.5138826978950271e-6
18.55	1.511422074033292e-6
18.56	1.508966787234272e-6
18.57	1.506516823015837e-6
18.580000000000002	1.5040721669430534e-6
18.59	1.5016328046280041e-6
18.6	1.4991987217296087e-6
18.61	1.4967699039534476e-6
18.62	1.494346337051581e-6
18.63	1.4919280068223782e-6
18.64	1.4895148991103352e-6
18.650000000000002	1.4871069998059057e-6
18.66	1.4847042948453248e-6
18.67	1.4823067702104322e-6
18.68	1.4799144119285038e-6
18.69	1.4775272060720785e-6
18.7	1.475145138758789e-6
18.71	1.4727681961511858e-6
18.72	1.4703963644565746e-6
18.73	1.4680296299268404e-6
18.740000000000002	1.4656679788582871e-6
18.75	1.463311397591465e-6
18.76	1.460959872511003e-6
18.77	1.4586133900454518e-6
18.78	1.4562719366671077e-6
18.79	1.453935498891863e-6
18.8	1.4516040632790332e-6
18.81	1.4492776164312098e-6
18.82	1.4469561449940967e-6
18.830000000000002	1.444639635656376e-6
18.84	1.4423280751495558e-6
18.85	1.440021450247828e-6
18.86	1.4377197477678093e-6
18.87	1.4354229545679082e-6
18.88	1.4331310575472462e-6
18.89	1.4308440436463784e-6
18.900000000000002	1.428561899850574e-6
18.91	1.426284613188537e-6
18.92	1.4240121707291757e-6
18.93	1.4217445595816485e-6
18.94	1.4194817668960466e-6
18.95	1.4172237798635445e-6
18.96	1.4149705857162726e-6
18.97	1.4127221717271557e-6
18.98	1.4104785252097345e-6
18.990000000000002	1.4082396335180068e-6
19.	1.4060054840462674e-6
19.01	1.4037760642289507e-6
19.02	1.4015513615404849e-6
19.03	1.3993313634951344e-6
19.04	1.397116057646859e-6
19.05	1.3949054315891572e-6
19.06	1.392699472954927e-6
19.07	1.390498169416313e-6
19.080000000000002	1.3883015086845653e-6
19.09	1.3861094785098937e-6
19.1	1.3839220666813203e-6
19.11	1.3817392610265412e-6
19.12	1.3795610494117776e-6
19.13	1.3773874197416385e-6
19.14	1.3752183599589747e-6
19.150000000000002	1.3730538580447409e-6
19.16	1.3708939020178542e-6
19.17	1.3687384799350516e-6
19.18	1.3665875798907548e-6
19.19	1.3644411900169272e-6
19.2	1.36229929848294e-6
19.21	1.3601618934954294e-6
19.22	1.3580289632981654e-6
19.23	1.3559004961719093e-6
19.240000000000002	1.3537764804342832e-6
19.25	1.3516569044396311e-6
19.26	1.3495417565788846e-6
19.27	1.347431025279431e-6
19.28	1.3453246990049757e-6
19.29	1.3432227662554134e-6
19.3	1.3411252155666922e-6
19.31	1.3390320355106834e-6
19.32	1.3369432146950493e-6
19.330000000000002	1.3348587417631143e-6
19.34	1.3327786053937316e-6
19.35	1.330702794301153e-6
19.36	1.3286312972349057e-6
19.37	1.326564102979655e-6
19.38	1.324501200355083e-6
19.39	1.3224425782157574e-6
19.400000000000002	1.3203882254510053e-6
19.41	1.3183381309847882e-6
19.42	1.3162922837755727e-6
19.43	1.3142506728162084e-6
19.44	1.3122132871338e-6
19.45	1.3101801157895852e-6
19.46	1.308151147878808e-6
19.47	1.3061263725305993e-6
19.48	1.3041057789078488e-6
19.490000000000002	1.302089356207089e-6
19.5	1.3000770936583683e-6
19.51	1.2980689805251276e-6
19.52	1.296065006104089e-6
19.53	1.2940651597251228e-6
19.54	1.29206943075114e-6
19.55	1.290077808577962e-6
19.56	1.2880902826342122e-6
19.57	1.2861068423811867e-6
19.580000000000002	1.2841274773127453e-6
19.59	1.2821521769551924e-6
19.6	1.2801809308671528e-6
19.61	1.2782137286394514e-6
19.62	1.2762505598949929e-6
19.63	1.2742914142886746e-6
19.64	1.2723362815072839e-6
19.650000000000002	1.2703851512693564e-6
19.66	1.268438013325045e-6
19.67	1.2664948574560175e-6
19.68	1.2645556734753504e-6
19.69	1.2626204512274111e-6
19.7	1.2606891805877553e-6
19.71	1.2587618514630038e-6
19.72	1.2568384537907413e-6
19.73	1.254918977539397e-6
19.740000000000002	1.2530034127081411e-6
19.75	1.2510917493267707e-6
19.76	1.2491839774555998e-6
19.77	1.2472800871853539e-6
19.78	1.2453800686370567e-6
19.79	1.2434839119619268e-6
19.8	1.241591607341266e-6
19.81	1.239703144986355e-6
19.82	1.237818515138342e-6
19.830000000000002	1.235937708068142e-6
19.84	1.2340607140763295e-6
19.85	1.2321875234930284e-6
19.86	1.2303181266778114e-6
19.87	1.2284525140195939e-6
19.88	1.2265906759365315e-6
19.89	1.2247326028759102e-6
19.900000000000002	1.2228782853140522e-6
19.91	1.2210277137562065e-6
19.92	1.2191808787364458e-6
19.93	1.217337770817568e-6
19.94	1.2154983805909928e-6
19.95	1.2136626986766604e-6
19.96	1.211830715722929e-6
19.97	1.210002422406478e-6
19.98	1.2081778094322036e-6
19.990000000000002	1.2063568675331222e-6
20.	1.2045395874702714e-6