0.	0.
0.01	0.000017674437711828582
0.02	0.00003535895503562053
0.03	0.00005306364671792239
0.04	0.00007079863781863609
0.05	0.00008857409897838317
0.06	0.00010640026181929382
0.07	0.00012428743452469983
0.08	0.00014224601764408458
0.09	0.00016028652017074162
0.1	0.0001784195759409331
0.11	0.00019665596040492552
0.12	0.0002150066078221277
0.13	0.00023348262893467143
0.14	0.0002520953291761874
0.15	0.0002708562274752427
0.16	0.0002897770757159523
0.17	0.0003088698789216709
0.18	0.0003281469162314515
0.19	0.00034762076274313507
0.2	0.000367304312301568
0.21	0.00038721080131554617
0.22	0.0004073538336927176
0.23	0.0004277474069878679
0.24	0.00044840593986683993
0.25	0.00046934430099583574
0.26	0.0004905778394740953
0.27	0.0005121224169370221
0.28	0.0005339944414667862
0.29	0.0005562109034584092
0.3	0.0005787894136013861
0.31	0.0006017482431501896
0.32	0.0006251063666715966
0.33	0.0006488835074728981
0.34	0.0006731001859327879
0.35000000000000003	0.0006977777709763194
0.36	0.0007229385349569238
0.37	0.000748605712232392
0.38	0.0007748035617481097
0.39	0.0008015574339701017
0.4	0.0008288938425428312
0.41000000000000003	0.0008568405410826164
0.42	0.0008854266055574538
0.43	0.0009146825227483421
0.44	0.0009446402853365527
0.45	0.0009753334942162601
0.46	0.00100679746869322
0.47000000000000003	0.0010390693652986467
0.48	0.001072188306023951
0.49	0.0011061955168676957
0.5	0.0011411344776821432
0.51	0.0011770510844146026
0.52	0.0012139938249599534
0.53	0.0012520139699771842
0.54	0.0012911657801765743
0.55	0.0013315067317578463
0.56	0.0013730977618760312
0.5700000000000001	0.0014160035362342663
0.58	0.0014602927411551758
0.59	0.0015060384027693846
0.6	0.0015533182362863116
0.61	0.0016022150286849187
0.62	0.0016528170585877148
0.63	0.001705218557568603
0.64	0.00175952021770401
0.65	0.0018158297508190692
0.66	0.0018742625056203846
0.67	0.0019349421497605736
0.68	0.0019980014248671967
0.6900000000000001	0.0020635829837133066
0.7000000000000001	0.002131840320036657
0.71	0.0022029388030634965
0.72	0.002277056830601082
0.73	0.002354387116679588
0.74	0.002435138132207828
0.75	0.0025195357200298966
0.76	0.002607824909218527
0.77	0.0027002719575220744
0.78	0.0027971666557260965
0.79	0.0028988249334576644
0.8	0.00300559181284889
0.81	0.003117844764730733
0.8200000000000001	0.003235997531954037
0.8300000000000001	0.0033605044964126825
0.84	0.0034918656808514675
0.85	0.0036306324941805025
0.86	0.0037774143505499196
0.87	0.003932886318831793
0.88	0.004097797991646915
0.89	0.004272983803251633
0.9	0.0044593750755146395
0.91	0.004658014133528879
0.92	0.004870070910596257
0.93	0.005096862560961273
0.9400000000000001	0.005339876723792629
0.9500000000000001	0.005600799241556556
0.96	0.005881547340860838
0.97	0.006184309548608509
0.98	0.006511593960650993
0.99	0.006866286931164478
1.	0.007251724846137899
1.01	0.007671782435870781
1.02	0.008130982142709072
1.03	0.008634630495802544
1.04	0.009188989404320414
1.05	0.009801492981789438
1.06	0.010481024276205994
1.07	0.011238271577449005
1.08	0.012086191518584968
1.09	0.0130406170685604
1.1	0.01412106441274652
1.11	0.015351816276080888
1.12	0.016763394674475948
1.1300000000000001	0.018394590218125027
1.1400000000000001	0.02029529921712649
1.1500000000000001	0.02253055292095826
1.16	0.025186337742314338
1.17	0.028378157961007622
1.18	0.03226388389478454
1.19	0.03706344062229368
1.2	0.04308965638505424
1.21	0.05079770849287266
1.22	0.060866141011588805
1.23	0.07433206101931654
1.24	0.09281848700328135
1.25	0.11890895676394299
1.26	0.1567041207359948
1.27	0.21232841310560055
1.28	0.2927883712935033
1.29	0.3971368455055292
1.3	0.4919377519465096
1.31	0.5082043365401746
1.32	0.43119238034080154
1.33	0.32611293839285854
1.34	0.24002807859603859
1.35	0.18026388013531397
1.36	0.14066640461146046
1.37	0.11465432401092347
1.3800000000000001	0.09767845167748374
1.3900000000000001	0.08692073197471571
1.4000000000000001	0.08071760430365077
1.41	0.07815719412289147
1.42	0.07885445195240318
1.43	0.08285709179619864
1.44	0.09065611403112181
1.45	0.10330394234235528
1.46	0.12267195559807607
1.47	0.1518936665621746
1.48	0.19594703428349666
1.49	0.2616895228779093
1.5	0.35399386734553134
1.51	0.459128620168624
1.52	0.5208174543543282
1.53	0.48440406903648553
1.54	0.38527258704181155
1.55	0.2886425266784225
1.56	0.21819142610267928
1.57	0.1717816587964535
1.58	0.14263454253334076
1.59	0.12558481901467564
1.6	0.11764071068906125
1.61	0.11756130062937585
1.62	0.12558698915423155
1.6300000000000001	0.1434732821573051
1.6400000000000001	0.17464635666422615
1.6500000000000001	0.22345309841232922
1.6600000000000001	0.28965953201053923
1.67	0.3524592392983315
1.68	0.36579346326837403
1.69	0.31590042290408765
1.7	0.24515820566352478
1.71	0.1869986758438174
1.72	0.14758300007814654
1.73	0.12331402430194696
1.74	0.11030279860376818
1.75	0.1063878704398685
1.76	0.11118248983494299
1.77	0.12583036832575412
1.78	0.15203380302196826
1.79	0.1877077320841026
1.8	0.21712127084031
1.81	0.21453006471772612
1.82	0.18056259555873455
1.83	0.14097582206822568
1.84	0.11066003145757101
1.85	0.09116103502790478
1.86	0.08041535986368804
1.87	0.07681919845857714
1.8800000000000001	0.07992116935565251
1.8900000000000001	0.08992589452704099
1.9000000000000001	0.10543402582064094
1.9100000000000001	0.11847520629045341
1.92	0.11614912701005477
1.93	0.09856940282306406
1.94	0.07843662026896543
1.95	0.06318652026701721
1.96	0.05367610103435875
1.97	0.049017532697707644
1.98	0.04856831114934253
1.99	0.051978076306936946
2.	0.057861899858830904
2.0100000000000002	0.061542878273899385
2.02	0.05772556839853213
2.0300000000000002	0.0484533159529089
2.04	0.039397810270220976
2.05	0.03299947440506846
2.06	0.029326374812263366
2.07	0.02799854276921607
2.08	0.0286552120416329
2.09	0.030386992964851974
2.1	0.030895954708389687
2.11	0.028280661350505627
2.12	0.02393562305619273
2.13	0.020081831463816816
2.14	0.01748139665444409
2.15	0.01609035705599628
2.16	0.015708661003083164
2.17	0.015943658824283193
2.18	0.015884973243829988
2.19	0.014685601269458162
2.2	0.012783370532354425
2.21	0.01107091938128624
2.22	0.009887091269357322
2.23	0.009219507397085092
2.24	0.008951247885958781
2.25	0.008819839410777845
2.2600000000000002	0.008415950877781376
2.27	0.0076426365421573255
2.2800000000000002	0.0068206920282148625
2.29	0.0061810159809633685
2.3000000000000003	0.005759701513589734
2.31	0.005513991921771097
2.32	0.005340990180206873
2.33	0.005088559777022906
2.34	0.004720642144359845
2.35	0.004348883371249976
2.36	0.004051865516118153
2.37	0.0038389059771129766
2.38	0.0036869748317310547
2.39	0.00354754184292122
2.4	0.003375464937337322
2.41	0.0031847621426908915
2.42	0.003013234537019496
2.43	0.00287464092193082
2.44	0.002764309233724262
2.45	0.002667069198596624
2.46	0.002565203675476915
2.47	0.002458427284829972
2.48	0.0023588554026233105
2.49	0.0022722222724672987
2.5	0.002197104106201705
2.5100000000000002	0.0021281107076514495
2.52	0.002059605235899465
2.5300000000000002	0.001991940263323818
2.54	0.0019286500996863174
2.5500000000000003	0.0018709765277140568
2.56	0.0018179643782540672
2.57	0.0017675702853719307
2.58	0.0017184919319939388
2.59	0.0016713514951518108
2.6	0.0016269204105432977
2.61	0.0015851451530991393
2.62	0.0015454384384795288
2.63	0.0015071763503285982
2.64	0.0014702918091656061
2.65	0.001434998210740097
2.66	0.0014013025655891299
2.67	0.0013690143871468044
2.68	0.0013378985019275194
2.69	0.0013078673573275763
2.7	0.0012789424435134512
2.71	0.0012510987278392107
2.72	0.001224252407825536
2.73	0.0011983089065251654
2.74	0.0011732180852321399
2.75	0.0011489592686153508
2.7600000000000002	0.001125499276921766
2.77	0.0011027910195135872
2.7800000000000002	0.0010807891106754926
2.79	0.0010594626518028658
2.8000000000000003	0.001038786634710369
2.81	0.0010187328359544962
2.82	0.000999271386489769
2.83	0.000980375545677399
2.84	0.000962022939074113
2.85	0.0009441922211105661
2.86	0.000926861947641702
2.87	0.0009100115819099679
2.88	0.0008936224480882456
2.89	0.0008776771611428061
2.9	0.0008621589273723673
2.91	0.0008470516183216618
2.92	0.0008323400498098451
2.93	0.0008180099262137711
2.94	0.0008040475928432585
2.95	0.000790439981798532
2.96	0.0007771746586393097
2.97	0.0007642398056069528
2.98	0.0007516241374695631
2.99	0.0007393168595399444
3.	0.000727307659130175
3.0100000000000002	0.0007155866853809809
3.02	0.0007041445124114204
3.0300000000000002	0.0006929721129039168
3.04	0.0006820608411937792
3.0500000000000003	0.0006714024143726367
3.06	0.0006609888906195627
3.0700000000000003	0.000650812650996018
3.08	0.0006408663840118835
3.09	0.0006311430702256386
3.1	0.0006216359670971564
3.11	0.0006123385953360451
3.12	0.0006032447263166017
3.13	0.000594348369975499
3.14	0.000585643763357043
3.15	0.0005771253599603602
3.16	0.0005687878197061687
3.17	0.0005606259994138008
3.18	0.0005526349438234189
3.19	0.0005448098771387556
3.2	0.0005371461950242415
3.21	0.0005296394570285035
3.22	0.0005222853794200003
3.23	0.0005150798284040698
3.24	0.0005080188136932682
3.25	0.0005010984824121408
3.2600000000000002	0.0004943151133166522
3.27	0.000487665111307807
3.2800000000000002	0.0004811450022220324
3.29	0.00047475142788248116
3.3000000000000003	0.0004684811413957508
3.31	0.00046233100267974533
3.3200000000000003	0.00045629797420960474
3.33	0.00045037911696937575
3.34	0.0004445715865978859
3.35	0.00043887262971811325
3.36	0.0004332795804400389
3.37	0.00042778985702759546
3.38	0.00042240095872095106
3.39	0.0004171104627059301
3.4	0.0004119160212228878
3.41	0.00040681535880784654
3.42	0.0004018062696591583
3.43	0.0003968866151233738
3.44	0.0003920543212944057
3.45	0.00038730737672043066
3.46	0.00038264383021333374
3.47	0.0003780617887558172
3.48	0.00037355941550160494
3.49	0.00036913492786446356
3.5	0.0003647865956920278
3.5100000000000002	0.000360512739520684
3.52	0.00035631172890800486
3.5300000000000002	0.0003521819808394568
3.54	0.0003481219582063375
3.5500000000000003	0.0003441301683520934
3.56	0.0003402051616843882
3.5700000000000003	0.00033634553035048
3.58	0.00033254990697366107
3.59	0.0003288169634486926
3.6	0.0003251454097943583
3.61	0.00032153399306143304
3.62	0.00031798149629454
3.63	0.0003144867375465536
3.64	0.0003110485689443803
3.65	0.0003076658758051251
3.66	0.0003043375758018498
3.67	0.0003010626181783083
3.68	0.0002978399830122451
3.69	0.0002946686805270576
3.7	0.00029154775045183074
3.71	0.00028847626142999844
3.72	0.00028545331047712374
3.73	0.000282478022488574
3.74	0.00027954954979814714
3.75	0.0002766670717890412
3.7600000000000002	0.0002738297945589019
3.77	0.00027103695064108565
3.7800000000000002	0.0002682877987847046
3.79	0.00026558162379651854
3.8000000000000003	0.00026291773644827735
3.81	0.0002602954734537514
3.8200000000000003	0.0002577141975203769
3.83	0.00025517329748125364
3.84	0.0002526721885141372
3.85	0.00025021031245511485
3.86	0.0002477871382158529
3.87	0.0002454021623146824
3.88	0.0002430549095333863
3.89	0.00024074493371340045
3.9	0.00023847181870728242
3.91	0.0002362351795038103
3.92	0.00023403466354799323
3.93	0.00023186995228069763
3.94	0.00022974076292662623
3.95	0.00022764685056412135
3.96	0.0002255880105158782
3.97	0.0002235640811062988
3.98	0.00022157494683912798
3.99	0.00021962054205844006
4.	0.00021770085516734588
4.01	0.00021581593349234436
4.0200000000000005	0.00021396588889758975
4.03	0.00021215090427311725
4.04	0.00021037124104505986
4.05	0.00020862724788514472
4.0600000000000005	0.00020691937083253256
4.07	0.00020524816508502632
4.08	0.00020361430877092023
4.09	0.0002020186190799868
4.1	0.00020046207121581308
4.11	0.00019894582073644643
4.12	0.00019747122998204126
4.13	0.00019603989945475293
4.14	0.00019465370522787104
4.15	0.00019331484373195235
4.16	0.0001920258856140725
4.17	0.00019078984081735963
4.18	0.00018961023761591484
4.19	0.0001884912191120053
4.2	0.00018743766172309766
4.21	0.00018645532154671206
4.22	0.00018555101631934578
4.23	0.00018473285316420834
4.24	0.0001840105157136162
4.25	0.0001833956288771179
4.26	0.000182902226066964
4.2700000000000005	0.0001825473529238976
4.28	0.00018235185476839555
4.29	0.00018234141406140038
4.3	0.0001825479320807359
4.3100000000000005	0.00018301139050647838
4.32	0.00018378239118179015
4.33	0.00018492566821086978
4.34	0.00018652501603203306
4.3500000000000005	0.00018869031432487118
4.36	0.00019156771427394922
4.37	0.00019535468356883713
4.38	0.0002003226726458606
4.39	0.00020685199317115104
4.4	0.00021548669566366077
4.41	0.00022702289262399358
4.42	0.0002426540103864777
4.43	0.00026421378221986344
4.44	0.0002945846695530542
4.45	0.0003383651168466131
4.46	0.0004028264812270499
4.47	0.0004985971794178528
4.48	0.0006366711941098726
4.49	0.0008100662464467165
4.5	0.0009508982017781536
4.51	0.0009466771750036196
4.5200000000000005	0.0008005778422847979
4.53	0.0006258911961067183
4.54	0.0004875883800935563
4.55	0.0003913083878555213
4.5600000000000005	0.0003258939605597175
4.57	0.00028083371844739096
4.58	0.00024897594480353664
4.59	0.00022580349253674555
4.6000000000000005	0.00020848469851061758
4.61	0.00019521744892948018
4.62	0.00018482857180922058
4.63	0.00017653556333552058
4.64	0.0001698041083932849
4.65	0.000164261402129012
4.66	0.00015964227762045588
4.67	0.00015575497129411266
4.68	0.00015245889734364398
4.69	0.00014964993216851685
4.7	0.00014725050224218575
4.71	0.0001452028145119387
4.72	0.00014346419133989358
4.73	0.00014200385142635612
4.74	0.00014080071499327355
4.75	0.0001398419636754593
4.76	0.00013912218719083853
4.7700000000000005	0.00013864302075175273
4.78	0.00013841323276853553
4.79	0.00013844927124758403
4.8	0.00013877632740189356
4.8100000000000005	0.0001394300346470315
4.82	0.00014045900080625546
4.83	0.00014192848620258976
4.84	0.0001439257143905235
4.8500000000000005	0.0001465675753604017
4.86	0.00015001192112425136
4.87	0.00015447437963362126
4.88	0.00016025383725084186
4.89	0.00016777184694537537
4.9	0.0001776349105186889
4.91	0.00019073512734011296
4.92	0.00020841628712776506
4.93	0.00023275229608157484
4.94	0.00026701448283681826
4.95	0.0003164267347285149
4.96	0.00038920073121096843
4.97	0.0004970143592121878
4.98	0.0006503797051328487
4.99	0.0008349154751857679
5.	0.000965875000436286
5.01	0.0009320726856722356
5.0200000000000005	0.0007655851585752994
5.03	0.0005860248725421221
5.04	0.0004486204897502157
5.05	0.00035393124007620857
5.0600000000000005	0.00028971307484030093
5.07	0.0002454643609681932
5.08	0.00021418743629393836
5.09	0.0001914811223785492
5.1000000000000005	0.0001745835788413456
5.11	0.00016173265966080926
5.12	0.00015177849858603125
5.13	0.00014395329094720144
5.14	0.00013773342957697115
5.15	0.0001327555009325663
5.16	0.0001287640748938205
5.17	0.00012557865459672497
5.18	0.0001230724732474992
5.19	0.00012115884720445093
5.2	0.00011978254710955442
5.21	0.00011891469993834434
5.22	0.00011855040188074469
5.23	0.00011870868998141874
5.24	0.00011943490890828195
5.25	0.00012080591270423434
5.26	0.00012293906077004755
5.2700000000000005	0.00012600674357980628
5.28	0.00013025943797716726
5.29	0.0001360624517387918
5.3	0.00014395530516979568
5.3100000000000005	0.00015474940317145017
5.32	0.0001696913180398342
5.33	0.00019073768546321677
5.34	0.00022100897490408427
5.3500000000000005	0.0002654673680083125
5.36	0.00033155297236976786
5.37	0.0004278995653794831
5.38	0.0005539131547722922
5.39	0.000670051054311519
5.4	0.0006917429947319385
5.41	0.0005974936829576504
5.42	0.00046625030902798455
5.43	0.0003573319281433459
5.44	0.0002805790207994514
5.45	0.00022851407280254993
5.46	0.00019290989683249253
5.47	0.00016799306906660597
5.48	0.00015009428479741287
5.49	0.00013691820654732122
5.5	0.00012701255667017404
5.51	0.00011943998960699498
5.5200000000000005	0.00011358286339029465
5.53	0.00010902710680671863
5.54	0.00010549229459900143
5.55	0.00010278900009321327
5.5600000000000005	0.00010079267956474701
5.57	0.0000994280116907125
5.58	0.00009866032348192177
5.59	0.00009849240159251578
5.6000000000000005	0.0000989661588289928
5.61	0.00010016966185925391
5.62	0.00010225124329988773
5.63	0.00010544420733178293
5.64	0.0001101085895190203
5.65	0.0001168015144453916
5.66	0.0001263962449732771
5.67	0.0001402824339629983
5.68	0.0001606875022288199
5.69	0.00019110223163153282
5.7	0.0002363913081474122
5.71	0.0003004406454013519
5.72	0.00037525356105806305
5.73	0.00042296854961811845
5.74	0.0004013607148918577
5.75	0.0003305617912877175
5.76	0.0002583989269691753
5.7700000000000005	0.00020413669419362985
5.78	0.00016686628216881536
5.79	0.0001415402451813567
5.8	0.0001240299414735357
5.8100000000000005	0.0001116156791502204
5.82	0.00010259225724674387
5.83	0.00009589130044058206
5.84	0.00009083350786871741
5.8500000000000005	0.00008697957560939781
5.86	0.00008404211299731834
5.87	0.00008183354049854273
5.88	0.00008023533632880809
5.89	0.00007918045021794836
5.9	0.0000786445198333648
5.91	0.00007864389859988419
5.92	0.00007924023995519538
5.93	0.00008055307330509818
5.94	0.00008278401838431582
5.95	0.00008625970569992185
5.96	0.0000915058068928679
5.97	0.00009937105903653508
5.98	0.00011121716268542964
5.99	0.0001291186748608851
6.	0.00015562346694202622
6.01	0.0001912293725337104
6.0200000000000005	0.00022632227404222673
6.03	0.0002367694775882307
6.04	0.0002121056204341139
6.05	0.00017352901418329358
6.0600000000000005	0.00014031547286552106
6.07	0.00011660057012436768
6.08	0.00010043649903329949
6.09	0.00008935790405719299
6.1000000000000005	0.00008159236624328256
6.11	0.00007600852626168779
6.12	0.00007190094078272546
6.13	0.00006882723488589272
6.140000000000001	0.00006650678769821995
6.15	0.00006476087052175465
6.16	0.0000634778747978405
6.17	0.00006259364813872143
6.18	0.0000620814581421737
6.19	0.00006194897141357543
6.2	0.00006224164817636908
6.21	0.00006305378105016769
6.22	0.00006455062157558383
6.23	0.00006700800665077733
6.24	0.00007087854108329374
6.25	0.00007688657617706439
6.26	0.00008609174328225549
6.2700000000000005	0.00009956539347923184
6.28	0.00011648535363369833
6.29	0.00012984139386918285
6.3	0.00012853593879781774
6.3100000000000005	0.00011343695044653233
6.32	0.00009585782259834627
6.33	0.0000820056173611563
6.34	0.00007232887344138347
6.3500000000000005	0.00006570577075024928
6.36	0.00006110238125665523
6.37	0.000057819706553301275
6.38	0.00005541852540542299
6.390000000000001	0.0000536260797057276
6.4	0.000052272349284962624
6.41	0.00005125168769822974
6.42	0.000050500774334909216
6.43	0.00004998663697990404
6.44	0.000049701305513538076
6.45	0.000049661666876238866
6.46	0.000049914659210495744
6.47	0.00005054947908399897
6.48	0.00005172002785239533
6.49	0.00005368055117904316
6.5	0.0000568244424984105
6.51	0.00006164339472488255
6.5200000000000005	0.00006826156530945176
6.53	0.00007490449144230428
6.54	0.00007692854381767867
6.55	0.00007209754135920262
6.5600000000000005	0.00006441145727598562
6.57	0.00005770809195628447
6.58	0.000052860006476369366
6.59	0.00004950325594095894
6.6000000000000005	0.000047156450074210106
6.61	0.000045471433366998813
6.62	0.000044226311600030344
6.63	0.00004328381350654972
6.640000000000001	0.000042559534847494815
6.65	0.00004200240884534814
6.66	0.000041583643112285754
6.67	0.00004129110982744082
6.68	0.0000411275801553039
6.69	0.00004111235162046118
6.7	0.00004128678460054352
6.71	0.00004172493290853733
6.72	0.00004254915139130809
6.73	0.000043938628012841016
6.74	0.00004606376460482127
6.75	0.000048732652471874056
6.76	0.00005066531659752259
6.7700000000000005	0.00005004652224935929
6.78	0.000047238334332382665
6.79	0.000044147337333779924
6.8	0.00004171754789010467
6.8100000000000005	0.000039983273470241745
6.82	0.000038752004056149653
6.83	0.00003785433225299519
6.84	0.00003717719774035518
6.8500000000000005	0.00003665023556039068
6.86	0.00003623055495647474
6.87	0.00003589266650929861
6.88	0.00003562272279388556
6.890000000000001	0.000035415699396367405
6.9	0.00003527472659345978
6.91	0.00003521238180263461
6.92	0.00003525417022826414
6.93	0.000035444069951092236
6.94	0.00003584780937090751
6.95	0.00003652970068896417
6.96	0.00003742459977078628
6.97	0.00003806586409085878
6.98	0.000037764772714807816
6.99	0.000036627475867241764
7.	0.00003536871025063025
7.01	0.00003435571406865519
7.0200000000000005	0.00003360667151968866
7.03	0.000033049876714995775
7.04	0.00003262129156659453
7.05	0.00003227812010449289
7.0600000000000005	0.00003199386405834051
7.07	0.000031752629201933547
7.08	0.00003154539437865156
7.09	0.000031367985365563395
7.1000000000000005	0.00003122028683879421
7.11	0.00003110646505453069
7.12	0.0000310361668718713
7.13	0.000031026414947270735
7.140000000000001	0.000031101638899744205
7.15	0.00003127954181276794
7.16	0.000031509975569364725
7.17	0.00003158474376389802
7.18	0.00003129663327492518
7.19	0.00003077251126099802
7.2	0.00003025615050643997
7.21	0.000029837299022094706
7.22	0.000029507845766504995
7.23	0.00002924146278713163
7.24	0.00002901727391675716
7.25	0.00002882177484636007
7.26	0.000028646771100320606
7.2700000000000005	0.00002848754420759719
7.28	0.000028341754969294514
7.29	0.000028208952750395713
7.3	0.000028090564569647516
7.3100000000000005	0.00002799029352585209
7.32	0.000027914657351145993
7.33	0.000027872052480784292
7.34	0.000027863860365138336
7.3500000000000005	0.00002785614563923931
7.36	0.000027764019062842397
7.37	0.00002755033174627324
7.38	0.000027289238806512958
7.390000000000001	0.00002704842999266075
7.4	0.00002684244890150661
7.41	0.000026664453114376404
7.42	0.000026505801490673232
7.43	0.000026360331597223487
7.44	0.00002622419996415758
7.45	0.000026095159989686304
7.46	0.00002597204708358612
7.47	0.00002585452048968976
7.48	0.000025743014129207912
7.49	0.00002563884648192053
7.5	0.000025544316273532935
7.51	0.000025461927581149093
7.5200000000000005	0.000025389848466547838
7.53	0.00002531121926950285
7.54	0.000025197853501306116
7.55	0.000025050056099954162
7.5600000000000005	0.000024895952413265805
7.57	0.000024751878827718447
7.58	0.000024619302050269456
7.59	0.000024495445304116967
7.6000000000000005	0.00002437769450776103
7.61	0.000024264298172246568
7.62	0.000024154200596582384
7.63	0.000024046824653256936
7.640000000000001	0.000023941941454514658
7.65	0.000023839625253128186
7.66	0.00002374027035923729
7.67	0.00002364459444781119
7.68	0.00002355329202598924
7.69	0.000023465310263949803
7.7	0.000023374440188247527
7.71	0.00002327222895075724
7.72	0.000023160679205447048
7.73	0.00002304870436870686
7.74	0.000022940566406033096
7.75	0.00002283635725770367
7.76	0.000022735164616197055
7.7700000000000005	0.000022636202926460366
7.78	0.000022538960088139324
7.79	0.000022443136811173117
7.8	0.000022348584309194945
7.8100000000000005	0.000022255271899696232
7.82	0.000022163280507498615
7.83	0.00002207280070948191
7.84	0.000021984045945118453
7.8500000000000005	0.000021896793061755167
7.86	0.000021809349671901742
7.87	0.000021719033395078156
7.88	0.000021626015103509544
7.890000000000001	0.000021532997237029594
7.9	0.00002144147437088007
7.91	0.000021351557021410712
7.92	0.000021262978153879028
7.930000000000001	0.00002117549491038941
7.94	0.000021088950209613052
7.95	0.00002100325723993687
7.96	0.00002091838103421574
7.97	0.000020834329309300102
7.98	0.000020751150261050017
7.99	0.000020668922919676012
8.	0.000020587685634571302
8.01	0.000020507193631087034
8.02	0.000020426720787608138
8.03	0.00002034586295425333
8.040000000000001	0.000020265290962211393
8.05	0.000020185746431006272
8.06	0.000020107494375280438
8.07	0.00002003060468083612
8.08	0.000019955164453638134
8.09	0.00001988134377402546
8.1	0.000019809423007112546
8.11	0.000019739827997754726
8.120000000000001	0.000019673190911969003
8.13	0.000019610452558308062
8.14	0.000019553028717384865
8.15	0.000019503069952865785
8.16	0.000019463865213523273
8.17	0.000019440596608997296
8.18	0.000019441731761357013
8.19	0.000019479910981278756
8.2	0.000019567881052880214
8.21	0.00001969623470131139
8.22	0.000019783409813206492
8.23	0.000019699849149426056
8.24	0.000019455231287184784
8.25	0.000019181527901794068
8.26	0.00001895136977232771
8.27	0.000018770079941300058
8.28	0.00001862457460577154
8.290000000000001	0.000018502766712284505
8.3	0.00001839644765100981
8.31	0.000018300390103859874
8.32	0.000018211305058578725
8.33	0.000018127164835352207
8.34	0.000018046678041420353
8.35	0.000017968960680777948
8.36	0.000017893391471962183
8.370000000000001	0.000017819530662517353
8.38	0.000017747063189197454
8.39	0.000017675759708856258
8.4	0.000017605450623697382
8.41	0.00001753600877372806
8.42	0.00001746733748722876
8.43	0.000017399360818940658
8.44	0.000017332012467662136
8.45	0.000017265228270244427
8.46	0.00001719896186788054
8.47	0.000017133196215175344
8.48	0.000017067919441090298
8.49	0.000017003113691189445
8.5	0.00001693876034397186
8.51	0.000016874843314611016
8.52	0.00001681134944994284
8.53	0.000016748268141126713
8.540000000000001	0.000016685590915239155
8.55	0.0000166233111025655
8.56	0.000016561423366280445
8.57	0.00001649992250444071
8.58	0.000016438801751624432
8.59	0.000016378055338286018
8.6	0.000016317684396255177
8.61	0.00001625769342090055
8.620000000000001	0.000016198085467395164
8.63	0.00001613886316890605
8.64	0.000016080030313958505
8.65	0.000016021592497913133
8.66	0.000015963557455973644
8.67	0.000015905935414233926
8.68	0.00001584873954843307
8.69	0.00001579198653621609
8.700000000000001	0.00001573569709965972
8.71	0.000015679896724855314
8.72	0.000015624617939791955
8.73	0.00001556990371479327
8.74	0.000015515809065140472
8.75	0.00001546240362713922
8.76	0.00001540977709935742
8.77	0.000015358046865143457
8.78	0.000015307368548573303
8.790000000000001	0.00001525795130919469
8.8	0.000015210080605155773
8.81	0.00001516415279740364
8.82	0.000015120728886456718
8.83	0.0000150806198581159
8.84	0.000015045025527918591
8.85	0.000015015765154349944
8.86	0.000014995664367362081
8.870000000000001	0.000014989201035154229
8.88	0.00001500352425457622
8.89	0.000015049712715502466
8.9	0.000015142583357770228
8.91	0.00001529112788628014
8.92	0.00001546023935292533
8.93	0.000015523777864794543
8.94	0.000015376821944867163
8.950000000000001	0.000015108708210822206
8.96	0.000014852734076185608
8.97	0.000014651879793233403
8.98	0.000014499193708341166
8.99	0.000014379719192952109
9.	0.000014281931359090525
9.01	0.000014198338975064584
9.02	0.000014124245906995564
9.03	0.000014056692575899066
9.040000000000001	0.000013993776692125511
9.05	0.000013934245638891349
9.06	0.000013877254004868924
9.07	0.000013822217613816763
9.08	0.000013768723897959704
9.09	0.00001371647564574386
9.1	0.000013665254871373098
9.11	0.000013614899078846438
9.120000000000001	0.000013565285377755133
9.13	0.000013516319654950015
9.14	0.000013467929057811164
9.15	0.000013420056695282167
9.16	0.000013372657852938516
9.17	0.00001332569725978294
9.18	0.000013279147098240269
9.19	0.000013232985549704668
9.200000000000001	0.00001318719573820961
9.21	0.000013141764974731533
9.22	0.00001309668422560881
9.23	0.000013051947768915876
9.24	0.000013007553018473115
9.25	0.000012963500498291353
9.26	0.00001291979396574582
9.27	0.000012876440695880447
9.28	0.000012833451952944003
9.290000000000001	0.000012790843692430658
9.3	0.000012748637560322559
9.31	0.000012706862290092238
9.32	0.000012665555646206682
9.33	0.000012624767132668708
9.34	0.000012584561799872163
9.35	0.0000125450256598772
9.36	0.00001250627349755566
9.370000000000001	0.000012468460322831427
9.38	0.000012431798471805064
9.39	0.000012396583659665638
9.4	0.00001236323553236857
9.41	0.000012332362215732422
9.42	0.00001230486537861536
9.43	0.000012282114672217279
9.44	0.000012266240945092334
9.450000000000001	0.000012260625260641351
9.46	0.000012270663746717483
9.47	0.000012304677742596996
9.48	0.00001237356812104883
9.49	0.000012482880074368079
9.5	0.000012602953580660514
9.51	0.00001263785141861582
9.52	0.000012518797489183444
9.53	0.000012319260649873286
9.540000000000001	0.000012133016727953187
9.55	0.000011987351659506538
9.56	0.000011876103526927375
9.57	0.000011788410779165186
9.58	0.000011716083540706323
9.59	0.000011653825802046321
9.6	0.000011598319379516435
9.61	0.000011547470960999694
9.620000000000001	0.000011499933028383046
9.63	0.000011454816904724161
9.64	0.0000114115220026194
9.65	0.00001136963291084475
9.66	0.00001132885611344035
9.67	0.000011288980202893117
9.68	0.00001124985030203113
9.69	0.000011211351268607676
9.700000000000001	0.000011173396449672598
9.71	0.000011135920019682785
9.72	0.000011098871682534235
9.73	0.000011062212966497454
9.74	0.000011025914616812808
9.75	0.000010989954764014522
9.76	0.000010954317657763658
9.77	0.000010918992830291436
9.78	0.0000108839746052424
9.790000000000001	0.000010849261906221046
9.8	0.000010814858351187907
9.81	0.000010780772649125158
9.82	0.00001074701934895366
9.83	0.000010713620033231334
9.84	0.000010680605108594221
9.85	0.000010648016433384517
9.86	0.00001061591116035392
9.870000000000001	0.000010584367392547643
9.88	0.000010553492612405217
9.89	0.000010523436452682588
9.9	0.000010494410422756027
9.91	0.000010466719031333973
9.92	0.000010440809983909045
9.93	0.000010417356870667739
9.94	0.000010397397631906541
9.950000000000001	0.00001038256720181111
9.96	0.000010375476102245732
9.97	0.000010380244675347918
9.98	0.000010402836822422878
9.99	0.000010449130123007297
10.	0.000010513929176995695
10.01	0.000010557072926639536
10.02	0.000010517636748479802
10.03	0.000010403289091421619
10.040000000000001	0.000010276901886981253
10.05	0.000010171590281603276
10.06	0.000010089288664347675
10.07	0.000010023717138158865
10.08	9.969190103982454e-6
10.09	9.921872132307465e-6
10.1	9.879344534930851e-6
10.11	9.840089975918908e-6
10.120000000000001	9.803141217992042e-6
10.13	9.767867329085188e-6
10.14	9.733846559961166e-6
10.15	9.700790266140911e-6
10.16	9.668496568708314e-6
10.17	9.636821517182993e-6
10.18	9.605660744478758e-6
10.19	9.574937549484821e-6
10.200000000000001	9.544595008278654e-6
10.21	9.51459067020596e-6
10.22	9.48489295364041e-6
10.23	9.455478690278183e-6
10.24	9.426331471841163e-6
10.25	9.397440583091369e-6
10.26	9.3688003915411e-6
10.27	9.340410126328645e-6
10.28	9.312274029094854e-6
10.290000000000001	9.284401908119798e-6
10.3	9.256810182970001e-6
10.31	9.229523582294905e-6
10.32	9.202577769822002e-6
10.33	9.176023352106564e-6
10.34	9.149932016784887e-6
10.35	9.124406052602496e-6
10.36	9.099593377142347e-6
10.370000000000001	9.075711744062952e-6
10.38	9.053088543434777e-6
10.39	9.032227359952646e-6
10.4	9.013919926659019e-6
10.41	8.999429857488702e-6
10.42	8.990760907790652e-6
10.43	8.99087521754003e-6
10.44	9.002999036358964e-6
10.450000000000001	9.025912735128252e-6
10.46	9.041963670097927e-6
10.47	9.018664164757226e-6
10.48	8.953167055003134e-6
10.49	8.877237884098878e-6
10.5	8.81114105017219e-6
10.51	8.757301788716441e-6
10.52	8.712639973123517e-6
10.53	8.67408761876843e-6
10.540000000000001	8.639532718782237e-6
10.55	8.60763785011486e-6
10.56	8.577564895323226e-6
10.57	8.548781157237499e-6
10.58	8.520940399428372e-6
10.59	8.493812061851521e-6
10.6	8.467238984908625e-6
10.61	8.441111742061744e-6
10.620000000000001	8.41535272975894e-6
10.63	8.389906094308862e-6
10.64	8.364731229258242e-6
10.65	8.339798511456617e-6
10.66	8.315086479809044e-6
10.67	8.290579974675177e-6
10.68	8.266268945329206e-6
10.69	8.242147752250285e-6
10.700000000000001	8.21821487174975e-6
10.71	8.194472972127802e-6
10.72	8.170929387254552e-6
10.73	8.147597078119275e-6
10.74	8.124496261308152e-6
10.75	8.101657019513127e-6
10.76	8.079123433679895e-6
10.77	8.056960161714466e-6
10.78	8.035263065594692e-6
10.790000000000001	8.014176687804849e-6
10.8	7.993923465110187e-6
10.81	7.974852912676846e-6
10.82	7.957522832500689e-6
10.83	7.942820748642175e-6
10.84	7.932078526671286e-6
10.85	7.926845940846627e-6
10.86	7.92703554677563e-6
10.870000000000001	7.925604968593658e-6
10.88	7.907388076776283e-6
10.89	7.868411872158386e-6
10.9	7.822799577162316e-6
10.91	7.781247333038304e-6
10.92	7.74555158395186e-6
10.93	7.714375270796464e-6
10.94	7.686239510749394e-6
10.950000000000001	7.66010512462704e-6
10.96	7.635311057158013e-6
10.97	7.611443257091629e-6
10.98	7.588239164419504e-6
10.99	7.565528628758517e-6
11.	7.543198718142943e-6
11.01	7.521172736307819e-6
11.02	7.499397521368811e-6
11.03	7.477835604909305e-6
11.040000000000001	7.456460276133165e-6
11.05	7.435252424511598e-6
11.06	7.414198503172491e-6
11.07	7.393289224957932e-6
11.08	7.372518762933801e-6
11.09	7.351884326850742e-6
11.1	7.331386055278489e-6
11.11	7.311027218029571e-6
11.120000000000001	7.2908147791144435e-6
11.13	7.270760441589227e-6
11.14	7.250882402900452e-6
11.15	7.231208226733878e-6
11.16	7.2117795446873796e-6
11.17	7.19265984221814e-6
11.18	7.173947520287271e-6
11.19	7.155797907275357e-6
11.200000000000001	7.138459493847e-6
11.21	7.122327348551742e-6
11.22	7.107989297823615e-6
11.23	7.0961026508852365e-6
11.24	7.086502522436949e-6
11.25	7.075827479931357e-6
11.26	7.057518660075941e-6
11.27	7.030576165634727e-6
11.28	7.001302478422448e-6
11.290000000000001	6.973975950187336e-6
11.3	6.949185790304173e-6
11.31	6.926325887228981e-6
11.32	6.9047706036338455e-6
11.33	6.884086092320207e-6
11.34	6.863997143915606e-6
11.35	6.844331299903272e-6
11.36	6.824979026914947e-6
11.370000000000001	6.805869215412987e-6
11.38	6.786954601323903e-6
11.39	6.76820307200965e-6
11.4	6.749592403628001e-6
11.41	6.7311070176062555e-6
11.42	6.712735950253958e-6
11.43	6.694471572851096e-6
11.44	6.676308795090945e-6
11.450000000000001	6.658244599345388e-6
11.46	6.640277824455546e-6
11.47	6.622409167513725e-6
11.48	6.604641414749374e-6
11.49	6.586979960288911e-6
11.5	6.569433738553025e-6
11.51	6.552016804115839e-6
11.52	6.53475097834842e-6
11.53	6.517670303827029e-6
11.540000000000001	6.50082857639703e-6
11.55	6.484311914634835e-6
11.56	6.46825827239522e-6
11.57	6.452879751658294e-6
11.58	6.438448411009383e-6
11.59	6.425074048875771e-6
11.6	6.411916381527762e-6
11.61	6.396505957540967e-6
11.620000000000001	6.377334601668521e-6
11.63	6.356408180927847e-6
11.64	6.335966684816245e-6
11.65	6.316597225596334e-6
11.66	6.298123512554666e-6
11.67	6.280276898666009e-6
11.68	6.262858516859174e-6
11.69	6.245740275001526e-6
11.700000000000001	6.228841890934477e-6
11.71	6.212112627203304e-6
11.72	6.1955197585855235e-6
11.73	6.179041680333071e-6
11.74	6.162663812631828e-6
11.75	6.146376139202983e-6
11.76	6.130171705360609e-6
11.77	6.11404569145856e-6
11.78	6.097994843483753e-6
11.790000000000001	6.0820171376341365e-6
11.8	6.066111612548695e-6
11.81	6.050278340307787e-6
11.82	6.034518537201434e-6
11.83	6.0188348467353e-6
11.84	6.003231870368341e-6
11.85	5.987717090263099e-6
11.86	5.9723024448218654e-6
11.870000000000001	5.957007009768519e-6
11.88	5.9418614993562485e-6
11.89	5.92691536146671e-6
11.9	5.9122454400596536e-6
11.91	5.897954007840178e-6
11.92	5.884099675444458e-6
11.93	5.870426697651335e-6
11.94	5.85605007570007e-6
11.950000000000001	5.84026870864189e-6
11.96	5.823727168531054e-6
11.97	5.807335515061506e-6
11.98	5.791377081795595e-6
11.99	5.775799911445008e-6
12.	5.760500554183397e-6
12.01	5.74539986570424e-6
12.02	5.730446436927974e-6
12.030000000000001	5.7156079918913606e-6
12.040000000000001	5.700864138601295e-6
12.05	5.686201733551942e-6
12.06	5.671612105364483e-6
12.07	5.6570894080152035e-6
12.08	5.642629635936892e-6
12.09	5.628230028625966e-6
12.1	5.613888710399091e-6
12.11	5.599604478924683e-6
12.120000000000001	5.5853766959268715e-6
12.13	5.571205258579087e-6
12.14	5.55709064897155e-6
12.15	5.54303407778707e-6
12.16	5.529037763074458e-6
12.17	5.515105423759351e-6
12.18	5.501243130685775e-6
12.19	5.487460749970302e-6
12.200000000000001	5.473774276576261e-6
12.21	5.46020899052592e-6
12.22	5.446800649967956e-6
12.23	5.43357999082985e-6
12.24	5.420496965529638e-6
12.25	5.40728538201303e-6
12.26	5.393622476075065e-6
12.27	5.379633909465397e-6
12.280000000000001	5.365682778987119e-6
12.290000000000001	5.351932353649783e-6
12.3	5.3383933041178204e-6
12.31	5.32504452732366e-6
12.32	5.311856702004671e-6
12.33	5.2987440548718134e-6
12.34	5.285538119320144e-6
12.35	5.27217176141289e-6
12.36	5.25877886706255e-6
12.370000000000001	5.245475122816185e-6
12.38	5.232281938110967e-6
12.39	5.219184719257115e-6
12.4	5.20616669178672e-6
12.41	5.193215914067857e-6
12.42	5.18032476087948e-6
12.43	5.167488519118386e-6
12.44	5.154704368682606e-6
12.450000000000001	5.141970793870311e-6
12.46	5.129287311554713e-6
12.47	5.116654444971656e-6
12.48	5.104073937892533e-6
12.49	5.091549264131631e-6
12.5	5.0790864985205595e-6
12.51	5.066695323898466e-6
12.52	5.054388228395462e-6
12.530000000000001	5.042169542319523e-6
12.540000000000001	5.029997482088466e-6
12.55	5.0177540201576745e-6
12.56	5.0053716233065925e-6
12.57	4.992947612011618e-6
12.58	4.980585669314949e-6
12.59	4.96831173164893e-6
12.6	4.956116934730843e-6
12.61	4.943988473545297e-6
12.620000000000001	4.931916891239465e-6
12.63	4.91989605176718e-6
12.64	4.907922054806181e-6
12.65	4.895992382833349e-6
12.66	4.884105364512169e-6
12.67	4.872259855008257e-6
12.68	4.860455047259193e-6
12.69	4.848690360469144e-6
12.700000000000001	4.836965375075781e-6
12.71	4.8252797973877815e-6
12.72	4.813633445550947e-6
12.73	4.802026254250655e-6
12.74	4.790458300575025e-6
12.75	4.778929859409192e-6
12.76	4.7674415051748475e-6
12.77	4.7559942878665215e-6
12.780000000000001	4.7445900153434915e-6
12.790000000000001	4.733231608721747e-6
12.8	4.721923078273835e-6
12.81	4.710666962551444e-6
12.82	4.699453799334235e-6
12.83	4.688248362284026e-6
12.84	4.6770195088050535e-6
12.85	4.665790922652936e-6
12.86	4.654600801946635e-6
12.870000000000001	4.643461916779393e-6
12.88	4.632372356888845e-6
12.89	4.621327735091156e-6
12.9	4.610324608263969e-6
12.91	4.5993606890274485e-6
12.92	4.588434497664374e-6
12.93	4.577545059236366e-6
12.94	4.566691708970917e-6
12.950000000000001	4.555873976158573e-6
12.96	4.545091516233024e-6
12.97	4.534344071542069e-6
12.98	4.523631449679109e-6
12.99	4.512953513492302e-6
13.	4.502310180218575e-6
13.01	4.491701429672466e-6
13.02	4.481127323883167e-6
13.030000000000001	4.470588043690046e-6
13.040000000000001	4.460083951676685e-6
13.05	4.4496156919528155e-6
13.06	4.439184313876783e-6
13.07	4.428791259865589e-6
13.08	4.418437475404945e-6
13.09	4.40811989064851e-6
13.1	4.397827429112059e-6
13.11	4.387551882294563e-6
13.120000000000001	4.3773030189680944e-6
13.13	4.367094568788804e-6
13.14	4.356933209976686e-6
13.15	4.3468231433676015e-6
13.16	4.336770915025983e-6
13.17	4.3267879393587746e-6
13.18	4.316891071631143e-6
13.19	4.307094584473397e-6
13.200000000000001	4.2973719997842605e-6
13.21	4.287589322116982e-6
13.22	4.277587314438799e-6
13.23	4.267429592546087e-6
13.24	4.257292327133842e-6
13.25	4.247250246676988e-6
13.26	4.237301424249409e-6
13.27	4.227427372333905e-6
13.280000000000001	4.217612708877706e-6
13.290000000000001	4.207847261460661e-6
13.3	4.198124675511528e-6
13.31	4.1884410457934904e-6
13.32	4.178794024568657e-6
13.33	4.169182229174541e-6
13.34	4.159604521967759e-6
13.35	4.150058535903865e-6
13.36	4.140539745480825e-6
13.370000000000001	4.131045786162248e-6
13.38	4.121579591213762e-6
13.39	4.11214403082044e-6
13.4	4.1027395586413355e-6
13.41	4.093365637139794e-6
13.42	4.084021659069504e-6
13.43	4.07470714897165e-6
13.44	4.065421752200432e-6
13.450000000000001	4.056165196441803e-6
13.46	4.046937262353429e-6
13.47	4.037737764941818e-6
13.48	4.028566542264643e-6
13.49	4.0194234486605954e-6
13.5	4.01030835079984e-6
13.51	4.001221125638347e-6
13.52	3.992161659893024e-6
13.530000000000001	3.983129851072518e-6
13.540000000000001	3.974125610507476e-6
13.55	3.965148869198471e-6
13.56	3.956199586962586e-6
13.57	3.947277760613767e-6
13.58	3.938383402691524e-6
13.59	3.929516384486525e-6
13.6	3.920676010168417e-6
13.61	3.911860991955611e-6
13.620000000000001	3.903071015088732e-6
13.63	3.894307111660963e-6
13.64	3.885569974023592e-6
13.65	3.8768596219654135e-6
13.66	3.868175853975912e-6
13.67	3.85951846532201e-6
13.68	3.850887288326609e-6
13.69	3.8422821870567795e-6
13.700000000000001	3.83370304770342e-6
13.71	3.825149772001287e-6
13.72	3.816622273662891e-6
13.73	3.8081204769330637e-6
13.74	3.7996443166510306e-6
13.75	3.7911937395556804e-6
13.76	3.782768706855385e-6
13.77	3.774369198346246e-6
13.780000000000001	3.7659952186611527e-6
13.790000000000001	3.7576468065920455e-6
13.8	3.7493240486702473e-6
13.81	3.7410270971436964e-6
13.82	3.7327561853384107e-6
13.83	3.7245116108867254e-6
13.84	3.7162936654351523e-6
13.85	3.7081027665222413e-6
13.86	3.699940082753595e-6
13.870000000000001	3.691807783983328e-6
13.88	3.68370898545994e-6
13.89	3.6756484016414023e-6
13.9	3.667633524466392e-6
13.91	3.6596757346039977e-6
13.92	3.651788724219655e-6
13.93	3.6439736788002295e-6
13.94	3.636174086097919e-6
13.950000000000001	3.6282573855070394e-6
13.96	3.6201760060366694e-6
13.97	3.612049454030765e-6
13.98	3.6039778410365695e-6
13.99	3.595980544011168e-6
14.	3.588046332116862e-6
14.01	3.580161880820928e-6
14.02	3.5723176841165313e-6
14.030000000000001	3.564507651006798e-6
14.040000000000001	3.5567279411685043e-6
14.05	3.5489760957644638e-6
14.06	3.541250484224735e-6
14.07	3.5335499476286646e-6
14.08	3.5258736134215525e-6
14.09	3.5182209097527073e-6
14.1	3.5105915042637334e-6
14.11	3.5029851248494758e-6
14.120000000000001	3.4954015138609445e-6
14.13	3.4878404445465553e-6
14.14	3.4803017237202397e-6
14.15	3.472785185434058e-6
14.16	3.465290684169987e-6
14.17	3.4578180895981527e-6
14.18	3.4503672828212215e-6
14.19	3.442938153705971e-6
14.200000000000001	3.4355305989724097e-6
14.21	3.42814452081481e-6
14.22	3.420779825908222e-6
14.23	3.413436424710137e-6
14.24	3.406114231006538e-6
14.25	3.3988131616708918e-6
14.26	3.3915331365486224e-6
14.27	3.3842740779967416e-6
14.280000000000001	3.377035908204668e-6
14.290000000000001	3.369818540878023e-6
14.3	3.362621876145859e-6
14.31	3.3554458289636896e-6
14.32	3.348290349202545e-6
14.33	3.3411553874614203e-6
14.34	3.3340408805785627e-6
14.35	3.326946761158735e-6
14.36	3.3198729638637564e-6
14.370000000000001	3.3128194272288693e-6
14.38	3.305786094295488e-6
14.39	3.2987729133009516e-6
14.4	3.291779838750147e-6
14.41	3.2848068330132095e-6
14.42	3.2778538686255185e-6
14.43	3.270920931569634e-6
14.44	3.264008025983419e-6
14.450000000000001	3.257115180997753e-6
14.46	3.2502424608272442e-6
14.47	3.243389979931635e-6
14.48	3.2365579262189878e-6
14.49	3.2297465971529637e-6
14.5	3.222956456790431e-6
14.51	3.2161882287016875e-6
14.52	3.209443057129782e-6
14.530000000000001	3.202722784694332e-6
14.540000000000001	3.196030392342684e-6
14.55	3.1893706471747965e-6
14.56	3.182750701832459e-6
14.57	3.1761787573163457e-6
14.58	3.1696536600562328e-6
14.59	3.1631359508000336e-6
14.6	3.156544064506592e-6
14.61	3.1498602329268445e-6
14.620000000000001	3.1431613057326377e-6
14.63	3.136502888906288e-6
14.64	3.129893587631083e-6
14.65	3.1233260121520705e-6
14.66	3.116792231771602e-6
14.67	3.110286686291439e-6
14.68	3.103805820570883e-6
14.69	3.0973473844602124e-6
14.700000000000001	3.0909099274460662e-6
14.71	3.084492486410584e-6
14.72	3.0780943992080426e-6
14.73	3.0717151944415316e-6
14.74	3.0653545266689006e-6
14.75	3.059012133918004e-6
14.76	3.0526878091027427e-6
14.77	3.046381383067473e-6
14.780000000000001	3.0400927138700507e-6
14.790000000000001	3.0338216793483546e-6
14.8	3.0275681718910557e-6
14.81	3.0213320947510725e-6
14.82	3.015113359424628e-6
14.83	3.0089118837668762e-6
14.84	3.002727590622341e-6
14.85	2.996560406820803e-6
14.86	2.9904102624371973e-6
14.870000000000001	2.984277090246146e-6
14.88	2.9781608253232716e-6
14.89	2.9720614047586278e-6
14.9	2.965978767449561e-6
14.91	2.959912853919899e-6
14.92	2.953863606107768e-6
14.93	2.9478309673600214e-6
14.94	2.9418148830764102e-6
14.950000000000001	2.935815301004861e-6
14.96	2.9298321708609924e-6
14.97	2.9238654445496093e-6
14.98	2.917915076825413e-6
14.99	2.9119810260678124e-6
15.	2.9060632552662998e-6
15.01	2.900161733381642e-6
15.02	2.8942764372753953e-6
15.030000000000001	2.8884073544837074e-6
15.040000000000001	2.8825544872644914e-6
15.05	2.876717858604354e-6
15.06	2.8708975213064617e-6
15.07	2.8650935720289735e-6
15.08	2.8593061734544905e-6
15.09	2.8535355900943743e-6
15.1	2.8477822473439582e-6
15.11	2.8420468304420977e-6
15.120000000000001	2.836330450585627e-6
15.13	2.8306349137999006e-6
15.14	2.824963091633412e-6
15.15	2.819319103631856e-6
15.16	2.8137067184978295e-6
15.17	2.8081210189756207e-6
15.18	2.8025320536843793e-6
15.19	2.7968995096201053e-6
15.200000000000001	2.791233766231995e-6
15.21	2.7855777536030876e-6
15.22	2.779951725742355e-6
15.23	2.774356016673515e-6
15.24	2.768786195998389e-6
15.25	2.7632384235594786e-6
15.26	2.7577101185455853e-6
15.27	2.7521996383483074e-6
15.280000000000001	2.746705933440747e-6
15.290000000000001	2.741228315974426e-6
15.3	2.7357663194836398e-6
15.31	2.7303196154690102e-6
15.32	2.724887963414049e-6
15.33	2.7194711803128262e-6
15.34	2.7140691216473903e-6
15.35	2.708681669208699e-6
15.36	2.7033087231696984e-6
15.370000000000001	2.6979501968218668e-6
15.38	2.692606013001415e-6
15.39	2.687276101619273e-6
15.4	2.6819603979284774e-6
15.41	2.6766588412931914e-6
15.42	2.6713713743052305e-6
15.43	2.666097942146061e-6
15.44	2.6608384921259715e-6
15.450000000000001	2.6555929733545234e-6
15.46	2.650361336511608e-6
15.47	2.6451435336990785e-6
15.48	2.6399395183608597e-6
15.49	2.6347492452653676e-6
15.5	2.629572670550409e-6
15.51	2.624409751842232e-6
15.52	2.6192604484651208e-6
15.530000000000001	2.614124721747665e-6
15.540000000000001	2.609002535467046e-6
15.55	2.603893856501709e-6
15.56	2.5987986557738026e-6
15.57	2.5937169096140816e-6
15.58	2.5886486017647446e-6
15.59	2.5835937263657196e-6
15.6	2.578552292489885e-6
15.610000000000001	2.573524331172375e-6
15.620000000000001	2.5685099065456982e-6
15.63	2.5635091338748733e-6
15.64	2.5585222093772364e-6
15.65	2.5535494602617464e-6
15.66	2.5485914286008757e-6
15.67	2.54364900577444e-6
15.68	2.5387236106785067e-6
15.69	2.5338172376702427e-6
15.700000000000001	2.5289314804438e-6
15.71	2.524062990076361e-6
15.72	2.51919593563402e-6
15.73	2.514312545569403e-6
15.74	2.509421088858634e-6
15.75	2.5045415616372646e-6
15.76	2.499682038531569e-6
15.77	2.4948421157821665e-6
15.780000000000001	2.4900196403401896e-6
15.790000000000001	2.4852128403093376e-6
15.8	2.48042053352904e-6
15.81	2.47564196273975e-6
15.82	2.470876637174242e-6
15.83	2.466124228465248e-6
15.84	2.461384507840874e-6
15.85	2.4566573087860977e-6
15.860000000000001	2.4519425046275013e-6
15.870000000000001	2.447239994819816e-6
15.88	2.442549696369602e-6
15.89	2.4378715383493578e-6
15.9	2.4332054583115768e-6
15.91	2.4285513998975766e-6
15.92	2.4239093112136075e-6
15.93	2.4192791437101093e-6
15.94	2.414660851397982e-6
15.950000000000001	2.410054390295439e-6
15.96	2.405459718036325e-6
15.97	2.40087679359457e-6
15.98	2.3963055770952154e-6
15.99	2.391746029693055e-6
16.	2.387198113507761e-6
16.01	2.3826617916104233e-6
16.02	2.378137028061932e-6
16.03	2.3736237880093554e-6
16.04	2.369122037853451e-6
16.05	2.3646317455099795e-6
16.06	2.3601528808013025e-6
16.07	2.355685416036164e-6
16.080000000000002	2.3512293268705067e-6
16.09	2.3467845935988447e-6
16.1	2.342351203121637e-6
16.11	2.3379291519993795e-6
16.12	2.333518451294095e-6
16.13	2.3291191344129947e-6
16.14	2.3247312700780715e-6
16.15	2.320354984090465e-6
16.16	2.315990495819136e-6
16.17	2.3116381767513983e-6
16.18	2.3072986284310843e-6
16.19	2.3029727053204264e-6
16.2	2.2986610976424685e-6
16.21	2.294362369182352e-6
16.22	2.2900696416090245e-6
16.23	2.285775049701045e-6
16.240000000000002	2.281482055796515e-6
16.25	2.2771994205146047e-6
16.26	2.2729307270647824e-6
16.27	2.268675804701903e-6
16.28	2.2644336961918688e-6
16.29	2.260203607311954e-6
16.3	2.2559850024832527e-6
16.31	2.2517775330653997e-6
16.32	2.247580967771375e-6
16.330000000000002	2.2433951468575374e-6
16.34	2.2392199544720754e-6
16.35	2.235055302216142e-6
16.36	2.2309011192774173e-6
16.37	2.226757346395785e-6
16.38	2.222623932090973e-6
16.39	2.2185008302510765e-6
16.4	2.2143879985579006e-6
16.41	2.2102853974384057e-6
16.42	2.2061929893544558e-6
16.43	2.2021107383150046e-6
16.44	2.198038609537988e-6
16.45	2.1939765692156784e-6
16.46	2.189924584353825e-6
16.47	2.1858826226657734e-6
16.48	2.1818506525100997e-6
16.490000000000002	2.1778286428657685e-6
16.5	2.1738165633432735e-6
16.51	2.169814384234663e-6
16.52	2.165822076610452e-6
16.53	2.1618396124782034e-6
16.54	2.157866965027749e-6
16.55	2.1539041090037856e-6
16.56	2.149951021272635e-6
16.57	2.146007681693647e-6
16.580000000000002	2.142074074481291e-6
16.59	2.138150190376595e-6
16.6	2.1342360301820107e-6
16.61	2.1303316106283865e-6
16.62	2.1264369742356125e-6
16.63	2.1225522057803524e-6
16.64	2.1186774582111127e-6
16.65	2.1148129843631257e-6
16.66	2.1109591304291683e-6
16.67	2.1071160865390533e-6
16.68	2.103282904338445e-6
16.69	2.0994563395025142e-6
16.7	2.0956337875870046e-6
16.71	2.0918175551014363e-6
16.72	2.0880109535902807e-6
16.73	2.084215013847737e-6
16.740000000000002	2.080429540437633e-6
16.75	2.0766541479474485e-6
16.76	2.07288851013288e-6
16.77	2.069132298991571e-6
16.78	2.0653851718431504e-6
16.79	2.0616470205991185e-6
16.8	2.0579179660515076e-6
16.81	2.0541980681705593e-6
16.82	2.0504872908676437e-6
16.830000000000002	2.0467855732002772e-6
16.84	2.0430928592274766e-6
16.85	2.039409101857991e-6
16.86	2.035734260762014e-6
16.87	2.032068300111639e-6
16.88	2.028411187022564e-6
16.89	2.024762890574897e-6
16.9	2.0211233812074706e-6
16.91	2.017492630340744e-6
16.92	2.0138706101403324e-6
16.93	2.0102572933698205e-6
16.94	2.0066526533035515e-6
16.95	2.0030566636833688e-6
16.96	1.9994692987117972e-6
16.97	1.9958905330807774e-6
16.98	1.99232034204097e-6
16.990000000000002	1.9887587015240956e-6
17.	1.9852055883411197e-6
17.01	1.9816609804957514e-6
17.02	1.978124857680853e-6
17.03	1.974597202074074e-6
17.04	1.971077999635541e-6
17.05	1.9675672422625044e-6
17.06	1.964064931412226e-6
17.07	1.960571084166522e-6
17.080000000000002	1.9570857428626853e-6
17.09	1.953608987347733e-6
17.1	1.9501409353222157e-6
17.11	1.946681660205018e-6
17.12	1.943230843015239e-6
17.13	1.939787286753651e-6
17.14	1.9363498635588665e-6
17.150000000000002	1.9329193068456744e-6
17.16	1.9294969231328095e-6
17.17	1.9260831579216784e-6
17.18	1.9226779347760868e-6
17.19	1.9192810843301772e-6
17.2	1.915892468182239e-6
17.21	1.9125119877305548e-6
17.22	1.9091395723659987e-6
17.23	1.9057751689611323e-6
17.240000000000002	1.902418735067504e-6
17.25	1.8990702348256902e-6
17.26	1.895729636533275e-6
17.27	1.8923969111826565e-6
17.28	1.8890720315648625e-6
17.29	1.885754971708235e-6
17.3	1.8824457065192456e-6
17.31	1.8791442115481139e-6
17.32	1.8758504628333963e-6
17.330000000000002	1.8725644367978689e-6
17.34	1.869286110178767e-6
17.35	1.8660154599819622e-6
17.36	1.8627524634538248e-6
17.37	1.8594970980672432e-6
17.38	1.8562493415204516e-6
17.39	1.853009171749154e-6
17.400000000000002	1.8497765669545493e-6
17.41	1.846551505652637e-6
17.42	1.8433339667544217e-6
17.43	1.8401239296935316e-6
17.44	1.836921374629509e-6
17.45	1.8337262827757155e-6
17.46	1.830538636937202e-6
17.47	1.8273584224079385e-6
17.48	1.8241856284816037e-6
17.490000000000002	1.821020250963798e-6
17.5	1.8178622960401843e-6
17.51	1.814711784543238e-6
17.52	1.8115687482423724e-6
17.53	1.808433182615433e-6
17.54	1.8053048871279025e-6
17.55	1.8021833504367448e-6
17.56	1.7990682923380422e-6
17.57	1.7959601061842978e-6
17.580000000000002	1.7928591907830415e-6
17.59	1.7897656261962262e-6
17.6	1.786679354565456e-6
17.61	1.7836003036335735e-6
17.62	1.7805284152066866e-6
17.63	1.7774636447366245e-6
17.64	1.7744059568621293e-6
17.650000000000002	1.7713553219533167e-6
17.66	1.768311713958305e-6
17.67	1.765275109144396e-6
17.68	1.7622454853916047e-6
17.69	1.7592228218343358e-6
17.7	1.756207098750716e-6
17.71	1.7531982976739958e-6
17.72	1.7501964017664578e-6
17.73	1.7472013965679368e-6
17.740000000000002	1.74421327129325e-6
17.75	1.7412320207329171e-6
17.76	1.7382576466202086e-6
17.77	1.735290151603827e-6
17.78	1.7323295022646027e-6
17.79	1.7293755423631812e-6
17.8	1.7264280251558623e-6
17.81	1.7234869372856685e-6
17.82	1.7205524889168106e-6
17.830000000000002	1.7176247931822062e-6
17.84	1.7147038433801212e-6
17.85	1.7117895991635753e-6
17.86	1.7088820221306134e-6
17.87	1.705981081707931e-6
17.88	1.7030867543030638e-6
17.89	1.7001990223921224e-6
17.900000000000002	1.697317874663452e-6
17.91	1.6944433064004585e-6
17.92	1.6915753151718036e-6
17.93	1.6887138746449666e-6
17.94	1.6858588686220639e-6
17.95	1.6830101000598346e-6
17.96	1.6801675351415114e-6
17.97	1.6773313296854115e-6
17.98	1.6745015762545487e-6
17.990000000000002	1.6716782697892486e-6
18.	1.6688613752262946e-6
18.01	1.6660508576821463e-6
18.02	1.6632466876000261e-6
18.03	1.6604488397461412e-6
18.04	1.6576572916963682e-6
18.05	1.654872022770657e-6
18.06	1.6520930133788558e-6
18.07	1.6493202446310575e-6
18.080000000000002	1.646553698104549e-6
18.09	1.6437933557020853e-6
18.1	1.6410391995638726e-6
18.11	1.6382912120117735e-6
18.12	1.6355493755132631e-6
18.13	1.6328136726579065e-6
18.14	1.6300840861419728e-6
18.150000000000002	1.6273605987586706e-6
18.16	1.6246431933924943e-6
18.17	1.6219318530169766e-6
18.18	1.6192265606956797e-6
18.19	1.616527299586842e-6
18.2	1.6138340529528595e-6
18.21	1.6111468041767572e-6
18.22	1.6084655367896774e-6
18.23	1.6057902345163548e-6
18.240000000000002	1.6031208813509797e-6
18.25	1.600457461684981e-6
18.26	1.5977999605224373e-6
18.27	1.5951483638319708e-6
18.28	1.5925026590481653e-6
18.29	1.5898628354104457e-6
18.3	1.5872288822879194e-6
18.31	1.584600779251465e-6
18.32	1.5819784735721015e-6
18.330000000000002	1.5793618908726903e-6
18.34	1.5767510192318852e-6
18.35	1.574145901935857e-6
18.36	1.5715465557654742e-6
18.37	1.5689529672512091e-6
18.38	1.5663651146676534e-6
18.39	1.563782976784819e-6
18.400000000000002	1.561206534179754e-6
18.41	1.5586357688439626e-6
18.42	1.556070663692231e-6
18.43	1.5535112022257116e-6
18.44	1.5509573683270534e-6
18.45	1.5484091461394062e-6
18.46	1.5458665199951706e-6
18.47	1.5433294743741875e-6
18.48	1.5407979938798658e-6
18.490000000000002	1.5382720632269758e-6
18.5	1.5357516672378632e-6
18.51	1.533236790845881e-6
18.52	1.5307274191063175e-6
18.53	1.5282235372166452e-6
18.54	1.525725130549922e-6
18.55	1.523232184708208e-6
18.56	1.520744685608016e-6
18.57	1.5182626196187054e-6
18.580000000000002	1.5157859737904747e-6
18.59	1.5133147362357766e-6
18.6	1.5108488967705712e-6
18.61	1.5083884479654356e-6
18.62	1.5059333866754961e-6
18.63	1.503483715264941e-6
18.64	1.5010394375646742e-6
18.650000000000002	1.4986005320356658e-6
18.66	1.4961668856326426e-6
18.67	1.493738308471583e-6
18.68	1.491314772886074e-6
18.69	1.4888964200774379e-6
18.7	1.4864833344609428e-6
18.71	1.4840755296996502e-6
18.72	1.4816729887927093e-6
18.73	1.479275683883132e-6
18.740000000000002	1.4768835880265456e-6
18.75	1.4744966781746898e-6
18.76	1.472114934528639e-6
18.77	1.469738339445991e-6
18.78	1.4673668766418473e-6
18.79	1.4650005306887436e-6
18.8	1.4626392867147044e-6
18.81	1.460283130220509e-6
18.82	1.4579320469672507e-6
18.830000000000002	1.455586022905686e-6
18.84	1.4532450441308152e-6
18.85	1.450909096852078e-6
18.86	1.448578167373396e-6
18.87	1.446252242079608e-6
18.88	1.443931307427159e-6
18.89	1.441615349937715e-6
18.900000000000002	1.4393043561939206e-6
18.91	1.4369983128368327e-6
18.92	1.4346972065648698e-6
18.93	1.4324010241344145e-6
18.94	1.4301097523624927e-6
18.95	1.427823378132597e-6
18.96	1.425541888405501e-6
18.97	1.423265270238347e-6
18.98	1.4209935108166922e-6
18.990000000000002	1.4187265975020405e-6
19.	1.4164645178722373e-6
19.01	1.4142072596062364e-6
19.02	1.4119548096691294e-6
19.03	1.4097071521708768e-6
19.04	1.4074642684483558e-6
19.05	1.4052261449763443e-6
19.06	1.4029927747368204e-6
19.07	1.4007641488584865e-6
19.080000000000002	1.3985402552267309e-6
19.09	1.396321080718837e-6
19.1	1.3941066122413849e-6
19.11	1.3918968369139745e-6
19.12	1.389691742038459e-6
19.13	1.3874913150488537e-6
19.14	1.3852955434757646e-6
19.150000000000002	1.3831044149245422e-6
19.16	1.3809179170623203e-6
19.17	1.378736037610336e-6
19.18	1.3765587643393921e-6
19.19	1.3743860850671879e-6
19.2	1.3722179876568534e-6
19.21	1.370054460016301e-6
19.22	1.3678954900982186e-6
19.23	1.3657410659006365e-6
19.240000000000002	1.3635911754681196e-6
19.25	1.3614458068937169e-6
19.26	1.359304948321927e-6
19.27	1.357168587953132e-6
19.28	1.355036714050194e-6
19.29	1.3529093149484136e-6
19.3	1.3507863790707358e-6
19.31	1.3486678949513043e-6
19.32	1.3465538512718213e-6
19.330000000000002	1.3444442369147822e-6
19.34	1.342339041024811e-6
19.35	1.3402382530073593e-6
19.36	1.33814186226422e-6
19.37	1.3360498578507458e-6
19.38	1.333962230062618e-6
19.39	1.3318789734306667e-6
19.400000000000002	1.3298000861297392e-6
19.41	1.327725568339878e-6
19.42	1.3256554171054404e-6
19.43	1.3235896018020049e-6
19.44	1.321528024645863e-6
19.45	1.3194705821038764e-6
19.46	1.3174173117521238e-6
19.47	1.3153683084671405e-6
19.48	1.3133236023617149e-6
19.490000000000002	1.3112831797289433e-6
19.5	1.3092470182197485e-6
19.51	1.3072150976750865e-6
19.52	1.3051874011032367e-6
19.53	1.3031639137861234e-6
19.54	1.3011446224415282e-6
19.55	1.2991295146751423e-6
19.56	1.2971185786503126e-6
19.57	1.2951118028916571e-6
19.580000000000002	1.293109176167163e-6
19.59	1.291110687416076e-6
19.6	1.2891163257039546e-6
19.61	1.2871260801942338e-6
19.62	1.2851399401302275e-6
19.63	1.2831578948241423e-6
19.64	1.2811799336512841e-6
19.650000000000002	1.2792060460481897e-6
19.66	1.2772362215113775e-6
19.67	1.2752704495812179e-6
19.68	1.273308719759122e-6
19.69	1.2713510213154672e-6
19.7	1.2693973433548563e-6
19.71	1.2674476755254024e-6
19.72	1.2655020080053317e-6
19.73	1.2635603307961957e-6
19.740000000000002	1.2616226336677825e-6
19.75	1.2596889063471355e-6
19.76	1.2577591385966587e-6
19.77	1.2558333202261716e-6
19.78	1.2539114410894652e-6
19.79	1.2519934910798608e-6
19.8	1.2500794601270909e-6
19.81	1.2481693381953407e-6
19.82	1.2462631152820441e-6
19.830000000000002	1.2443607814171275e-6
19.84	1.242462326662523e-6
19.85	1.2405677411118513e-6
19.86	1.238677014890223e-6
19.87	1.2367901381541214e-6
19.88	1.234907101091361e-6
19.89	1.2330278939211174e-6
19.900000000000002	1.2311525068940486e-6
19.91	1.2292809302925176e-6
19.92	1.2274131544309671e-6
19.93	1.2255491696565267e-6
19.94	1.2236889663499386e-6
19.95	1.221832534926999e-6
19.96	1.219979865840665e-6
19.97	1.2181309495836199e-6
19.98	1.2162857766887432e-6
19.990000000000002	1.2144443377168342e-6
20.	1.2126066232136518e-6