0.	0.
0.01	3.8734342182989995e-6
0.02	7.748123303800964e-6
0.03	0.000011625323367278985
0.04	0.000015506293009385418
0.05	0.000019392294572450037
0.06	0.00002328459540053953
0.07	0.00002718446911058399
0.08	0.00003109319687742097
0.09	0.000035012068735664746
0.1	0.0000389423849013766
0.11	0.00004288545711659443
0.12	0.00004684261001987379
0.13	0.0000508151825461011
0.14	0.00005480452935896322
0.15	0.00005881202231959525
0.16	0.0000628390519950828
0.17	0.00006688702921066863
0.18	0.00007095738664970134
0.19	0.00007505158050557668
0.2	0.00007917109219015326
0.21	0.00008331743010337821
0.22	0.00008749213146914095
0.23	0.00009169676424267771
0.24	0.0000959329290951884
0.25	0.00010020226148169449
0.26	0.0001045064337985716
0.27	0.00010884715763763151
0.28	0.00011322618614411248
0.29	0.00011764531648646674
0.3	0.00012210639244641377
0.31	0.0001266113071383621
0.32	0.00013116200586800158
0.33	0.00013576048914062778
0.34	0.00014040881583060087
0.35000000000000003	0.0001451091065242588
0.36	0.0001498635470496165
0.37	0.0001546743922072915
0.38	0.00015954396971832257
0.39	0.00016447468440588996
0.4	0.0001694690226294366
0.41000000000000003	0.0001745295569913209
0.42	0.00017965895133795174
0.43	0.00018485996607934933
0.44	0.00019013546385330098
0.45	0.00019548841556273573
0.46	0.0002009219068176691
0.47000000000000003	0.0002064391448161071
0.48	0.00021204346570166557
0.49	0.00021773834243943082
0.5	0.00022352739325577026
0.51	0.00022941439069250439
0.52	0.00023540327133108154
0.53	0.00024149814624828772
0.54	0.00024770331227161167
0.55	0.00025402326410980665
0.56	0.0002604627074425354
0.5700000000000001	0.00026702657306240543
0.58	0.0002737200321733352
0.59	0.0002805485129612301
0.6	0.0002875177185665973
0.61	0.0002946336466042232
0.62	0.00030190261039268393
0.63	0.0003093312620765596
0.64	0.00031692661784720876
0.65	0.0003246960854942571
0.66	0.000332647494550126
0.67	0.00034078912932463236
0.68	0.0003491297651666559
0.6900000000000001	0.00035767870833605734
0.7000000000000001	0.0003664458399224818
0.71	0.00037544166430973473
0.72	0.0003846773627566009
0.73	0.00039416485274920406
0.74	0.0004039168538785031
0.75	0.0004139469611120854
0.76	0.0004242697264653274
0.77	0.0004349007502373784
0.78	0.00044585678316720167
0.79	0.00045715584109022914
0.8	0.0004688173339445716
0.81	0.00048086221129645487
0.8200000000000001	0.0004933131269392662
0.8300000000000001	0.0005061946255836298
0.84	0.0005195333552154476
0.85	0.0005333583093775005
0.86	0.0005477011044568206
0.87	0.0005625962980710411
0.88	0.0005780817558889621
0.89	0.0005941990757533636
0.9	0.0006109940798747523
0.91	0.0006285173882332951
0.92	0.00064682508929305
0.93	0.0006659795278691485
0.9400000000000001	0.0006860502347209616
0.9500000000000001	0.0007071150284734592
0.96	0.0007292613281977841
0.97	0.000752587724954068
0.98	0.0007772058735532059
0.99	0.0008032427827417668
1.	0.0008308436043532835
1.01	0.0008601750516483414
1.02	0.000891429616825799
1.03	0.0009248308114210201
1.04	0.0009606397266006204
1.05	0.0009991633113207242
1.06	0.0010407649068278591
1.07	0.001085877773706798
1.08	0.0011350226291789842
1.09	0.0011888306181211895
1.1	0.0012480737339256845
1.11	0.0013137055831636553
1.12	0.0013869167078387325
1.1300000000000001	0.001469210695138342
1.1400000000000001	0.001562510436773251
1.1500000000000001	0.0016693088538483273
1.16	0.0017928863872077605
1.17	0.0019376306762143825
1.18	0.002109515857707173
1.19	0.0023168365727294555
1.2	0.002571357396566669
1.21	0.002890154427052265
1.22	0.0032986317212381423
1.23	0.0038355535888314938
1.24	0.0045615053700968425
1.25	0.0055728326846403485
1.26	0.007022351108529143
1.27	0.009138200707812261
1.28	0.01218139120636401
1.29	0.016117162068307926
1.3	0.01970239372967588
1.31	0.020371747546317914
1.32	0.017577621876387405
1.33	0.013746598225437993
1.34	0.010630437101368755
1.35	0.00850321164752161
1.36	0.00713802749481546
1.37	0.006292680929453473
1.3800000000000001	0.005801369215768484
1.3900000000000001	0.005563828933571169
1.4000000000000001	0.005524393022759699
1.41	0.005657788581221312
1.42	0.005962006615144595
1.43	0.006456798494269713
1.44	0.007187362873944997
1.45	0.008234263177720167
1.46	0.009732237676981767
1.47	0.01190135290022789
1.48	0.015087470828289947
1.49	0.019765028092125363
1.5	0.026272171857336043
1.51	0.03367059906205137
1.52	0.038103021007855634
1.53	0.035824132317739905
1.54	0.029268526903263835
1.55	0.02292002639311118
1.56	0.018414657816454846
1.57	0.015621276354513219
1.58	0.014096821756313348
1.59	0.013519201274742475
1.6	0.013731854413612278
1.61	0.014725033266376537
1.62	0.016634254362570603
1.6300000000000001	0.019768048657160614
1.6400000000000001	0.02464335342496467
1.6500000000000001	0.031890927464055176
1.6600000000000001	0.041504548547796276
1.67	0.05064673637420296
1.68	0.05300829508970497
1.69	0.04672036504713964
1.7	0.03763418670943365
1.71	0.030379456360713125
1.72	0.025851444843083084
1.73	0.023626899373126044
1.74	0.023279962926463317
1.75	0.024683738833309928
1.76	0.028051151200395367
1.77	0.033926290073637906
1.78	0.04294614305267923
1.79	0.054596477998589785
1.8	0.06434134351223952
1.81	0.06470002225393962
1.82	0.05591985040317681
1.83	0.045621529615069836
1.84	0.038263506711677886
1.85	0.034434539334552136
1.86	0.03373547983307277
1.87	0.03601241118190785
1.8800000000000001	0.041589692171160264
1.8900000000000001	0.05100563444885497
1.9000000000000001	0.06360593919410443
1.9100000000000001	0.07433118202760243
1.92	0.07483576231407901
1.93	0.06533074377317695
1.94	0.05432764554031064
1.95	0.046912832258077956
1.96	0.04392130509737378
1.97	0.045168528794117785
1.98	0.05077918839860614
1.99	0.060989953701135816
2.	0.07417323864272238
2.0100000000000002	0.08344407184953985
2.02	0.0808765504357068
2.0300000000000002	0.06988296574159415
2.04	0.0595174276786345
2.05	0.05390717840431037
2.06	0.0536409759703951
2.07	0.0587522761174472
2.08	0.06910052542365265
2.09	0.08208391501240649
2.1	0.08957032889760447
2.11	0.08478995287997815
2.12	0.073430309157042
2.13	0.06434855573953548
2.14	0.060977002307716126
2.15	0.06382365695136204
2.16	0.07264479149516861
2.17	0.08498138258997233
2.18	0.09298426141342106
2.19	0.0891695527854194
2.2	0.07834436808518627
2.21	0.06971819118860895
2.22	0.06725966402244275
2.23	0.07158404394392841
2.24	0.08162216758795829
2.25	0.09225066961027377
2.2600000000000002	0.09419351081491599
2.27	0.0858502185729847
2.2800000000000002	0.07614032302982439
2.29	0.07174159249792463
2.3000000000000003	0.07438160311898394
2.31	0.08308299939858312
2.32	0.09270004350181649
2.33	0.09421538202316476
2.34	0.0862756688622934
2.35	0.07757127046947075
2.36	0.07449427033844869
2.37	0.07844221295976798
2.38	0.08718723234982158
2.39	0.09350777636777499
2.4	0.0903462168467208
2.41	0.08172832649788843
2.42	0.07612595273721014
2.43	0.07718069437020272
2.44	0.0839417181653396
2.45	0.09055590822640905
2.46	0.08933013797130786
2.47	0.08180060495924976
2.48	0.07612840928627836
2.49	0.07662197422371371
2.5	0.08241641557242957
2.5100000000000002	0.08757206052756397
2.52	0.08538048690832277
2.5300000000000002	0.07845955117611905
2.54	0.07429097948751934
2.5500000000000003	0.07601507758878816
2.56	0.0813583231927243
2.57	0.08355694732789687
2.58	0.0790506593348742
2.59	0.07331259665914354
2.6	0.07202895241687415
2.61	0.07554482917497843
2.62	0.0789559237583054
2.63	0.07673178940545924
2.64	0.07128484003022945
2.65	0.06870488797583618
2.66	0.07076754285791348
2.67	0.07383731297242888
2.68	0.07246284216725446
2.69	0.06768547723415179
2.7	0.06504199824381521
2.71	0.06649379848008924
2.72	0.06876124314183377
2.73	0.0671165085280297
2.74	0.06289767943185186
2.75	0.06093687597887925
2.7600000000000002	0.06234380692182689
2.77	0.0635172284774524
2.7800000000000002	0.06106403320621604
2.79	0.05754539081997775
2.8000000000000003	0.056714197381401134
2.81	0.058052448260899635
2.82	0.05770034368514169
2.83	0.054624088070008486
2.84	0.05232993825086503
2.85	0.05261936287252262
2.86	0.05314228300348501
2.87	0.05116923940728257
2.88	0.048473726734272866
2.89	0.0477858203009315
2.9	0.04828480800769648
2.91	0.04713121182131018
2.92	0.044621709984129586
2.93	0.0434074592037234
2.94	0.04360838247348091
2.95	0.042824663239160086
2.96	0.04063973043641417
2.97	0.03928275629351762
2.98	0.039226717086382624
2.99	0.03851261181332455
3.	0.0365997423641109
3.0100000000000002	0.03533131212509764
3.02	0.035123849103592175
3.0300000000000002	0.03432655240764056
3.04	0.032622931155563126
3.0500000000000003	0.03156434890625075
3.06	0.03126457250966582
3.0700000000000003	0.030319612687288517
3.08	0.028822336426270877
3.09	0.028021935260295682
3.1	0.027614219630984125
3.11	0.026527314663182616
3.12	0.025293683992534746
3.13	0.024723163681518372
3.14	0.024142884212750987
3.15	0.02300762056552753
3.16	0.022101605705462636
3.17	0.021638450953142933
3.18	0.020854864454619322
3.19	0.019844341010014244
3.2	0.019243642200586112
3.21	0.01871043681647345
3.22	0.01782767670814859
3.23	0.017092712138811743
3.24	0.01662947385091113
3.25	0.01594293481932932
3.2600000000000002	0.015181642492909424
3.27	0.01469570151519214
3.2800000000000002	0.0141614537738972
3.29	0.013460461461241273
3.3000000000000003	0.012945751119732394
3.31	0.012499624851595906
3.3200000000000003	0.011891600776494187
3.33	0.011376551481894637
3.34	0.01097749025472968
3.35	0.010458912926102477
3.36	0.009971153346870949
3.37	0.009602951969272083
3.38	0.009157731991492312
3.39	0.008713099731062785
3.4	0.008373119439394285
3.41	0.007985616016701084
3.42	0.007589729316524645
3.43	0.007279575791454867
3.44	0.006938368571869922
3.45	0.0065910721563591165
3.46	0.006311999039299197
3.47	0.006009558097035662
3.48	0.005708258029341644
3.49	0.005459748817242754
3.5	0.005191273570312651
3.5100000000000002	0.004932555531967821
3.52	0.0047123839619919675
3.5300000000000002	0.004474952304487472
3.54	0.00425497676233601
3.5500000000000003	0.004059868588470973
3.56	0.003851909022966853
3.5700000000000003	0.0036662017039452515
3.58	0.0034927934883976315
3.59	0.0033135082904133645
3.6	0.0031567298233130636
3.61	0.0030026122385255856
3.62	0.0028510494393937497
3.63	0.002717299783633303
3.64	0.002581678271401931
3.65	0.0024555907107655425
3.66	0.002339541029908572
3.67	0.002222859385605138
3.68	0.002118104287237269
3.69	0.002016491561037533
3.7	0.0019188483528283493
3.71	0.0018302420815172163
3.72	0.0017423757964307644
3.73	0.0016618297770433635
3.74	0.0015853214168241887
3.75	0.0015115404397107902
3.7600000000000002	0.0014442093142103959
3.77	0.0013783953965313305
3.7800000000000002	0.001317610555630752
3.79	0.0012599933072092475
3.8000000000000003	0.0012049265869217133
3.81	0.0011541729063139757
3.8200000000000003	0.0011050414919162924
3.83	0.00105964653355558
3.84	0.001016363249033458
3.85	0.0009755344114976164
3.86	0.0009374028736227424
3.87	0.0009008829821927135
3.88	0.000867027831504348
3.89	0.0008346134125963857
3.9	0.0008043577677758114
3.91	0.0007756801041091908
3.92	0.0007485996349628631
3.93	0.00072317907082026
3.94	0.0006989825311925571
3.95	0.0006763523803378566
3.96	0.0006547729529712329
3.97	0.0006345467688987946
3.98	0.0006153048924552239
3.99	0.0005971786801187157
4.	0.0005799923228327066
4.01	0.0005637194011035733
4.0200000000000005	0.0005483246866768351
4.03	0.0005336924262809575
4.04	0.0005198559525106016
4.05	0.0005066734184973653
4.0600000000000005	0.0004941944207347665
4.07	0.0004822884146731035
4.08	0.0004709953014451535
4.09	0.0004602099987811487
4.1	0.0004499554519654869
4.11	0.00044015252214564375
4.12	0.0004308092159988821
4.13	0.0004218673008822613
4.14	0.0004133247066162799
4.15	0.00040513823387842936
4.16	0.0003973003020063131
4.17	0.00038977794806786543
4.18	0.000382561348989117
4.19	0.00037562444099282155
4.2	0.0003689571387948744
4.21	0.00036253817156280414
4.22	0.0003563582218360511
4.23	0.00035039957694506035
4.24	0.0003446541216937977
4.25	0.00033910703523433845
4.26	0.00033375152130313263
4.2700000000000005	0.0003285753490878937
4.28	0.00032357304376519537
4.29	0.0003187349153257998
4.3	0.00031405686385883804
4.3100000000000005	0.0003095319165220271
4.32	0.0003051576284255753
4.33	0.00030093022733283423
4.34	0.0002968496919162526
4.3500000000000005	0.000292916523131047
4.36	0.0002891348903133635
4.37	0.0002855119712355572
4.38	0.00028206007939313025
4.39	0.0002787987366755046
4.4	0.00027575766670920863
4.41	0.00027298299882733135
4.42	0.00027054545284535455
4.43	0.0002685563410908991
4.44	0.0002671922819227931
4.45	0.0002667373914870757
4.46	0.0002676426083879874
4.47	0.00027056853227681903
4.48	0.0002761987627655055
4.49	0.00028409535495699034
4.5	0.0002900206907567273
4.51	0.0002869540691920288
4.5200000000000005	0.000275091714296364
4.53	0.0002615005067268094
4.54	0.0002502325665505608
4.55	0.0002416381669445672
4.5600000000000005	0.0002350196605357628
4.57	0.0002297198042439431
4.58	0.0002252910411303484
4.59	0.00022145027275283574
4.6000000000000005	0.00021801963966698167
4.61	0.0002148855797345018
4.62	0.00021197384629746268
4.63	0.00020923462799067306
4.64	0.00020663366263478017
4.65	0.00020414683073282137
4.66	0.0002017567895028005
4.67	0.00019945084340060586
4.68	0.00019721955733106037
4.69	0.00019505584204385025
4.7	0.00019295434284105414
4.71	0.00019091102238787708
4.72	0.0001889228800150889
4.73	0.00018698776344513716
4.74	0.00018510424715228367
4.75	0.00018327156415007755
4.76	0.00018148957989157514
4.7700000000000005	0.00017975880520090698
4.78	0.00017808044923859134
4.79	0.00017645651603728497
4.8	0.00017488995471202004
4.8100000000000005	0.0001733848792158821
4.82	0.00017194688187789213
4.83	0.00017058347890356478
4.84	0.00016930474594366107
4.8500000000000005	0.00016812423367150857
4.86	0.0001670603053718948
4.87	0.00016613812387073005
4.88	0.0001653926592915119
4.89	0.00016487333755317796
4.9	0.0001646513844997838
4.91	0.00016483169183660154
4.92	0.00016557239660194134
4.93	0.0001671177010733156
4.94	0.0001698529556348676
4.95	0.00017439366788850834
4.96	0.00018170752657498788
4.97	0.00019317079384569393
4.98	0.00021002233621673414
4.99	0.00023056687629556286
5.	0.00024481524831592604
5.01	0.0002396619753138401
5.0200000000000005	0.00021888780758456806
5.03	0.00019659130141145848
5.04	0.00017928218240128923
5.05	0.00016702637391986203
5.0600000000000005	0.0001583807322139609
5.07	0.00015210754255506455
5.08	0.00014738216093060285
5.09	0.00014368605980451333
5.1000000000000005	0.00014069402310849655
5.11	0.00013819876803904292
5.12	0.00013606530088792652
5.13	0.00013420380665591858
5.14	0.00013255343112189715
5.15	0.00013107242026127777
5.16	0.00012973201897887186
5.17	0.00012851264409132352
5.18	0.00012740147524788921
5.19	0.00012639096608721754
5.2	0.00012547798800122706
5.21	0.00012466344804351715
5.22	0.00012395230920302027
5.23	0.00012335400894851592
5.24	0.00012288333753413406
5.25	0.00012256191701790276
5.26	0.00012242053558900976
5.2700000000000005	0.0001225027711853039
5.28	0.00012287063772918936
5.29	0.0001236135037823081
5.3	0.00012486244281355462
5.3100000000000005	0.00012681378654659864
5.32	0.00012976845959275624
5.33	0.00013419816902742452
5.34	0.00014085463833250382
5.3500000000000005	0.0001509327733827934
5.36	0.0001662237982482374
5.37	0.00018880619119780007
5.38	0.00021853758132958314
5.39	0.00024590185395893555
5.4	0.0002505461646976062
5.41	0.00022729790677638453
5.42	0.0001951579345260726
5.43	0.00016840328864378674
5.44	0.0001494031383971453
5.45	0.00013635886763849005
5.46	0.00012729159070332664
5.47	0.00012081316013878527
5.48	0.00011604206726512205
5.49	0.0001124277794564828
5.5	0.0001096230470820384
5.51	0.00010740503717873486
5.5200000000000005	0.00010562848459903848
5.53	0.00010419792430260351
5.54	0.00010305110785888448
5.55	0.00010214907468445842
5.5600000000000005	0.00010147033138535601
5.57	0.00010100773660631291
5.58	0.00010076737297048637
5.59	0.00010076914174608573
5.6000000000000005	0.00010104918513507447
5.61	0.0001016646384316494
5.62	0.00010270176255133819
5.63	0.00010428938536300761
5.64	0.0001066210856650055
5.65	0.00010999218236842311
5.66	0.0001148620353779946
5.67	0.00012195862937620352
5.68	0.0001324462704731724
5.69	0.00014814758942067294
5.7	0.00017160126613931348
5.71	0.00020483548615466023
5.72	0.0002436830589002402
5.73	0.0002684060488113649
5.74	0.0002569915636709469
5.75	0.0002199377588490973
5.76	0.00018218251158060118
5.7700000000000005	0.0001537721504371514
5.78	0.00013423542264918097
5.79	0.00012094365515022221
5.8	0.00011174767690925505
5.8100000000000005	0.000105233514194136
5.82	0.00010051692153385351
5.83	0.0000970467299923426
5.84	0.00009447601622080079
5.8500000000000005	0.00009258484210514174
5.86	0.00009123497625201221
5.87	0.0000903436426613218
5.88	0.00008986880108311495
5.89	0.0000898019050655685
5.9	0.00009016620433125612
5.91	0.00009102011811155377
5.92	0.00009246649843988953
5.93	0.00009467016690442965
5.94	0.00009788847485545721
5.95	0.00010252354390328872
5.96	0.00010921108476535588
5.97	0.0001189683278115302
5.98	0.00013341999460927026
5.99	0.00015503601621826677
6.	0.00018684742138012423
6.01	0.00022945057632851244
6.0200000000000005	0.0002714353981336888
6.03	0.0002841535003860043
6.04	0.00025518374587840675
6.05	0.00020969963011254598
6.0600000000000005	0.000170592265260488
6.07	0.00014277701027805203
6.08	0.0001239469786117766
6.09	0.00011118166515915602
6.1000000000000005	0.0001023845024791864
6.11	0.00009622171003151964
6.12	0.0000918674524510491
6.13	0.00008881132057938223
6.140000000000001	0.00008673921587749832
6.15	0.00008546397279802027
6.16	0.00008488657298736949
6.17	0.00008497655778935222
6.18	0.00008576589344395897
6.19	0.00008735447859911812
6.2	0.00008992881323136776
6.21	0.00009379918433422735
6.22	0.00009946622434991294
6.23	0.00010773564608094192
6.24	0.00011990716821256852
6.25	0.0001380442337956372
6.26	0.00016515452122652495
6.2700000000000005	0.00020427666867640435
6.28	0.0002530986098945737
6.29	0.0002918261168918618
6.3	0.00028911765659966426
6.3100000000000005	0.000247433710575688
6.32	0.00019874286730435717
6.33	0.00016058887817595833
6.34	0.00013424864328625573
6.3500000000000005	0.00011656415524297714
6.36	0.00010462763907118365
6.37	0.00009648025813190731
6.38	0.00009090095320443844
6.390000000000001	0.00008714444909147612
6.4	0.00008476357761187923
6.41	0.00008350438405413246
6.42	0.00008324914253960415
6.43	0.00008399077403134592
6.44	0.00008583090415894437
6.45	0.00008900092225675458
6.46	0.00009391236755197802
6.47	0.00010125145499489812
6.48	0.00011214213252059055
6.49	0.00012839943086369356
6.5	0.00015280367030284472
6.51	0.00018881695107503342
6.5200000000000005	0.0002373278034710249
6.53	0.000285947794247109
6.54	0.00030222688781686425
6.55	0.00027054557391408414
6.5600000000000005	0.0002188838930339219
6.57	0.00017408833198337035
6.58	0.00014227497428451045
6.59	0.00012091677831931704
6.6000000000000005	0.00010666856877041896
6.61	0.00009712113234412751
6.62	0.00009075451615279293
6.63	0.0000866498841705018
6.640000000000001	0.00008427192211014434
6.65	0.00008333907198289958
6.66	0.00008375682495122248
6.67	0.00008559562427145987
6.68	0.00008910670263813765
6.69	0.00009478062693236207
6.7	0.00010346517167556958
6.71	0.00011656802281282631
6.72	0.00013634470372212302
6.73	0.00016605703366866996
6.74	0.00020879991500597078
6.75	0.00026116298603542394
6.76	0.00030021497772626294
6.7700000000000005	0.0002934208259063883
6.78	0.0002472973698083408
6.79	0.0001960645702143001
6.8	0.00015667784066882178
6.8100000000000005	0.00012977751863321708
6.82	0.00011193936201388253
6.83	0.00010015950293552077
6.84	0.0000924538405654064
6.8500000000000005	0.00008761770569079997
6.86	0.00008495970925000422
6.87	0.00008413178924852004
6.88	0.00008504310391455233
6.890000000000001	0.00008783771446471441
6.9	0.00009292982294612871
6.91	0.00010110620886924429
6.92	0.00011371740812561404
6.93	0.00013295789835500292
6.94	0.00016203278387866824
6.95	0.00020406300493950103
6.96	0.0002559993672668823
6.97	0.00029568481796062176
6.98	0.00029039242319722465
6.99	0.0002452051020492379
7.	0.00019415581191434985
7.01	0.00015474738969564232
7.0200000000000005	0.00012788071621012512
7.03	0.0001101861246939826
7.04	0.00009866794008125875
7.05	0.00009135537761194242
7.0600000000000005	0.00008707507379195685
7.07	0.00008519230582732102
7.08	0.00008545291043576327
7.09	0.00008791887028423104
7.1000000000000005	0.00009298437231020456
7.11	0.00010147591924997426
7.12	0.00011485183786884585
7.13	0.0001354761107453396
7.140000000000001	0.00016663989448285885
7.15	0.00021073378796906722
7.16	0.00026130124796167124
7.17	0.0002913063836549572
7.18	0.0002738336072602582
7.19	0.000225438398390599
7.2	0.00017788831992026212
7.21	0.00014290856471526773
7.22	0.000119494444216935
7.23	0.00010427992017095662
7.24	0.00009462377627465456
7.25	0.00008886849641322372
7.26	0.00008608595951411454
7.2700000000000005	0.00008586142762394787
7.28	0.00008818826123745363
7.29	0.00009346681599566618
7.3	0.00010260690928906616
7.3100000000000005	0.0001172380063443821
7.32	0.00013994609310223193
7.33	0.0001739556059656563
7.34	0.0002198861821119974
7.3500000000000005	0.0002653911871336635
7.36	0.0002794345058557357
7.37	0.00024846672616857414
7.38	0.00019972521013384865
7.390000000000001	0.0001580768728576587
7.4	0.00012891444823945775
7.41	0.00010980148262119294
7.42	0.00009765788202534765
7.43	0.00009033775876167358
7.44	0.000086586698029406
7.45	0.00008580262024949986
7.46	0.00008788934753266051
7.47	0.00009323268240873165
7.48	0.00010279770182766064
7.49	0.00011833463414658913
7.5	0.00014253463717544808
7.51	0.00017824154721525658
7.5200000000000005	0.00022365589197655386
7.53	0.0002610071312329755
7.54	0.0002604896788041281
7.55	0.00022251088757651655
7.5600000000000005	0.0001769852652384073
7.57	0.0001413211312938229
7.58	0.00011715861027598215
7.59	0.00010164995304023282
7.6000000000000005	0.00009214456678938351
7.61	0.00008694791116601378
7.62	0.00008517082671281734
7.63	0.00008654251066819412
7.640000000000001	0.00009134462179767025
7.65	0.00010048023956226412
7.66	0.00011565310085320507
7.67	0.0001394536700304491
7.68	0.00017431339247764565
7.69	0.00021710004092913385
7.7	0.00024839359857718675
7.71	0.00024167769368689721
7.72	0.00020337270905592962
7.73	0.00016167197067377354
7.74	0.00013010950609069135
7.75	0.00010908546653686703
7.76	0.00009585395336938251
7.7700000000000005	0.00008810272466896739
7.78	0.00008443930765128315
7.79	0.00008423864233123058
7.8	0.00008751110721767423
7.8100000000000005	0.00009490488009285676
7.82	0.00010783399077909487
7.83	0.00012857309995983524
7.84	0.0001594928651243536
7.8500000000000005	0.0001986921909223427
7.86	0.00023011364682446082
7.87	0.00022816080235584538
7.88	0.0001945978266939898
7.890000000000001	0.00015547143224001187
7.9	0.000125228392144151
7.91	0.00010503345120576006
7.92	0.00009244134420973716
7.930000000000001	0.00008526967410277012
7.94	0.00008221753597301941
7.95	0.00008276230149226371
7.96	0.00008705872462819475
7.97	0.00009596880071594685
7.98	0.00011117319310044213
7.99	0.00013497728002614828
8.	0.00016821306806290116
8.01	0.00020298981501906644
8.02	0.00021674061531218214
8.03	0.00019621937133626585
8.040000000000001	0.00015996324498016717
8.05	0.00012812559461634627
8.06	0.00010593114191812345
8.07	0.00009186780938737758
8.08	0.00008370386194544272
8.09	0.00007995691305920125
8.1	0.00007996243303425225
8.11	0.00008377821120550278
8.120000000000001	0.00009219050426713667
8.13	0.0001067813233233488
8.14	0.00012960316438937765
8.15	0.00016071495245741828
8.16	0.00019080246983669113
8.17	0.00019831863952652243
8.18	0.00017576162242691746
8.19	0.00014263972779230137
8.2	0.0001151591123584005
8.21	0.00009650568972994713
8.22	0.00008500395277277752
8.23	0.00007873776245633394
8.24	0.0000765650640888085
8.25	0.0000781362400753539
8.26	0.00008382730831578558
8.27	0.000094769188436649
8.28	0.0001127302398905702
8.290000000000001	0.00013872777277912024
8.3	0.00016772480226660271
8.31	0.0001823981055749751
8.32	0.0001688838020783718
8.33	0.00013969913143359574
8.34	0.00011277541201447946
8.35	0.00009381797980402475
8.36	0.00008197576954002212
8.370000000000001	0.00007545921519936382
8.38	0.00007309210170324847
8.39	0.00007446908089181122
8.4	0.00007992117176782372
8.41	0.00009051832322210497
8.42	0.00010783290065354149
8.43	0.0001321893222633188
8.44	0.00015703861973359956
8.45	0.0001653494867544501
8.46	0.00014885573949215865
8.47	0.00012218845793077204
8.48	0.0000994936255634763
8.49	0.00008409619762268471
8.5	0.00007484116096612202
8.51	0.00007024279492504783
8.52	0.0000694727852475259
8.53	0.0000724396881168417
8.540000000000001	0.00007977206777470274
8.55	0.00009272348881460166
8.56	0.00011227866470289675
8.57	0.0001354531673371742
8.58	0.00014964044915528947
8.59	0.00014179369168559455
8.6	0.00011925111661424135
8.61	0.0000971779633656822
8.620000000000001	0.00008141776676647148
8.63	0.00007170096595664282
8.64	0.00006666254513863076
8.65	0.00006541368833187055
8.66	0.0000677673326284914
8.67	0.00007422989052377314
8.68	0.0000858785538812505
8.69	0.00010344008544544653
8.700000000000001	0.00012373700979614972
8.71	0.0001349684942185396
8.72	0.0001265068965205784
8.73	0.00010620153512323976
8.74	0.00008709587042761383
8.75	0.00007373647815690825
8.76	0.00006572290682250843
8.77	0.00006190085702736638
8.78	0.00006160459817668698
8.790000000000001	0.00006483201677371824
8.8	0.00007221557024293956
8.81	0.00008470679107738507
8.82	0.00010190860621442268
8.83	0.00011766434604558055
8.84	0.00011971629420860918
8.85	0.00010575409850101346
8.86	0.0000874191963964736
8.870000000000001	0.00007295072447386661
8.88	0.0000636870636280376
8.89	0.00005873986597201642
8.9	0.000057303473176239046
8.91	0.0000591511147475457
8.92	0.00006465694177381566
8.93	0.00007458362626548237
8.94	0.00008895147225204922
8.950000000000001	0.00010356165804595356
8.96	0.00010798205266711432
8.97	0.00009757828511699552
8.98	0.00008146094791725125
8.99	0.00006805989611952785
9.	0.000059313359396261096
9.01	0.00005459142850605766
9.02	0.00005316713176038797
9.03	0.000054820918278516134
9.040000000000001	0.000059887381765268565
9.05	0.00006900679509656644
9.06	0.0000818579924801175
9.07	0.000093802747795439
9.08	0.00009548214197938691
9.09	0.00008493816578864428
9.1	0.00007099652287915364
9.11	0.00006004418126664762
9.120000000000001	0.00005318139909789296
9.13	0.00004979295894014286
9.14	0.00004935233607118983
9.15	0.00005181939502624824
9.16	0.00005760905702605464
9.17	0.00006708715479131666
9.18	0.00007862545710441193
9.19	0.00008567397979007696
9.200000000000001	0.0000815094084500217
9.21	0.00006993685320610634
9.22	0.00005878046282485499
9.23	0.00005108516909850879
9.24	0.000046796822047284854
9.25	0.000045364152718184556
9.26	0.00004657272664592727
9.27	0.00005064669221919779
9.28	0.00005796130149682509
9.290000000000001	0.00006774268068666437
9.3	0.00007538014791188512
9.31	0.00007411503446134982
9.32	0.00006493945578380204
9.33	0.000054853788367623345
9.34	0.000047537105145646505
9.35	0.00004332054962395209
9.36	0.00004175192733037716
9.370000000000001	0.00004260195007022811
9.38	0.00004602493197187915
9.39	0.00005230146115065386
9.4	0.00006066205286647097
9.41	0.00006697180620281668
9.42	0.00006551156168421105
9.43	0.00005748474149748883
9.44	0.00004891285023372543
9.450000000000001	0.000042810340498386795
9.46	0.000039418710246485154
9.47	0.000038377811945618794
9.48	0.0000395452900180715
9.49	0.00004309030237311691
9.5	0.00004911064805514549
9.51	0.000056240508028805266
9.52	0.00005996548596788957
9.53	0.00005649737846836934
9.540000000000001	0.00004894464804327734
9.55	0.00004210542337967318
9.56	0.000037631059837411745
9.57	0.000035445698312594466
9.58	0.00003528491742342134
9.59	0.0000371379616127505
9.6	0.000041168236675293014
9.61	0.000047005265352292536
9.620000000000001	0.000052078746340826873
9.63	0.00005199332968999853
9.64	0.00004658475033184939
9.65	0.00004018603440598635
9.66	0.00003547859153394349
9.67	0.000032856252879110804
9.68	0.0000321007073234541
9.69	0.00003311811730843604
9.700000000000001	0.00003601242092949346
9.71	0.00004065441415612577
9.72	0.000045400661765222765
9.73	0.00004653518091710577
9.74	0.00004268234510054957
9.75	0.00003714915122069147
9.76	0.000032780766649323047
9.77	0.00003022761050102682
9.78	0.000029352658731600394
9.790000000000001	0.000030052901386743813
9.8	0.00003239101115476463
9.81	0.000036247386740018754
9.82	0.00004024110875114709
9.83	0.00004122655518955644
9.84	0.000037989934463981745
9.85	0.000033310739107343685
9.86	0.000029624409947000702
9.870000000000001	0.000027504252565236848
9.88	0.00002684981213268332
9.89	0.0000275876151735456
9.9	0.00002975978208990212
9.91	0.00003313549816859747
9.92	0.00003620818084447253
9.93	0.000036282148376106556
9.94	0.00003308225116706053
9.950000000000001	0.000029215004073255704
9.96	0.000026402219884509535
9.97	0.00002494682472221783
9.98	0.000024759697666523187
9.99	0.000025816448180815663
10.	0.000028111362200400317
10.01	0.00003110522074936342
10.02	0.00003290902088415867
10.03	0.00003163613607890052
10.040000000000001	0.000028368367017922015
10.05	0.000025319082413695903
10.06	0.000023376767751369496
10.07	0.000022584285042439263
10.08	0.00002287134698233487
10.09	0.000024236602907753402
10.1	0.00002650915658654074
10.11	0.000028649275543680876
10.120000000000001	0.000028743241505639925
10.13	0.00002650904860849799
10.14	0.000023767502651356855
10.15	0.000021776635328666595
10.16	0.000020778436712470328
10.17	0.000020724243347679904
10.18	0.000021596154957301132
10.19	0.00002331840395846389
10.200000000000001	0.000025253812402930295
10.21	0.000025854871697586536
10.22	0.000024345730984456066
10.23	0.000022020317522611403
10.24	0.00002017673028826661
10.25	0.0000191716721941566
10.26	0.00001898931560066013
10.27	0.000019605326293373396
10.28	0.000020961901566450532
10.290000000000001	0.0000225773903051254
10.3	0.000023192746531942296
10.31	0.00002203694593839445
10.32	0.000020102401447622982
10.33	0.000018528932554461837
10.34	0.000017663227354055135
10.35	0.00001750520675987785
10.36	0.000018032906336486736
10.370000000000001	0.0000191787429883301
10.38	0.000020484727194103967
10.39	0.000020869545358940823
10.4	0.000019811403739629586
10.41	0.000018220879418993795
10.42	0.000016997277256383793
10.43	0.000016393671566240335
10.44	0.00001641155044905409
10.450000000000001	0.000017028794910037933
10.46	0.00001811059661352325
10.47	0.000019082180319984274
10.48	0.000019011701453121202
10.49	0.000017828866025558262
10.5	0.000016449805132806296
10.51	0.000015485040329125688
10.52	0.000015054481371440637
10.53	0.000015140756659830496
10.540000000000001	0.000015712413678257385
10.55	0.000016582563685855742
10.56	0.000017131855402124204
10.57	0.00001670823864377933
10.58	0.00001563257410194578
10.59	0.000014644042759614584
10.6	0.000014059233126929244
10.61	0.000013912518910868501
10.620000000000001	0.000014188022482148725
10.63	0.000014818342466778963
10.64	0.000015475163967862725
10.65	0.000015523219240575554
10.66	0.000014804746698075925
10.67	0.000013900523802970793
10.68	0.000013258055018055013
10.69	0.000012983006632032752
10.700000000000001	0.000013070966588843543
10.71	0.000013489988380568376
10.72	0.000014063244550286838
10.73	0.000014313688384856708
10.74	0.000013892081696347482
10.75	0.000013140947989893158
10.76	0.000012526332744268772
10.77	0.0000122100701294615
10.78	0.000012203777263047693
10.790000000000001	0.000012487942053575221
10.8	0.0000129542688511681
10.81	0.000013255658655660958
10.82	0.000013029110022748279
10.83	0.000012456728736970295
10.84	0.00001195769344940449
10.85	0.000011718182804263621
10.86	0.000011760196772173738
10.870000000000001	0.000012039829334332238
10.88	0.000012413461914691175
10.89	0.00001259347985428669
10.9	0.000012320534231250672
10.91	0.000011749294586738708
10.92	0.000011231486008226329
10.93	0.000010925014263117976
10.94	0.000010847586457687256
10.950000000000001	0.000010981761761139004
10.96	0.000011252206200787825
10.97	0.000011426685963724652
10.98	0.000011252721892866937
10.99	0.000010837931959115703
11.	0.00001046117564504775
11.01	0.000010248479918878342
11.02	0.00001021682955911515
11.03	0.000010351390628590504
11.040000000000001	0.000010575803114504854
11.05	0.00001068060333686367
11.06	0.00001049201384418103
11.07	0.000010146066715788182
11.08	9.85924482810292e-6
11.09	9.713999704823765e-6
11.1	9.717901091019087e-6
11.11	9.850931760597539e-6
11.120000000000001	0.000010023494849689214
11.13	0.000010045494222353095
11.14	9.836416234263177e-6
11.15	9.556909183925333e-6
11.16	9.35768437254078e-6
11.17	9.282461949484982e-6
11.18	9.330805238678898e-6
11.19	9.472949151316059e-6
11.200000000000001	9.60215654818775e-6
11.21	9.571441286804841e-6
11.22	9.406218776471615e-6
11.23	9.266130871724156e-6
11.24	9.234984588528746e-6
11.25	9.294181715381708e-6
11.26	9.366884359867236e-6
11.27	9.391545208475418e-6
11.28	9.311019045574668e-6
11.290000000000001	9.095287410757437e-6
11.3	8.842579896746629e-6
11.31	8.654621321860213e-6
11.32	8.560654296895736e-6
11.33	8.556328100954531e-6
11.34	8.615108644294949e-6
11.35	8.658046841068483e-6
11.36	8.588286908829348e-6
11.370000000000001	8.42920103650525e-6
11.38	8.28060322305717e-6
11.39	8.19357184076894e-6
11.4	8.175868427288308e-6
11.41	8.215955948932545e-6
11.42	8.266796679271578e-6
11.43	8.244425545633282e-6
11.44	8.13093994705603e-6
11.450000000000001	8.002458892806938e-6
11.46	7.916505251155335e-6
11.47	7.887160517747978e-6
11.48	7.909174363671893e-6
11.49	7.952930846885284e-6
11.5	7.95312546389553e-6
11.51	7.876139633577587e-6
11.52	7.774549360800806e-6
11.53	7.704048964414369e-6
11.540000000000001	7.683066239417896e-6
11.55	7.711621954303744e-6
11.56	7.772712879117461e-6
11.57	7.821372442245911e-6
11.58	7.829391590496363e-6
11.59	7.835131042231132e-6
11.6	7.864165749523513e-6
11.61	7.869091412601728e-6
11.620000000000001	7.809822811075566e-6
11.63	7.722709726201045e-6
11.64	7.626058481651088e-6
11.65	7.505085373936775e-6
11.66	7.382000505205474e-6
11.67	7.288586660165558e-6
11.68	7.233961196240576e-6
11.69	7.214072514282761e-6
11.700000000000001	7.2132679796575365e-6
11.71	7.197426235221403e-6
11.72	7.1434047567211486e-6
11.73	7.073880461822406e-6
11.74	7.018805346571971e-6
11.75	6.98850365885565e-6
11.76	6.981430901773055e-6
11.77	6.984649310251693e-6
11.78	6.970600637539707e-6
11.790000000000001	6.925787000204598e-6
11.8	6.872133316417921e-6
11.81	6.832129543720603e-6
11.82	6.8126005245988874e-6
11.83	6.811286739919156e-6
11.84	6.815520084375203e-6
11.85	6.803285832309902e-6
11.86	6.771078047090073e-6
11.870000000000001	6.7405949966604345e-6
11.88	6.729100551933258e-6
11.89	6.743297596537773e-6
11.9	6.784603145482216e-6
11.91	6.846527215442636e-6
11.92	6.9164966405182125e-6
11.93	6.980867592487142e-6
11.94	6.995904838473503e-6
11.950000000000001	6.922238176920489e-6
11.96	6.804879748176545e-6
11.97	6.700920284513297e-6
11.98	6.616430370265815e-6
11.99	6.538897819567221e-6
12.	6.470703543824175e-6
12.01	6.418626990308565e-6
12.02	6.3832604808879634e-6
12.030000000000001	6.36100045101303e-6
12.040000000000001	6.34314488922948e-6
12.05	6.317530133489143e-6
12.06	6.283053507924736e-6
12.07	6.249966301866427e-6
12.08	6.224899355555265e-6
12.09	6.208692542340561e-6
12.1	6.1980069260301075e-6
12.11	6.184476953965763e-6
12.120000000000001	6.16209932190459e-6
12.13	6.13657238548068e-6
12.14	6.115929672144298e-6
12.15	6.103204693665769e-6
12.16	6.097823380151256e-6
12.17	6.095492485437014e-6
12.18	6.090496262238534e-6
12.19	6.0853997480976965e-6
12.200000000000001	6.089989538291396e-6
12.21	6.112847644108575e-6
12.22	6.160849158559981e-6
12.23	6.236896414538155e-6
12.24	6.325812133557973e-6
12.25	6.375188342972173e-6
12.26	6.328667109531527e-6
12.27	6.213443860356605e-6
12.280000000000001	6.097671007980837e-6
12.290000000000001	6.008926041214761e-6
12.3	5.9426632375927785e-6
12.31	5.888741734645256e-6
12.32	5.843890823531373e-6
12.33	5.808164484472157e-6
12.34	5.7805028986210176e-6
12.35	5.7586845693038e-6
12.36	5.738952474105592e-6
12.370000000000001	5.717598047903161e-6
12.38	5.695342091320544e-6
12.39	5.6752368866686974e-6
12.4	5.658658089627197e-6
12.41	5.645269159941057e-6
12.42	5.633128089111463e-6
12.43	5.619677340377702e-6
12.44	5.60542390414426e-6
12.450000000000001	5.593319820979256e-6
12.46	5.585348932611972e-6
12.47	5.58229275301958e-6
12.48	5.584087841260054e-6
12.49	5.590753126895268e-6
12.5	5.605729978375235e-6
12.51	5.6363776110222305e-6
12.52	5.690728255320868e-6
12.530000000000001	5.771243617431873e-6
12.540000000000001	5.85494824011403e-6
12.55	5.877992677524024e-6
12.56	5.804766013694651e-6
12.57	5.6883240426289245e-6
12.58	5.584506230893068e-6
12.59	5.507119777337665e-6
12.6	5.450730429799679e-6
12.61	5.407364815030291e-6
12.620000000000001	5.372116563679656e-6
12.63	5.3430931475302455e-6
12.64	5.319100586628452e-6
12.65	5.298887059178512e-6
12.66	5.280952105740334e-6
12.67	5.263806422616415e-6
12.68	5.247265582219772e-6
12.69	5.232146918463023e-6
12.700000000000001	5.218922373524909e-6
12.71	5.207541405398158e-6
12.72	5.197504799608824e-6
12.73	5.188360821457533e-6
12.74	5.18081282237302e-6
12.75	5.176352973217118e-6
12.76	5.176485102449679e-6
12.77	5.182942357798328e-6
12.780000000000001	5.198180768441783e-6
12.790000000000001	5.226446696968728e-6
12.8	5.274451416332345e-6
12.81	5.346868337068126e-6
12.82	5.429689966965362e-6
12.83	5.469259111803726e-6
12.84	5.417850583549177e-6
12.85	5.3115725283091446e-6
12.86	5.209263486206074e-6
12.870000000000001	5.13098791495052e-6
12.88	5.074111218293988e-6
12.89	5.03193303631475e-6
12.9	4.999045255736315e-6
12.91	4.972167407282494e-6
12.92	4.949619621545421e-6
12.93	4.93035391229972e-6
12.94	4.91354813289967e-6
12.950000000000001	4.898465470240979e-6
12.96	4.884578202609065e-6
12.97	4.871877750002389e-6
12.98	4.8606149993782e-6
12.99	4.850982996169027e-6
13.	4.843123615914335e-6
13.01	4.837230400470957e-6
13.02	4.833914607306629e-6
13.030000000000001	4.83449162826776e-6
13.040000000000001	4.840944602133979e-6
13.05	4.856211137822089e-6
13.06	4.884708176521931e-6
13.07	4.932311402690915e-6
13.08	5.002456300723831e-6
13.09	5.079974567308568e-6
13.1	5.112569148862659e-6
13.11	5.059501976347105e-6
13.120000000000001	4.959210108331721e-6
13.13	4.864972449909493e-6
13.14	4.793298883472603e-6
13.15	4.7411766775160095e-6
13.16	4.702554192064724e-6
13.17	4.672741749206791e-6
13.18	4.648673522767074e-6
13.19	4.628540212169066e-6
13.200000000000001	4.611293598396862e-6
13.21	4.596238960760766e-6
13.22	4.582884444375432e-6
13.23	4.570938492802607e-6
13.24	4.560348259908671e-6
13.25	4.551266521400026e-6
13.26	4.543960061320431e-6
13.27	4.538827822644859e-6
13.280000000000001	4.536504324443828e-6
13.290000000000001	4.538080767280057e-6
13.3	4.545441271351052e-6
13.31	4.561612987750039e-6
13.32	4.59115672022564e-6
13.33	4.63970308661389e-6
13.34	4.70865636908907e-6
13.35	4.77774788647267e-6
13.36	4.793929408683526e-6
13.370000000000001	4.731685303931138e-6
13.38	4.636776638625061e-6
13.39	4.553063617137601e-6
13.4	4.490524491444449e-6
13.41	4.445040470310993e-6
13.42	4.411139758653771e-6
13.43	4.384846264946627e-6
13.44	4.363607176555586e-6
13.450000000000001	4.3458511979283245e-6
13.46	4.330647041397709e-6
13.47	4.317443561127097e-6
13.48	4.305920908260878e-6
13.49	4.2959261936934585e-6
13.5	4.28746912513017e-6
13.51	4.280752209178362e-6
13.52	4.276189191786532e-6
13.530000000000001	4.274471774530921e-6
13.540000000000001	4.276730460078116e-6
13.55	4.284821355573444e-6
13.56	4.3017549745169175e-6
13.57	4.3320451302872714e-6
13.58	4.380789103758397e-6
13.59	4.446962181617084e-6
13.6	4.505226706237009e-6
13.61	4.50489049282629e-6
13.620000000000001	4.436797979592759e-6
13.63	4.349293306340951e-6
13.64	4.276119715080752e-6
13.65	4.222195268351475e-6
13.66	4.18291066427457e-6
13.67	4.1534396388758345e-6
13.68	4.130437197532832e-6
13.69	4.1117963134264004e-6
13.700000000000001	4.096223505361729e-6
13.71	4.082944948786266e-6
13.72	4.071522130683187e-6
13.73	4.061742019237185e-6
13.74	4.05356920892205e-6
13.75	4.047143995434722e-6
13.76	4.042823342735498e-6
13.77	4.04126069616201e-6
13.780000000000001	4.0435521213083284e-6
13.790000000000001	4.05149648900994e-6
13.8	4.0679808560561615e-6
13.81	4.097270063576332e-6
13.82	4.14384772110781e-6
13.83	4.205153511511892e-6
13.84	4.254231389445271e-6
13.85	4.245223664893605e-6
13.86	4.178083562034511e-6
13.870000000000001	4.098657305054792e-6
13.88	4.033944618614885e-6
13.89	3.986527557346166e-6
13.9	3.9519303200738e-6
13.91	3.925893775897159e-6
13.92	3.905534527098447e-6
13.93	3.889052908786561e-6
13.94	3.875330676917302e-6
13.950000000000001	3.863664175543044e-6
13.96	3.85368809672195e-6
13.97	3.845332810696276e-6
13.98	3.838710481566945e-6
13.99	3.8341035919275446e-6
14.	3.832054238536321e-6
14.01	3.833509803108879e-6
14.02	3.840053417126054e-6
14.030000000000001	3.854243965908295e-6
14.040000000000001	3.879887772070664e-6
14.05	3.921101365965628e-6
14.06	3.976100286743329e-6
14.07	4.021657838977419e-6
14.08	4.015948701050562e-6
14.09	3.956300942482661e-6
14.1	3.883863205106321e-6
14.11	3.824312842926132e-6
14.120000000000001	3.780564852837876e-6
14.13	3.7486379247128273e-6
14.14	3.7246235893297053e-6
14.15	3.705859379881317e-6
14.16	3.6906912495813174e-6
14.17	3.678125517495204e-6
14.18	3.667590657435372e-6
14.19	3.6588013170657006e-6
14.200000000000001	3.6516928798734615e-6
14.21	3.6464072793267122e-6
14.22	3.643327316625881e-6
14.23	3.643170026717019e-6
14.24	3.6471626928909908e-6
14.25	3.657322794983614e-6
14.26	3.6767612073449856e-6
14.27	3.709350763047979e-6
14.280000000000001	3.7560247458426775e-6
14.290000000000001	3.80268875130024e-6
14.3	3.812796385003017e-6
14.31	3.7691523372152646e-6
14.32	3.7033995280891976e-6
14.33	3.6455284161182795e-6
14.34	3.6022832454044755e-6
14.35	3.5707990834335012e-6
14.36	3.547324782214838e-6
14.370000000000001	3.52916616556525e-6
14.38	3.5146292683513544e-6
14.39	3.5026981692002157e-6
14.4	3.492793800538283e-6
14.41	3.4846333086070306e-6
14.42	3.4781634369223074e-6
14.43	3.473549515372327e-6
14.44	3.4712167586979652e-6
14.450000000000001	3.4719558228149313e-6
14.46	3.4771152213722597e-6
14.47	3.48888087057245e-6
14.48	3.5104387309562214e-6
14.49	3.544869113361144e-6
14.5	3.589050811211716e-6
14.51	3.6208263156153753e-6
14.52	3.607834380859268e-6
14.530000000000001	3.5555024878199634e-6
14.540000000000001	3.497582919968367e-6
14.55	3.4512520754298296e-6
14.56	3.4173258834965827e-6
14.57	3.392446903562708e-6
14.58	3.373626943338584e-6
14.59	3.358846308053563e-6
14.6	3.3468173129293023e-6
14.61	3.336823087342639e-6
14.620000000000001	3.3285771015020504e-6
14.63	3.3220218942703337e-6
14.64	3.3172782016117035e-6
14.65	3.314704690854617e-6
14.66	3.3150054144637645e-6
14.67	3.3194062089040866e-6
14.68	3.3299031317637956e-6
14.69	3.349372698530028e-6
14.700000000000001	3.380398808678146e-6
14.71	3.4193141145982384e-6
14.72	3.4448617379271744e-6
14.73	3.429372940364882e-6
14.74	3.381064645253248e-6
14.75	3.329767764517595e-6
14.76	3.2891742602785836e-6
14.77	3.2594053442078784e-6
14.780000000000001	3.2374309014793142e-6
14.790000000000001	3.2206745622308933e-6
14.8	3.207450630104349e-6
14.81	3.1967442415661027e-6
14.82	3.187984677369123e-6
14.83	3.1809050941833047e-6
14.84	3.1754772444426878e-6
14.85	3.1719062337725742e-6
14.86	3.1706838038810657e-6
14.870000000000001	3.17271170139701e-6
14.88	3.179502507114224e-6
14.89	3.193362915978765e-6
14.9	3.21693208498433e-6
14.91	3.2497262856145414e-6
14.92	3.2786803916163704e-6
14.93	3.277346819311596e-6
14.94	3.240596160150756e-6
14.950000000000001	3.1935508516952903e-6
14.96	3.153983686963888e-6
14.97	3.124563533495122e-6
14.98	3.102915719773667e-6
14.99	3.08653756457873e-6
15.	3.073713179327878e-6
15.01	3.063396600069947e-6
15.02	3.054996940449143e-6
15.030000000000001	3.0482344810026e-6
15.040000000000001	3.0430713318860223e-6
15.05	3.0397035972035303e-6
15.06	3.0386129068807724e-6
15.07	3.0406864012270705e-6
15.08	3.0474015917525195e-6
15.09	3.06093304042466e-6
15.1	3.0833844177591072e-6
15.11	3.1125792479505855e-6
15.120000000000001	3.1332282931434695e-6
15.13	3.123087356175959e-6
15.14	3.085980883306644e-6
15.15	3.0451416161127024e-6
15.16	3.0123582228751185e-6
15.17	2.9881679148736504e-6
15.18	2.970198928066926e-6
15.19	2.9563260350049552e-6
15.200000000000001	2.945236630690407e-6
15.21	2.9362347991388876e-6
15.22	2.9289453133522285e-6
15.23	2.923215798678413e-6
15.24	2.9191125239762833e-6
15.25	2.9169534787642475e-6
15.26	2.9173932990238276e-6
15.27	2.9215701123725845e-6
15.280000000000001	2.9312400677645643e-6
15.290000000000001	2.9484112095996298e-6
15.3	2.9726596507316055e-6
15.31	2.993848137950676e-6
15.32	2.991690226672568e-6
15.33	2.9625014300043414e-6
15.34	2.9256164667884596e-6
15.35	2.8945492342813162e-6
15.36	2.8712870044661127e-6
15.370000000000001	2.854006065372809e-6
15.38	2.8408026451487e-6
15.39	2.8303828449115473e-6
15.4	2.8219740263381273e-6
15.41	2.8151657607932777e-6
15.42	2.809809290506735e-6
15.43	2.8059807679474467e-6
15.44	2.804002556932143e-6
15.450000000000001	2.8045245259249103e-6
15.46	2.8086585314628712e-6
15.47	2.818050664149437e-6
15.48	2.834266205392933e-6
15.49	2.855505449966566e-6
15.5	2.8698977573453697e-6
15.51	2.860705942001516e-6
15.52	2.831384304089309e-6
15.530000000000001	2.799557798496118e-6
15.540000000000001	2.773917937257529e-6
15.55	2.75478466165834e-6
15.56	2.740406824786201e-6
15.57	2.7292618760745013e-6
15.58	2.7203652160859402e-6
15.59	2.7131531244216555e-6
15.6	2.707358034069158e-6
15.610000000000001	2.702942131613179e-6
15.620000000000001	2.700089037694887e-6
15.63	2.6992516339837093e-6
15.64	2.701254106212671e-6
15.65	2.7073921205804356e-6
15.66	2.719178822989685e-6
15.67	2.736409390157473e-6
15.68	2.7517593889258347e-6
15.69	2.749999103676245e-6
15.700000000000001	2.727718856532383e-6
15.71	2.69924937881651e-6
15.72	2.674973985926767e-6
15.73	2.6564656399357955e-6
15.74	2.6424291235110626e-6
15.75	2.631536243865927e-6
15.76	2.622859043183612e-6
15.77	2.615830322682375e-6
15.780000000000001	2.6101641336631593e-6
15.790000000000001	2.6057997957692646e-6
15.8	2.6028909816634562e-6
15.81	2.6018460772331822e-6
15.82	2.6034162642525315e-6
15.83	2.6087642724609637e-6
15.84	2.6191322476595242e-6
15.85	2.633790226450363e-6
15.860000000000001	2.6451167890132058e-6
15.870000000000001	2.6400875553571385e-6
15.88	2.6186050168150018e-6
15.89	2.5936644093229586e-6
15.9	2.5729686017107027e-6
15.91	2.5572810403612103e-6
15.92	2.5453561833717604e-6
15.93	2.536017123366897e-6
15.94	2.5284948129588458e-6
15.950000000000001	2.522358694805858e-6
15.96	2.5174255802102233e-6
15.97	2.5137149024110573e-6
15.98	2.51145475456254e-6
15.99	2.511136336853726e-6
16.	2.513593634227945e-6
16.01	2.5199469253693285e-6
16.02	2.5307094314877396e-6
16.03	2.54252884649541e-6
16.04	2.545043624478349e-6
16.05	2.5312997334795727e-6
16.06	2.509439659263605e-6
16.07	2.4892728672568098e-6
16.080000000000002	2.473544358446681e-6
16.09	2.4615791998119254e-6
16.1	2.452261029710548e-6
16.11	2.444781569160091e-6
16.12	2.4386650272605926e-6
16.13	2.4336859725671356e-6
16.14	2.429816468472916e-6
16.15	2.427219850669232e-6
16.16	2.4262898145681288e-6
16.17	2.427716464047401e-6
16.18	2.4324540047895105e-6
16.19	2.4410335330348723e-6
16.2	2.450919003889772e-6
16.21	2.4535147273010597e-6
16.22	2.4421440471802428e-6
16.23	2.4230539316534025e-6
16.240000000000002	2.4049709347967536e-6
16.25	2.390666838272585e-6
16.26	2.37969211314538e-6
16.27	2.3710878137874177e-6
16.28	2.364138511546183e-6
16.29	2.3584224525388708e-6
16.3	2.353745373509034e-6
16.31	2.3500963812925534e-6
16.32	2.347645961283759e-6
16.330000000000002	2.3467837618135963e-6
16.34	2.348165704433931e-6
16.35	2.352594470250567e-6
16.36	2.360059053821139e-6
16.37	2.3669133238457835e-6
16.38	2.365006881377497e-6
16.39	2.351836428614555e-6
16.4	2.3348799739438738e-6
16.41	2.32007751567633e-6
16.42	2.3085128981573148e-6
16.43	2.299506679204195e-6
16.44	2.292292385031463e-6
16.45	2.286358165755215e-6
16.46	2.2814283012683336e-6
16.47	2.2774106567545083e-6
16.48	2.274375302103236e-6
16.490000000000002	2.272570822069149e-6
16.5	2.2724654602922407e-6
16.51	2.274728384833452e-6
16.52	2.2797731439239366e-6
16.53	2.2859370220115974e-6
16.54	2.287200982255594e-6
16.55	2.2784570147114996e-6
16.56	2.263904052209263e-6
16.57	2.249971448609046e-6
16.580000000000002	2.238773249532412e-6
16.59	2.2300071920218662e-6
16.6	2.222986499360914e-6
16.61	2.217203907761152e-6
16.62	2.2123721884931554e-6
16.63	2.2083807591202627e-6
16.64	2.205271276265726e-6
16.65	2.2032466647078127e-6
16.66	2.2027024281864985e-6
16.67	2.2042042666553685e-6
16.68	2.2080859719195027e-6
16.69	2.212908411120393e-6
16.7	2.2135771830262777e-6
16.71	2.20571085304706e-6
16.72	2.1927972167561896e-6
16.73	2.1803672024277908e-6
16.740000000000002	2.1702853418881906e-6
16.75	2.1623082498807916e-6
16.76	2.1558472403471976e-6
16.77	2.1504663794980826e-6
16.78	2.145921306204068e-6
16.79	2.1421236227669592e-6
16.8	2.139121824505178e-6
16.81	2.13711102015146e-6
16.82	2.1364561375392244e-6
16.830000000000002	2.1376348206450937e-6
16.84	2.1407296108237456e-6
16.85	2.1438148998694006e-6
16.86	2.142056954783291e-6
16.87	2.133330310138863e-6
16.88	2.1218654945572515e-6
16.89	2.111540314754401e-6
16.9	2.1032032862832295e-6
16.91	2.096485196347053e-6
16.92	2.0909219235179435e-6
16.93	2.0862047122213418e-6
16.94	2.08218022238427e-6
16.95	2.0788244034463703e-6
16.96	2.0762370799351985e-6
16.97	2.0746577225720534e-6
16.98	2.0744627846216454e-6
16.990000000000002	2.075958866121531e-6
17.	2.078452242901723e-6
17.01	2.0787165785485808e-6
17.02	2.0731540164259788e-6
17.03	2.0634710966664015e-6
17.04	2.053740355678513e-6
17.05	2.0456122040955514e-6
17.06	2.0390269199577975e-6
17.07	2.0335822395844912e-6
17.080000000000002	2.0289694917862494e-6
17.09	2.0250243358090308e-6
17.1	2.0217065405518297e-6
17.11	2.0190823903405557e-6
17.12	2.017303636860842e-6
17.13	2.016568533142372e-6
17.14	2.0170699310970314e-6
17.150000000000002	2.018480599055691e-6
17.16	2.0185153563981233e-6
17.17	2.013929103290975e-6
17.18	2.0054947866963484e-6
17.19	1.99668471130187e-6
17.2	1.9891694618584908e-6
17.21	1.9829977597369533e-6
17.22	1.9778324802440298e-6
17.23	1.973395646352346e-6
17.240000000000002	1.969531346828013e-6
17.25	1.966191570942881e-6
17.26	1.963427090316514e-6
17.27	1.9613938168411096e-6
17.28	1.960347772813008e-6
17.29	1.960497707323877e-6
17.3	1.9613509807852597e-6
17.31	1.9606434412520243e-6
17.32	1.9558658804441545e-6
17.330000000000002	1.9482247051882793e-6
17.34	1.9405642434744707e-6
17.35	1.934032061014281e-6
17.36	1.928584990311596e-6
17.37	1.92394316523942e-6
17.38	1.9198936602258507e-6
17.39	1.916326525984273e-6
17.400000000000002	1.9132233619490374e-6
17.41	1.9106533814196476e-6
17.42	1.9087785123815835e-6
17.43	1.9078232396373494e-6
17.44	1.907830807588506e-6
17.45	1.9078828388622022e-6
17.46	1.90562714918697e-6
17.47	1.8999697860848482e-6
17.48	1.8929503056687932e-6
17.490000000000002	1.886495931866463e-6
17.5	1.8810496290796802e-6
17.51	1.8764493224050445e-6
17.52	1.872487556857402e-6
17.53	1.8690291013135845e-6
17.54	1.8659779452293854e-6
17.55	1.8632428264049111e-6
17.56	1.8608650776493256e-6
17.57	1.8591147518981748e-6
17.580000000000002	1.858223812136331e-6
17.59	1.8578385208404994e-6
17.6	1.8563364131147875e-6
17.61	1.8520282764971703e-6
17.62	1.8458408991228892e-6
17.63	1.839712978738265e-6
17.64	1.8343876816199615e-6
17.650000000000002	1.8298196832316698e-6
17.66	1.8258172166852377e-6
17.67	1.8222402290566523e-6
17.68	1.81902356056255e-6
17.69	1.8161708633672764e-6
17.7	1.8137536015970162e-6
17.71	1.8119070295240948e-6
17.72	1.810756344968e-6
17.73	1.8100741583885722e-6
17.740000000000002	1.8086505388995739e-6
17.75	1.804962006484653e-6
17.76	1.799511618746942e-6
17.77	1.793955129798007e-6
17.78	1.7890366091058263e-6
17.79	1.7847630375601394e-6
17.8	1.7809790450750688e-6
17.81	1.7775646900381156e-6
17.82	1.7744635879341595e-6
17.830000000000002	1.7716791563776222e-6
17.84	1.7692734510206906e-6
17.85	1.7673608777630522e-6
17.86	1.7660330364004392e-6
17.87	1.7650397439004306e-6
17.88	1.763289728140376e-6
17.89	1.759627430378352e-6
17.900000000000002	1.7546777560064107e-6
17.91	1.7497860315629932e-6
17.92	1.745485325584615e-6
17.93	1.7417463852016559e-6
17.94	1.7383781476059847e-6
17.95	1.7351726748923851e-6
17.96	1.732082363425808e-6
17.97	1.729234501113923e-6
17.98	1.7267649268374165e-6
17.990000000000002	1.7247805800355039e-6
18.	1.723295533949535e-6
18.01	1.7218960982230575e-6
18.02	1.7194887069723815e-6
18.03	1.7154930874666967e-6
18.04	1.7108197594928988e-6
18.05	1.706396086712067e-6
18.06	1.7024491003352792e-6
18.07	1.698905163243113e-6
18.080000000000002	1.6956647621241702e-6
18.09	1.6926688902218387e-6
18.1	1.689903877629342e-6
18.11	1.6873994899404076e-6
18.12	1.6852250061664933e-6
18.13	1.6834488538015074e-6
18.14	1.6819528125314633e-6
18.150000000000002	1.680077622825461e-6
18.16	1.676956523641892e-6
18.17	1.6728315780493772e-6
18.18	1.6686319220321101e-6
18.19	1.6647921373634196e-6
18.2	1.66132429554632e-6
18.21	1.6581447751044552e-6
18.22	1.6551903652593938e-6
18.23	1.6524364303438965e-6
18.240000000000002	1.6498962694282321e-6
18.25	1.6476191894030756e-6
18.26	1.645670786373862e-6
18.27	1.6440240093996657e-6
18.28	1.6422799689285862e-6
18.29	1.6396836577983288e-6
18.3	1.636150043316297e-6
18.31	1.6324104782365587e-6
18.32	1.628886581493086e-6
18.330000000000002	1.6255371015719755e-6
18.34	1.6223071113724918e-6
18.35	1.6192498515686088e-6
18.36	1.6163997974184308e-6
18.37	1.6137665737152633e-6
18.38	1.6113744487783316e-6
18.39	1.609264062321047e-6
18.400000000000002	1.6074128528785384e-6
18.41	1.6055115514618132e-6
18.42	1.6029314715789365e-6
18.43	1.5995318528565568e-6
18.44	1.595899550940536e-6
18.45	1.5924629635486592e-6
18.46	1.5892928138178898e-6
18.47	1.586340145853545e-6
18.48	1.5835566114793806e-6
18.490000000000002	1.5809197272340192e-6
18.5	1.5784342887766503e-6
18.51	1.576130279502013e-6
18.52	1.574047218072364e-6
18.53	1.5721550269995707e-6
18.54	1.570163403040681e-6
18.55	1.5675640222086695e-6
18.56	1.5643345412056918e-6
18.57	1.5609766229230458e-6
18.580000000000002	1.5577991920822469e-6
18.59	1.5548397333146132e-6
18.6	1.5520572681624244e-6
18.61	1.549417137253344e-6
18.62	1.5469077057632841e-6
18.63	1.5445414990797779e-6
18.64	1.5423527800951045e-6
18.650000000000002	1.5403759726889622e-6
18.66	1.5385515280083324e-6
18.67	1.5365601607045643e-6
18.68	1.5339948182043813e-6
18.69	1.530914240975878e-6
18.7	1.5276881212108134e-6
18.71	1.5245794418942068e-6
18.72	1.5216647483863906e-6
18.73	1.5189237233654798e-6
18.740000000000002	1.5163241097638735e-6
18.75	1.5138511582534893e-6
18.76	1.51151161445593e-6
18.77	1.509326291835445e-6
18.78	1.5072902153353094e-6
18.79	1.5052577817946089e-6
18.8	1.5028941124291559e-6
18.81	1.5000761070023038e-6
18.82	1.4971021256454743e-6
18.830000000000002	1.4942254571669614e-6
18.84	1.4914981074047494e-6
18.85	1.4888968510289134e-6
18.86	1.4863962693212097e-6
18.87	1.4839855758575882e-6
18.88	1.4816699904007155e-6
18.89	1.4794678043752558e-6
18.900000000000002	1.4773919076994237e-6
18.91	1.4753801129568122e-6
18.92	1.4732013060722051e-6
18.93	1.4706440699709181e-6
18.94	1.4678600405643006e-6
18.95	1.4651075848490512e-6
18.96	1.4624790713180342e-6
18.97	1.4599695216766098e-6
18.98	1.4575603154042248e-6
18.990000000000002	1.4552448863632878e-6
19.	1.4530328986726238e-6
19.01	1.4509468040385515e-6
19.02	1.448997095599376e-6
19.03	1.447099999770774e-6
19.04	1.444994912278987e-6
19.05	1.4424661620131818e-6
19.06	1.4396760292050846e-6
19.07	1.4369079827579315e-6
19.080000000000002	1.4342698128723424e-6
19.09	1.4317546692557898e-6
19.1	1.4293350993637149e-6
19.11	1.4269929895556398e-6
19.12	1.4247235422190234e-6
19.13	1.4225334580370024e-6
19.14	1.420431832209854e-6
19.150000000000002	1.4183937420665103e-6
19.16	1.4162918230300519e-6
19.17	1.413959060422671e-6
19.18	1.4114406337741314e-6
19.19	1.4089143417464338e-6
19.2	1.4064640323250853e-6
19.21	1.4040930477046724e-6
19.22	1.4017871210062922e-6
19.23	1.3995371144823044e-6
19.240000000000002	1.3973429404946241e-6
19.25	1.395212533955132e-6
19.26	1.3931534300358548e-6
19.27	1.391139570434198e-6
19.28	1.3890583663121532e-6
19.29	1.3867874130713888e-6
19.3	1.3843891421782513e-6
19.31	1.3820065103007013e-6
19.32	1.3797005733975502e-6
19.330000000000002	1.3774772374588598e-6
19.34	1.3753345219546957e-6
19.35	1.373272806268269e-6
19.36	1.3712748796157435e-6
19.37	1.3692721045684866e-6
19.38	1.3671932498231513e-6
19.39	1.3650487352391281e-6
19.400000000000002	1.3628182136730448e-6
19.41	1.3604637159058839e-6
19.42	1.3580671793296456e-6
19.43	1.3557189929048176e-6
19.44	1.3534397364939057e-6
19.45	1.3512191039525936e-6
19.46	1.3490458244654684e-6
19.47	1.3469150368523363e-6
19.48	1.3448283977381426e-6
19.490000000000002	1.3427906548450738e-6
19.5	1.3407946458514529e-6
19.51	1.3387862373383303e-6
19.52	1.336672510816324e-6
19.53	1.334449993908296e-6
19.54	1.3322100013475633e-6
19.55	1.3300084936524133e-6
19.56	1.3278525805179562e-6
19.57	1.3257357099855323e-6
19.580000000000002	1.3236531688516381e-6
19.59	1.321605197394288e-6
19.6	1.319596235746846e-6
19.61	1.3176286146435334e-6
19.62	1.3156811508734532e-6
19.63	1.3136877200389815e-6
19.64	1.3116039433162142e-6
19.650000000000002	1.3094872251475604e-6
19.66	1.307410993955953e-6
19.67	1.3054029416256605e-6
19.68	1.3034552378282818e-6
19.69	1.3015131926937504e-6
19.7	1.29949190010202e-6
19.71	1.2973946566280844e-6
19.72	1.2953077584512317e-6
19.73	1.2932703833508637e-6
19.740000000000002	1.2912429006920395e-6
19.75	1.289162925884313e-6
19.76	1.2870413467371675e-6
19.77	1.2849318269707658e-6
19.78	1.2828574916741134e-6
19.79	1.280817093424253e-6
19.8	1.2788050578443717e-6
19.81	1.2768183876884642e-6
19.82	1.274857528966535e-6
19.830000000000002	1.2729245115916307e-6
19.84	1.271014642904296e-6
19.85	1.2690983113967237e-6
19.86	1.2671285941233605e-6
19.87	1.2651078923069465e-6
19.88	1.2630834935284628e-6
19.89	1.261082355065188e-6
19.900000000000002	1.2591076502591467e-6
19.91	1.257156566868329e-6
19.92	1.2552277575732917e-6
19.93	1.2533227880567713e-6
19.94	1.2514451651177046e-6
19.95	1.2495945698761444e-6
19.96	1.2477531367854663e-6
19.97	1.2458895983034031e-6
19.98	1.2440107188369636e-6
19.990000000000002	1.2421547921169192e-6
20.	1.2403132601970625e-6