0.	0.
0.01	0.00006406012968783525
0.02	0.0001281831558581317
0.03	0.00019243212935322337
0.04	0.000256870410442295
0.05	0.00032156182530777524
0.06	0.00038657082467392575
0.07	0.00045196264531624904
0.08	0.0005178034752117297
0.09	0.0005841606231170974
0.1	0.0006511026933955524
0.11	0.0007186997669520887
0.12	0.0007870235891841496
0.13	0.000856147765908335
0.14	0.0009261479682859302
0.15	0.0009971021478407838
0.16	0.0010690907627434172
0.17	0.0011421970166260896
0.18	0.0012165071112960415
0.19	0.0012921105148294215
0.2	0.0013691002466580623
0.21	0.0014475731814067591
0.22	0.0015276303734020524
0.23	0.0016093774039567309
0.24	0.001692924753739888
0.25	0.001778388202773098
0.26	0.0018658892608523893
0.27	0.001955555631486811
0.28	0.002047521712771705
0.29	0.0021419291389832337
0.3	0.0022389273670956815
0.31	0.002338674312891111
0.32	0.002441337041859413
0.33	0.002547092520684203
0.34	0.0026561284357862736
0.35000000000000003	0.0027686440861629706
0.36	0.0028848513586320467
0.37	0.0030049757945780197
0.38	0.003129257758425663
0.39	0.003257953719350329
0.4	0.0033913376592028593
0.41000000000000003	0.0035297026213070484
0.42	0.0036733624167140564
0.43	0.003822653506710795
0.44	0.003977937082925886
0.45	0.0041396013693131934
0.46	0.00430806417368563
0.47000000000000003	0.0044837757204005645
0.48	0.0046672218003564235
0.49	0.004858927279761449
0.5	0.005059460015314544
0.51	0.005269435230657943
0.52	0.005489520417416962
0.53	0.005720440834070772
0.54	0.005962985687586301
0.55	0.006218015096544123
0.56	0.0064864679508161325
0.5700000000000001	0.0067693708022408825
0.58	0.007067847943823773
0.59	0.007383132862554474
0.6	0.0077165812839592954
0.61	0.008069686066203702
0.62	0.008444094249441106
0.63	0.00884162662406068
0.64	0.009264300251898167
0.65	0.009714354460343607
0.66	0.010194280934419403
0.67	0.010706858661169572
0.68	0.011255194640317693
0.6900000000000001	0.011842771473129966
0.7000000000000001	0.012473503188130673
0.71	0.013151800971260298
0.72	0.013882650856917303
0.73	0.014671705928364837
0.74	0.015525396202081385
0.75	0.01645106017197823
0.76	0.017457103021351124
0.77	0.018553187847904783
0.78	0.01975046799239061
0.79	0.02106187085485615
0.8	0.02250244661908018
0.81	0.0240897993580582
0.8200000000000001	0.02584462344634242
0.8300000000000001	0.027791375607542725
0.84	0.029959123068282332
0.85	0.032382622325523525
0.86	0.035103702660319466
0.87	0.03817305628058504
0.88	0.04165257667607989
0.89	0.04561844428448228
0.9	0.05016524301281867
0.91	0.05541151691903935
0.92	0.06150736650764504
0.93	0.06864497627278668
0.9400000000000001	0.07707342183995713
0.9500000000000001	0.08711983203948889
0.96	0.09922016070229173
0.97	0.11396477481397078
0.98	0.13216736142974514
0.99	0.15497133112561556
1.	0.18401784087540654
1.01	0.22171719296472883
1.02	0.2716965828343052
1.03	0.339550544561375
1.04	0.4341003021340784
1.05	0.5694283299191636
1.06	0.7676657009855146
1.07	1.0602704114473773
1.08	1.475505906841259
1.09	1.9744331206894086
1.1	2.3286106302796292
1.11	2.239342586645833
1.12	1.7941015738840929
1.1300000000000001	1.314861016749773
1.1400000000000001	0.9501043818099937
1.1500000000000001	0.7017128563526002
1.16	0.5374679381847524
1.17	0.42958026030707464
1.18	0.35747861972175776
1.19	0.30301099497545053
1.2	0.25348402404602466
1.21	0.2086195451828155
1.22	0.17199627359676348
1.23	0.14369622384865888
1.24	0.12194994255154434
1.25	0.10499467074537287
1.26	0.09147318221203048
1.27	0.08040206290285994
1.28	0.07117536906274127
1.29	0.06343815784923201
1.3	0.05691210611960577
1.31	0.05136099767489695
1.32	0.04659640988053314
1.33	0.0424721490863043
1.34	0.038875317409200374
1.35	0.035718263378844574
1.36	0.03293137837311666
1.37	0.030458370565505512
1.3800000000000001	0.028253336321555144
1.3900000000000001	0.026278569751810654
1.4000000000000001	0.024502860039293237
1.41	0.022900174911502577
1.42	0.021448643112040953
1.43	0.020129769805810105
1.44	0.01892782361013033
1.45	0.017829351173151157
1.46	0.01682278935961473
1.47	0.015898153056364373
1.48	0.015046782073458555
1.49	0.014261134553160502
1.5	0.013534617262878707
1.51	0.012861445367921805
1.52	0.012236525930246777
1.53	0.01165536062398408
1.54	0.011113964107721983
1.55	0.010608795223946125
1.56	0.0101366987622606
1.57	0.009694855965107614
1.58	0.009280742302237917
1.59	0.00889209131512696
1.6	0.008526863551338235
1.61	0.00818321978393983
1.62	0.007859497851950122
1.6300000000000001	0.007554192571682421
1.6400000000000001	0.007265938261377556
1.6500000000000001	0.006993493497007208
1.6600000000000001	0.006735727778995979
1.67	0.006491609840514198
1.68	0.006260197370042243
1.69	0.006040627955770315
1.7	0.005832111088407362
1.71	0.005633921083194486
1.72	0.005445390802208864
1.73	0.005265906075095963
1.74	0.005094900730741443
1.75	0.004931852164545909
1.76	0.004776277376268305
1.77	0.004627729422162473
1.78	0.004485794232597378
1.79	0.004350087752731863
1.8	0.004220253369280795
1.81	0.004095959591103456
1.82	0.00397689795538533
1.83	0.0038627811346700325
1.84	0.003753341223011542
1.85	0.003648328182127725
1.86	0.0035475084307029715
1.87	0.0034506635619593372
1.8800000000000001	0.003357589176334382
1.8900000000000001	0.0032680938176045315
1.9000000000000001	0.0031819980021057233
1.9100000000000001	0.003099133331853692
1.92	0.00301934168337641
1.93	0.0029424744649594794
1.94	0.002868391935787726
1.95	0.0027969625811566133
1.96	0.0027280625385370056
1.97	0.002661575069816703
1.98	0.0025973900755205774
1.99	0.0025354036472357796
2.	0.002475517654845974
2.0100000000000002	0.0024176393655144304
2.02	0.0023616810916552997
2.0300000000000002	0.0023075598653995153
2.04	0.0022551971373006145
2.05	0.002204518497239322
2.06	0.002155453415677193
2.07	0.002107935003581145
2.08	0.00206189978949492
2.09	0.0020172875123720137
2.1	0.0019740409289092866
2.11	0.0019321056342328801
2.12	0.001891429894889293
2.13	0.001851964493186071
2.14	0.0018136625820091357
2.15	0.0017764795493187264
2.16	0.0017403728915935468
2.17	0.0017053020955542658
2.18	0.0016712285275531469
2.19	0.0016381153300672963
2.2	0.0016059273247789718
2.21	0.0015746309217683217
2.22	0.0015441940343820266
2.23	0.0015145859993761109
2.24	0.0014857775019628565
2.25	0.0014577405054207904
2.2600000000000002	0.001430448184953069
2.27	0.0014038748655038995
2.2800000000000002	0.0013779959632646737
2.29	0.001352787930621892
2.3000000000000003	0.001328228204317437
2.31	0.0013042951566089231
2.32	0.0012809680492334402
2.33	0.0012582269899924375
2.34	0.001236052891788692
2.35	0.001214427433958528
2.36	0.0011933330257536052
2.37	0.0011727527718369483
2.38	0.001152670439667426
2.39	0.0011330704286556072
2.4	0.0011139377409821142
2.41	0.0010952579539769973
2.42	0.001077017193965647
2.43	0.0010592021114930988
2.44	0.0010417998578445737
2.45	0.001024798062785522
2.46	0.0010081848134495784
2.47	0.0009919486343075011
2.48	0.0009760784681545822
2.49	0.0009605636580580419
2.5	0.0009453939302097207
2.5100000000000002	0.0009305593776328558
2.52	0.000916050444695026
2.5300000000000002	0.0009018579123823307
2.54	0.0008879728842927577
2.5500000000000003	0.0008743867733092507
2.56	0.0008610912889155145
2.57	0.0008480784251198149
2.58	0.0008353404489542209
2.59	0.0008228698895187012
2.6	0.0008106595275413464
2.61	0.0007987023854277702
2.62	0.0007869917177743184
2.63	0.0007755210023213126
2.64	0.0007642839313239154
2.65	0.0007532744033196247
2.66	0.0007424865152726082
2.67	0.0007319145550763319
2.68	0.0007215529943970137
2.69	0.000711396481841536
2.7	0.0007014398364344118
2.71	0.0006916780413893838
2.72	0.0006821062381621091
2.73	0.0006727197207712594
2.74	0.0006635139303761652
2.75	0.0006544844500999478
2.7600000000000002	0.0006456270000877897
2.77	0.0006369374327907771
2.7800000000000002	0.0006284117284664062
2.79	0.0006200459908875676
2.8000000000000003	0.0006118364432524817
2.81	0.0006037794242887458
2.82	0.0005958713845452978
2.83	0.0005881088828668013
2.84	0.0005804885830456176
2.85	0.0005730072506472389
2.86	0.0005656617500057786
2.87	0.0005584490413868715
2.88	0.0005513661783161339
2.89	0.0005444103050721913
2.9	0.0005375786543441984
2.91	0.0005308685450547854
2.92	0.0005242773803504634
2.93	0.0005178026457627558
2.94	0.0005114419075446906
2.95	0.0005051928111888341
2.96	0.0004990530801348257
2.97	0.0004930205146763591
2.98	0.0004870929910799087
2.99	0.0004812684609301547
3.	0.0004755449507202153
3.0100000000000002	0.0004699205617084273
3.02	0.00046439347006773654
3.0300000000000002	0.0004589619273588209
3.04	0.00045362426136410453
3.0500000000000003	0.00044837887732697
3.06	0.0004432242596490725
3.0700000000000003	0.00043815897410892635
3.08	0.00043318167067736617
3.09	0.0004282910870204857
3.1	0.00042348605279892034
3.11	0.00041876549489462374
3.12	0.0004141284437235992
3.13	0.0004095740408266886
3.14	0.0004051015479721171
3.15	0.0004007103580552027
3.16	0.0003964000081452039
3.17	0.00039217019511033057
3.18	0.0003880207943542062
3.19	0.0003839518823268297
3.2	0.0003799637636386624
3.21	0.0003760570038190415
3.22	0.00037223246903473695
3.23	0.0003684913744416146
3.24	0.0003648353433100243
3.25	0.0003612664796814696
3.2600000000000002	0.00035778745813413613
3.27	0.0003544016353338372
3.2800000000000002	0.00035111318953225893
3.29	0.0003479272962002736
3.3000000000000003	0.0003448503507736997
3.31	0.0003418902533694203
3.3200000000000003	0.00033905677578616585
3.33	0.00033636203886477705
3.34	0.0003338211394553289
3.35	0.00033145298253281497
3.36	0.0003292813980968441
3.37	0.00032733665864411853
3.38	0.00032565756810625613
3.39	0.000324294378541144
3.4	0.00032331292556035
3.41	0.0003228005899198269
3.42	0.00032287504735167784
3.43	0.00032369736158385494
3.44	0.00032549198664110277
3.45	0.00032857800181702987
3.46	0.0003334190036151917
3.47	0.00034070458653687484
3.48	0.0003514859881947702
3.49	0.0003674042289881838
3.5	0.00039106870393072475
3.5100000000000002	0.0004266364374566557
3.52	0.00048043185478022124
3.5300000000000002	0.0005602814509000623
3.54	0.0006680585702007258
3.5500000000000003	0.0007753820303674319
3.56	0.0008088636722206075
3.5700000000000003	0.0007342577444754682
3.58	0.0006152135236841472
3.59	0.0005117816148925898
3.6	0.00043738012612770666
3.61	0.00038620073831641626
3.62	0.0003506618780507159
3.63	0.00032528225608646104
3.64	0.0003065538871889262
3.65	0.00029228237703279864
3.66	0.0002810829179918314
3.67	0.0002720653887337525
3.68	0.00026464719530983885
3.69	0.00025844313039499777
3.7	0.0002532010623440924
3.71	0.00024876604624405257
3.72	0.0002450639522345757
3.73	0.00024210052654419356
3.74	0.00023997139778803034
3.75	0.00023885951152913357
3.7600000000000002	0.00023890979103244217
3.77	0.00023967443168484263
3.7800000000000002	0.00023921741969483112
3.79	0.00023542760975944752
3.8000000000000003	0.00022932805154246834
3.81	0.00022328383321539065
3.8200000000000003	0.0002182270959736399
3.83	0.00021409654541472623
3.84	0.0002106314012364972
3.85	0.00020761907878895264
3.86	0.0002049182812042016
3.87	0.0002024390008816581
3.88	0.00020012358445662299
3.89	0.00019793432503264862
3.9	0.00019584600349987263
3.91	0.00019384151557865268
3.92	0.00019190936258684128
3.93	0.00019004228037894561
3.94	0.00018823642132509153
3.95	0.00018648982813635097
3.96	0.00018479643825079932
3.97	0.00018313195399617533
3.98	0.0001814562750900109
3.99	0.0001797647216242158
4.	0.00017809180505342688
4.01	0.00017645848975486665
4.0200000000000005	0.00017486578626680523
4.03	0.0001733087963646099
4.04	0.00017178284606112195
4.05	0.00017028449048372976
4.0600000000000005	0.00016881127708337262
4.07	0.00016736141472404302
4.08	0.00016593354055876954
4.09	0.0001645265755157721
4.1	0.00016313963744217852
4.11	0.00016177198822359096
4.12	0.00016042299409417605
4.13	0.0001590920631999046
4.14	0.00015777850994184078
4.15	0.00015648149248449826
4.16	0.0001552004295835332
4.17	0.00015393521914965885
4.18	0.00015268573907103696
4.19	0.00015145167616478655
4.2	0.00015023265614132365
4.21	0.00014902831765922924
4.22	0.00014783832627473267
4.23	0.00014666237171208712
4.24	0.00014550016332333512
4.25	0.00014435142654702367
4.26	0.00014321590041480161
4.2700000000000005	0.00014209333576808481
4.28	0.00014098349384204822
4.29	0.0001398861447833279
4.3	0.0001388010659021681
4.3100000000000005	0.0001377280416957198
4.32	0.00013666686667555258
4.33	0.00013561734402340879
4.34	0.00013457928199399346
4.3500000000000005	0.00013355249359694728
4.36	0.00013253679709789568
4.37	0.00013153201600886973
4.38	0.0001305379788378731
4.39	0.00012955451880625307
4.4	0.00012858147358714398
4.41	0.00012761868507049192
4.42	0.00012666599915092314
4.43	0.00012572326553359452
4.44	0.0001247903375534841
4.45	0.00012386707201133583
4.46	0.0001229533290380659
4.47	0.00012204897196195217
4.48	0.00012115386716179514
4.49	0.00012026788394064669
4.5	0.0001193908944171464
4.51	0.00011852277342201537
4.5200000000000005	0.00011766339839912072
4.53	0.0001168126493119968
4.54	0.00011597040855580798
4.55	0.00011513656087439652
4.5600000000000005	0.00011431099328200994
4.57	0.00011349359498932988
4.58	0.00011268425733347077
4.59	0.00011188287371170337
4.6000000000000005	0.00011108933951859676
4.61	0.00011030355208620759
4.62	0.00010952541062720064
4.63	0.00010875481618075121
4.64	0.00010799167156098457
4.65	0.00010723588130777226
4.66	0.00010648735163973446
4.67	0.00010574599040930925
4.68	0.00010501170705975648
4.69	0.00010428441258397643
4.7	0.00010356401948503113
4.71	0.00010285044173826509
4.72	0.00010214359475493177
4.73	0.0001014433953472363
4.74	0.00010074976169471485
4.75	0.00010006261331187328
4.76	0.00009938187101701832
4.7700000000000005	0.0000987074569022136
4.78	0.00009803929430430234
4.79	0.00009737730777693897
4.8	0.00009672142306357926
4.8100000000000005	0.00009607156707137882
4.82	0.00009542766784595553
4.83	0.00009478965454697285
4.84	0.00009415745742450497
4.8500000000000005	0.00009353100779614635
4.86	0.00009291023802483055
4.87	0.00009229508149732688
4.88	0.00009168547260338294
4.89	0.00009108134671548503
4.9	0.00009048264016920967
4.91	0.0000898892902441404
4.92	0.00008930123514532555
4.93	0.00008871841398525555
4.94	0.0000881407667663376
4.95	0.00008756823436384788
4.96	0.0000870007585093422
4.97	0.0000864382817745076
4.98	0.00008588074755543715
4.99	0.00008532810005731303
5.	0.0000847802842794811
5.01	0.00008423724600090404
5.0200000000000005	0.00008369893176597823
5.03	0.00008316528887070219
5.04	0.00008263626534918326
5.05	0.00008211180996047189
5.0600000000000005	0.00008159187217571095
5.07	0.00008107640216559119
5.08	0.0000805653507881005
5.09	0.00008005866957655922
5.1000000000000005	0.000079556310727931
5.11	0.00007905822709140125
5.12	0.00007856437215721362
5.13	0.00007807470004575773
5.14	0.00007758916549689947
5.15	0.0000771077238595469
5.16	0.00007663033108144467
5.17	0.00007615694369919003
5.18	0.000075687518828464
5.19	0.0000752220141544714
5.2	0.00007476038792258426
5.21	0.0000743025989291819
5.22	0.00007384860651268311
5.23	0.0000733983705447646
5.24	0.00007295185142176114
5.25	0.00007250901005624154
5.26	0.00007206980786875708
5.2700000000000005	0.00007163420677975659
5.28	0.00007120216920166513
5.29	0.00007077365803112072
5.3	0.00007034863664136607
5.3100000000000005	0.00006992706887479134
5.32	0.00006950891903562364
5.33	0.00006909415188276015
5.34	0.00006868273262274145
5.3500000000000005	0.00006827462690286143
5.36	0.00006786980080441078
5.37	0.00006746822083605097
5.38	0.00006706985392731562
5.39	0.00006667466742223666
5.4	0.00006628262907309242
5.41	0.00006589370703427504
5.42	0.0000655078698562746
5.43	0.0000651250864797779
5.44	0.00006474532622987911
5.45	0.00006436855881040091
5.46	0.00006399475429832287
5.47	0.00006362388313831647
5.48	0.0000632559161373838
5.49	0.00006289082445959928
5.5	0.00006252857962095154
5.51	0.00006216915348428516
5.5200000000000005	0.0000618125182543406
5.53	0.00006145864647289065
5.54	0.00006110751101397308
5.55	0.00006075908507921817
5.5600000000000005	0.00006041334219327077
5.57	0.00006007025619930597
5.58	0.0000597298012546385
5.59	0.00005939195182642588
5.6000000000000005	0.000059056682687464866
5.61	0.00005872396891208298
5.62	0.00005839378587212448
5.63	0.00005806610923303326
5.64	0.00005774091495003374
5.65	0.00005741817926441198
5.66	0.0000570978786999001
5.67	0.0000567799900591667
5.68	0.000056464490420418204
5.69	0.00005615135713411584
5.7	0.00005584056781981399
5.71	0.00005553210036312804
5.72	0.00005522593291283936
5.73	0.000054922043878148524
5.74	0.0000546204119260892
5.75	0.000054321015979116844
5.76	0.000054023835212889986
5.7700000000000005	0.000053728849054265525
5.78	0.00005343603717953213
5.79	0.00005314537951291236
5.8	0.00005285685622536866
5.8100000000000005	0.00005257044773375687
5.82	0.00005228613470037839
5.83	0.000052003898032993776
5.84	0.000051723718885373755
5.8500000000000005	0.00005144557865847928
5.86	0.00005116945900238381
5.87	0.000050895341819075
5.88	0.000050623209266305917
5.89	0.000050353043762705743
5.9	0.000050084827994410343
5.91	0.00004981854492353882
5.92	0.00004955417779892431
5.93	0.00004929171016961611
5.94	0.000049031125901807994
5.95	0.000048772409200031634
5.96	0.00004851554463369325
5.97	0.00004826051717035144
5.98	0.00004800731221756085
5.99	0.000047755915675682826
6.	0.000047506314004848594
6.01	0.00004725849431033993
6.0200000000000005	0.000047012444452149966
6.03	0.000046768153186589576
6.04	0.00004652561035078815
6.05	0.00004628480710522607
6.0600000000000005	0.00004604573625567291
6.07	0.0000458083926851081
6.08	0.00004557277393997125
6.09	0.00004533888103602224
6.1000000000000005	0.000045106719581433784
6.11	0.000044876301365596807
6.12	0.00004464764664357291
6.13	0.00004442078747914174
6.140000000000001	0.00004419577273097223
6.15	0.000043972675643069573
6.16	0.000043751605653174106
6.17	0.00004353272718169059
6.18	0.000043316290204064416
6.19	0.00004310268099974192
6.2	0.00004289250744976646
6.21	0.00004268674133100372
6.22	0.00004248694114519444
6.23	0.00004229551878049456
6.24	0.00004211564763590697
6.25	0.00004194898356252343
6.26	0.00004178701468340365
6.2700000000000005	0.00004160182376146849
6.28	0.00004137293670516862
6.29	0.00004112149582785961
6.3	0.00004087507658131645
6.3100000000000005	0.00004064181778210606
6.32	0.00004041994946014955
6.33	0.00004020628074855425
6.34	0.0000399983958623737
6.3500000000000005	0.00003979472778369629
6.36	0.00003959429073466936
6.37	0.00003939645910474428
6.38	0.000039200826626473066
6.390000000000001	0.00003900712200864761
6.4	0.0000388151587423666
6.41	0.000038624804862302655
6.42	0.00003843596436890749
6.43	0.000038248565567640745
6.44	0.000038062553599066344
6.45	0.00003787788557169233
6.46	0.00003769452735887961
6.47	0.00003751245150098537
6.48	0.00003733163588568005
6.49	0.000037152063032718076
6.5	0.000036973719928178765
6.51	0.00003679659847115259
6.5200000000000005	0.00003662069674739245
6.53	0.00003644602156830529
6.54	0.000036272593024394864
6.55	0.00003610045199566864
6.5600000000000005	0.00003592967024754983
6.57	0.000035760353290637186
6.58	0.000035592585321940467
6.59	0.00003542617095150208
6.6000000000000005	0.00003526019984067763
6.61	0.00003509363462181518
6.62	0.00003492692744062096
6.63	0.000034761223848006085
6.640000000000001	0.0000345969887468426
6.65	0.00003443419480522148
6.66	0.000034272711885184014
6.67	0.000034112431468066206
6.68	0.00003395327913090447
6.69	0.00003379520510929918
6.7	0.00003363817515226764
6.71	0.00003348216450163774
6.72	0.000033327154256487197
6.73	0.000033173129210453984
6.74	0.00003302007655275756
6.75	0.00003286798507331683
6.76	0.00003271684466605149
6.7700000000000005	0.00003256664601249526
6.78	0.00003241738037764506
6.79	0.000032269039478557913
6.8	0.00003212161540332614
6.8100000000000005	0.000031975100569279356
6.82	0.00003182948771797823
6.83	0.00003168476995278305
6.84	0.000031540940831562464
6.8500000000000005	0.000031397994517794436
6.86	0.00003125592589085506
6.87	0.000031114730019392905
6.88	0.00003097439893844535
6.890000000000001	0.00003083491400458558
6.9	0.00003069624844765077
6.91	0.000030558395862158545
6.92	0.000030421369940791968
6.93	0.000030285176062083992
6.94	0.000030149808980526186
6.95	0.000030015260443643604
6.96	0.000029881522361462164
6.97	0.000029748587306968436
6.98	0.000029616448387730285
6.99	0.00002948509907457468
7.	0.000029354533082507614
7.01	0.000029224744297550154
7.0200000000000005	0.00002909572673284895
7.03	0.00002896747450209985
7.04	0.000028839981803088444
7.05	0.000028713242907213577
7.0600000000000005	0.00002858725215263768
7.07	0.00002846200393972027
7.08	0.00002833749272798119
7.09	0.000028213713034207035
7.1000000000000005	0.000028090659431557676
7.11	0.0000279683265496355
7.12	0.000027846709075034956
7.13	0.00002772580174898566
7.140000000000001	0.000027605599347744097
7.15	0.00002748609661661716
7.16	0.000027367288216294646
7.17	0.00002724916893889007
7.18	0.000027131733907610318
7.19	0.000027014978304206965
7.2	0.000026898897220898792
7.21	0.000026783485733525566
7.22	0.000026668738954665144
7.23	0.000026554652045867194
7.24	0.000026441220217138205
7.25	0.00002632843872458025
7.26	0.00002621630286843728
7.2700000000000005	0.000026104807991698196
7.28	0.0000259939494790847
7.29	0.000025883722756273412
7.3	0.000025774123289258378
7.3100000000000005	0.00002566514658379857
7.32	0.000025556788184919787
7.33	0.00002544904367645234
7.34	0.000025341908680595727
7.3500000000000005	0.000025235378857504228
7.36	0.000025129449904888456
7.37	0.000025024117557612644
7.38	0.000024919377587203633
7.390000000000001	0.00002481522580106282
7.4	0.00002471165804156377
7.41	0.000024608670186824767
7.42	0.00002450625815227261
7.43	0.000024404417888735943
7.44	0.000024303145380571054
7.45	0.00002420243664572282
7.46	0.000024102287735842545
7.47	0.000024002694736075738
7.48	0.00002390365376473241
7.49	0.00002380516097294037
7.5	0.00002370721254430443
7.51	0.000023609804694573962
7.5200000000000005	0.000023512933671317314
7.53	0.000023416595753602142
7.54	0.000023320787251680448
7.55	0.000023225504506678206
7.5600000000000005	0.000023130743890289053
7.57	0.00002303650180447184
7.58	0.000022942774681151867
7.59	0.000022849558981925896
7.6000000000000005	0.00002275685119777016
7.61	0.000022664647848751003
7.62	0.00002257294548373678
7.63	0.000022481740680117558
7.640000000000001	0.00002239103004353876
7.65	0.000022300810207625965
7.66	0.00002221107783370128
7.67	0.000022121829610513726
7.68	0.000022033062253976778
7.69	0.000021944772506907054
7.7	0.000021856957138764932
7.71	0.00002176961294539772
7.72	0.000021682736748785857
7.73	0.000021596325396791917
7.74	0.000021510375762912443
7.75	0.00002142488474603261
7.76	0.000021339849270183594
7.7700000000000005	0.000021255266284302638
7.78	0.000021171132761995934
7.79	0.000021087445701303853
7.8	0.000021004202124469076
7.8100000000000005	0.000020921399077707077
7.82	0.000020839033630979246
7.83	0.000020757102877768412
7.84	0.000020675603934856925
7.8500000000000005	0.000020594533942107152
7.86	0.000020513890062244416
7.87	0.000020433669480642052
7.88	0.00002035386940510915
7.890000000000001	0.00002027448706568029
7.9	0.00002019551971440786
7.91	0.000020116964625156376
7.92	0.00002003881909339913
7.930000000000001	0.00001996108043601706
7.94	0.000019883745991099706
7.95	0.000019806813117748368
7.96	0.000019730279195881328
7.97	0.000019654141626041212
7.98	0.000019578397829204354
7.99	0.000019503045246592253
8.	0.000019428081339484967
8.01	0.000019353503589036566
8.02	0.0000192793094960925
8.03	0.000019205496581008938
8.040000000000001	0.000019132062383473942
8.05	0.000019059004462330663
8.06	0.000018986320395402274
8.07	0.000018914007779318817
8.08	0.000018842064229345848
8.09	0.000018770487379214886
8.1	0.000018699274880955663
8.11	0.000018628424404730084
8.120000000000001	0.00001855793363866796
8.13	0.00001848780028870446
8.14	0.000018418022078419244
8.15	0.00001834859674887719
8.16	0.000018279522058470966
8.17	0.000018210795782765076
8.18	0.000018142415714341545
8.19	0.000018074379662647258
8.2	0.00001800668545384285
8.21	0.000017939330930653115
8.22	0.00001787231395221903
8.23	0.000017805632393951234
8.24	0.00001773928414738505
8.25	0.000017673267120036968
8.26	0.000017607579235262652
8.27	0.000017542218432116347
8.28	0.0000174771826652117
8.290000000000001	0.00001741246990458408
8.3	0.000017348078135554302
8.31	0.000017284005358593556
8.32	0.00001722024958919001
8.33	0.000017156808857716486
8.34	0.000017093681209299673
8.35	0.000017030864703690546
8.36	0.00001696835741513614
8.370000000000001	0.000016906157432252622
8.38	0.000016844262857899665
8.39	0.000016782671809056027
8.4	0.000016721382416696418
8.41	0.0000166603928256696
8.42	0.000016599701194577718
8.43	0.00001653930569565687
8.44	0.000016479204514658785
8.45	0.000016419395850733784
8.46	0.000016359877916314838
8.47	0.000016300648937002865
8.48	0.000016241707151453052
8.49	0.000016183050811262472
8.5	0.00001612467818085866
8.51	0.000016066587537389422
8.52	0.000016008777170613664
8.53	0.000015951245382793386
8.540000000000001	0.000015893990488586673
8.55	0.000015837010814941815
8.56	0.00001578030470099245
8.57	0.000015723870497953744
8.58	0.000015667706569019674
8.59	0.00001561181128926126
8.6	0.000015556183045525892
8.61	0.000015500820236337585
8.620000000000001	0.000015445721271798342
8.63	0.00001539088457349044
8.64	0.00001533630857437975
8.65	0.00001528199171872003
8.66	0.000015227932461958213
8.67	0.0000151741292706407
8.68	0.000015120580622320608
8.69	0.000015067285005466052
8.700000000000001	0.000015014240919369348
8.71	0.000014961446874057311
8.72	0.000014908901390202492
8.73	0.000014856602999035466
8.74	0.000014804550242258167
8.75	0.000014752741671958319
8.76	0.0000147011758505249
8.77	0.000014649851350564864
8.78	0.000014598766754820936
8.790000000000001	0.000014547920656090782
8.8	0.000014497311657147498
8.81	0.000014446938370661499
8.82	0.000014396799419124111
8.83	0.000014346893434772865
8.84	0.00001429721905951878
8.85	0.000014247774944875939
8.86	0.00001419855975189365
8.870000000000001	0.000014149572151091676
8.88	0.000014100810822399226
8.89	0.00001405227445509818
8.9	0.00001400396174777194
8.91	0.000013955871408260897
8.92	0.000013908002153626478
8.93	0.000013860352710126005
8.94	0.000013812921813201628
8.950000000000001	0.000013765708207487625
8.96	0.000013718710646842154
8.97	0.000013671927894411709
8.98	0.000013625358722740325
8.99	0.000013579001913940365
9.	0.000013532856259949563
9.01	0.000013486920562910637
9.02	0.000013441193635727856
9.03	0.000013395674302883193
9.040000000000001	0.000013350361401640266
9.05	0.000013305253783838744
9.06	0.000013260350318605632
9.07	0.000013215649896520978
9.08	0.00001317115143614136
9.09	0.000013126853894428728
9.1	0.000013082756283777024
9.11	0.000013038857700340316
9.120000000000001	0.000012995157371700088
9.13	0.00001295165473632344
9.14	0.00001290834956730156
9.15	0.000012865242116483254
9.16	0.000012822333040165133
9.17	0.00001277962204738556
9.18	0.000012737102978030854
9.19	0.000012694759162258389
9.200000000000001	0.000012652579271972338
9.21	0.000012610574619215679
9.22	0.000012568758799048547
9.23	0.00001252713479977907
9.24	0.000012485700524874213
9.25	0.000012444453223402276
9.26	0.000012403390589575787
9.27	0.000012362510781701657
9.28	0.000012321812275282137
9.290000000000001	0.000012281293744474101
9.3	0.000012240953986957965
9.31	0.000012200791878954287
9.32	0.000012160806348428533
9.33	0.000012120996358909756
9.34	0.000012081360899512423
9.35	0.000012041898978637939
9.36	0.000012002609619903272
9.370000000000001	0.000011963491859447178
9.38	0.000011924544744107564
9.39	0.000011885767330161429
9.4	0.000011847158682436283
9.41	0.00001180871787367149
9.42	0.000011770443984051976
9.43	0.000011732336100863712
9.44	0.00001169439331823809
9.450000000000001	0.000011656614736964685
9.46	0.000011618999464360359
9.47	0.000011581546614190461
9.48	0.00001154425530664512
9.49	0.000011507124668382968
9.5	0.000011470153832668562
9.51	0.000011433341939651663
9.52	0.000011396688136875502
9.53	0.000011360191580167638
9.540000000000001	0.000011323851435182344
9.55	0.000011287666880036235
9.56	0.000011251637109621434
9.57	0.000011215761341630699
9.58	0.000011180038819825258
9.59	0.000011144468789483381
9.6	0.000011109050365300133
9.61	0.000011073782261452907
9.620000000000001	0.000011038663001090257
9.63	0.00001100369192518406
9.64	0.000010968868950191611
9.65	0.00001093419363775544
9.66	0.000010899665217182972
9.67	0.000010865282838978065
9.68	0.000010831045667233248
9.69	0.000010796952891782105
9.700000000000001	0.000010763003723014801
9.71	0.000010729197386104145
9.72	0.000010695533117098671
9.73	0.00001066201016053643
9.74	0.000010628627768011757
9.75	0.000010595385197302697
9.76	0.000010562281711825154
9.77	0.000010529316580279688
9.78	0.00001049648907641392
9.790000000000001	0.000010463798478855973
9.8	0.000010431244070992513
9.81	0.000010398825140875494
9.82	0.000010366540981147735
9.83	0.000010334390888981383
9.84	0.000010302374166025151
9.85	0.000010270490118358015
9.86	0.000010238738056447913
9.870000000000001	0.000010207117295114443
9.88	0.000010175627153495665
9.89	0.000010144266955019181
9.9	0.000010113036027379205
9.91	0.000010081933702522361
9.92	0.000010050959316647555
9.93	0.000010020112210228687
9.94	9.98939172807082e-6
9.950000000000001	9.958797219394981e-6
9.96	9.928328037835875e-6
9.97	9.897983540762982e-6
9.98	9.867763086265106e-6
9.99	9.837666028256714e-6
10.	9.807691723530337e-6
10.01	9.777839549767786e-6
10.02	9.74810889587148e-6
10.03	9.718499146790773e-6
10.040000000000001	9.689009685852242e-6
10.05	9.65963989906272e-6
10.06	9.630389176438186e-6
10.07	9.601256912105525e-6
10.08	9.572242504168137e-6
10.09	9.54334535457694e-6
10.1	9.514564869036902e-6
10.11	9.485900456940387e-6
10.120000000000001	9.457351531317179e-6
10.13	9.42891750879435e-6
10.14	9.400597809561902e-6
10.15	9.372391857341984e-6
10.16	9.34429907936032e-6
10.17	9.316318906319028e-6
10.18	9.288450772370458e-6
10.19	9.2606941150917e-6
10.200000000000001	9.23304837545964e-6
10.21	9.20551299782646e-6
10.22	9.178087429895442e-6
10.23	9.150771122697127e-6
10.24	9.123563530565803e-6
10.25	9.096464111116237e-6
10.26	9.069472325220806e-6
10.27	9.042587636987023e-6
10.28	9.015809513735563e-6
10.290000000000001	8.989137425978918e-6
10.3	8.96257084740015e-6
10.31	8.936109254828296e-6
10.32	8.909752128197531e-6
10.33	8.883498950472336e-6
10.34	8.857349207617204e-6
10.35	8.831302388768712e-6
10.36	8.805357986274994e-6
10.370000000000001	8.779515495461564e-6
10.38	8.753774414560647e-6
10.39	8.728134244747416e-6
10.4	8.702594490148233e-6
10.41	8.677154657825677e-6
10.42	8.651814257757612e-6
10.43	8.62657280281578e-6
10.44	8.601429808744908e-6
10.450000000000001	8.5763847941423e-6
10.46	8.551437280437884e-6
10.47	8.526586791874483e-6
10.48	8.501832855488367e-6
10.49	8.477175001089983e-6
10.5	8.452612761244887e-6
10.51	8.428145671254801e-6
10.52	8.40377326913889e-6
10.53	8.379495095615137e-6
10.540000000000001	8.35531069408189e-6
10.55	8.331219610599583e-6
10.56	8.30722139387254e-6
10.57	8.283315595230979e-6
10.58	8.25950176861316e-6
10.59	8.235779470547613e-6
10.6	8.212148260135572e-6
10.61	8.188607699033537e-6
10.620000000000001	8.165157351435932e-6
10.63	8.14179678405791e-6
10.64	8.118525566118082e-6
10.65	8.09534326932117e-6
10.66	8.072249467841433e-6
10.67	8.049243738307622e-6
10.68	8.026325659786312e-6
10.69	8.003494813763935e-6
10.700000000000001	7.980750784130381e-6
10.71	7.958093157163331e-6
10.72	7.93552152151234e-6
10.73	7.91303546818301e-6
10.74	7.890634590521152e-6
10.75	7.86831848419716e-6
10.76	7.846086747190446e-6
10.77	7.823938979773996e-6
10.78	7.801874784499096e-6
10.790000000000001	7.779893766180114e-6
10.8	7.757995531879456e-6
10.81	7.736179690892588e-6
10.82	7.7144458547332e-6
10.83	7.692793637118475e-6
10.84	7.671222653954486e-6
10.85	7.649732523321673e-6
10.86	7.6283228654604485e-6
10.870000000000001	7.60699330275692e-6
10.88	7.585743459728723e-6
10.89	7.564572963010916e-6
10.9	7.543481441342035e-6
10.91	7.522468525550245e-6
10.92	7.501533848539576e-6
10.93	7.480677045276269e-6
10.94	7.459897752775229e-6
10.950000000000001	7.439195610086563e-6
10.96	7.4185702582822855e-6
10.97	7.398021340443029e-6
10.98	7.377548501644924e-6
10.99	7.35715138894653e-6
11.	7.336829651375894e-6
11.01	7.316582939917714e-6
11.02	7.296410907500559e-6
11.03	7.2763132089842275e-6
11.040000000000001	7.25628950114717e-6
11.05	7.2363394426740275e-6
11.06	7.216462694143247e-6
11.07	7.196658918014783e-6
11.08	7.1769277786179135e-6
11.09	7.157268942139142e-6
11.1	7.137682076610162e-6
11.11	7.118166851895942e-6
11.120000000000001	7.09872293968288e-6
11.13	7.079350013467076e-6
11.14	7.060047748542629e-6
11.15	7.040815821990084e-6
11.16	7.021653912664945e-6
11.17	7.002561701186247e-6
11.18	6.9835388699252425e-6
11.19	6.96458510299417e-6
11.200000000000001	6.945700086235074e-6
11.21	6.926883507208761e-6
11.22	6.908135055183759e-6
11.23	6.88945442112545e-6
11.24	6.870841297685208e-6
11.25	6.8522953791896506e-6
11.26	6.833816361629963e-6
11.27	6.8154039426513015e-6
11.28	6.7970578215422645e-6
11.290000000000001	6.778777699224459e-6
11.3	6.760563278242125e-6
11.31	6.742414262751838e-6
11.32	6.724330358512303e-6
11.33	6.706311272874201e-6
11.34	6.688356714770114e-6
11.35	6.67046639470454e-6
11.36	6.6526400247439575e-6
11.370000000000001	6.634877318506981e-6
11.38	6.61717799115457e-6
11.39	6.599541759380315e-6
11.4	6.581968341400807e-6
11.41	6.564457456946061e-6
11.42	6.547008827249997e-6
11.43	6.5296221750410385e-6
11.44	6.512297224532713e-6
11.450000000000001	6.495033701414361e-6
11.46	6.477831332841918e-6
11.47	6.460689847428723e-6
11.48	6.443608975236443e-6
11.49	6.4265884477660055e-6
11.5	6.409627997948663e-6
11.51	6.392727360137046e-6
11.52	6.375886270096357e-6
11.53	6.3591044649955575e-6
11.540000000000001	6.342381683398666e-6
11.55	6.32571766525611e-6
11.56	6.3091121518961016e-6
11.57	6.292564886016127e-6
11.58	6.276075611674473e-6
11.59	6.259644074281801e-6
11.6	6.2432700205927885e-6
11.61	6.2269531986978684e-6
11.620000000000001	6.210693358014943e-6
11.63	6.19449024928125e-6
11.64	6.17834362454522e-6
11.65	6.162253237158416e-6
11.66	6.1462188417675226e-6
11.67	6.130240194306405e-6
11.68	6.114317051988218e-6
11.69	6.0984491732975545e-6
11.700000000000001	6.08263631798266e-6
11.71	6.066878247047732e-6
11.72	6.051174722745209e-6
11.73	6.0355255085681735e-6
11.74	6.019930369242764e-6
11.75	6.004389070720695e-6
11.76	5.988901380171739e-6
11.77	5.973467065976375e-6
11.78	5.958085897718389e-6
11.790000000000001	5.942757646177594e-6
11.8	5.927482083322549e-6
11.81	5.912258982303369e-6
11.82	5.897088117444561e-6
11.83	5.881969264237919e-6
11.84	5.866902199335485e-6
11.85	5.851886700542508e-6
11.86	5.8369225468105125e-6
11.870000000000001	5.822009518230367e-6
11.88	5.807147396025454e-6
11.89	5.792335962544813e-6
11.9	5.777575001256398e-6
11.91	5.762864296740354e-6
11.92	5.7482036346823415e-6
11.93	5.733592801866905e-6
11.94	5.7190315861709e-6
11.950000000000001	5.704519776556942e-6
11.96	5.6900571630669585e-6
11.97	5.675643536815691e-6
11.98	5.6612786899843315e-6
11.99	5.646962415814185e-6
12.	5.632694508600323e-6
12.01	5.618474763685377e-6
12.02	5.60430297745329e-6
12.030000000000001	5.590178947323196e-6
12.040000000000001	5.576102471743282e-6
12.05	5.562073350184751e-6
12.06	5.548091383135836e-6
12.07	5.534156372095852e-6
12.08	5.520268119569355e-6
12.09	5.506426429060365e-6
12.1	5.492631105066696e-6
12.11	5.478881953074408e-6
12.120000000000001	5.465178779552443e-6
12.13	5.451521391947476e-6
12.14	5.437909598679095e-6
12.15	5.4243432091354484e-6
12.16	5.410822033669625e-6
12.17	5.397345883597158e-6
12.18	5.383914571195333e-6
12.19	5.370527909705513e-6
12.200000000000001	5.3571857133404965e-6
12.21	5.343887797300583e-6
12.22	5.330633977804304e-6
12.23	5.317424072142685e-6
12.24	5.304257898762675e-6
12.25	5.291135277343298e-6
12.26	5.2780560286119615e-6
12.27	5.265019972941458e-6
12.280000000000001	5.252026926435482e-6
12.290000000000001	5.23907670035128e-6
12.3	5.226169115378718e-6
12.31	5.2133040059503605e-6
12.32	5.2004812045601755e-6
12.33	5.1877005381902965e-6
12.34	5.174961832501809e-6
12.35	5.162264913935066e-6
12.36	5.1496096101035054e-6
12.370000000000001	5.136995749740023e-6
12.38	5.124423162597272e-6
12.39	5.1118916793742125e-6
12.4	5.099401131668974e-6
12.41	5.086951351948838e-6
12.42	5.074542173530429e-6
12.43	5.0621734305658425e-6
12.44	5.0498449580323145e-6
12.450000000000001	5.037556591723941e-6
12.46	5.025308168244747e-6
12.47	5.01309952500251e-6
12.48	5.000930500203176e-6
12.49	4.988800932845564e-6
12.5	4.97671066271638e-6
12.51	4.964659530385345e-6
12.52	4.952647377200501e-6
12.530000000000001	4.940674045283578e-6
12.540000000000001	4.9287393775254644e-6
12.55	4.916843217581724e-6
12.56	4.904985409868181e-6
12.57	4.893165799556539e-6
12.58	4.8813842325700624e-6
12.59	4.869640555579273e-6
12.6	4.857934615997695e-6
12.61	4.846266261977664e-6
12.620000000000001	4.834635342406109e-6
12.63	4.823041706900447e-6
12.64	4.811485205804456e-6
12.65	4.799965690184233e-6
12.66	4.788483011824176e-6
12.67	4.777037023223057e-6
12.68	4.76562757759018e-6
12.69	4.754254528841645e-6
12.700000000000001	4.742917731596841e-6
12.71	4.731617041175266e-6
12.72	4.720352313593858e-6
12.73	4.70912340556522e-6
12.74	4.697930174497121e-6
12.75	4.686772478492971e-6
12.76	4.675650176348295e-6
12.77	4.664563127518945e-6
12.780000000000001	4.6535111919969045e-6
12.790000000000001	4.642494230133481e-6
12.8	4.631512102956212e-6
12.81	4.620564672804311e-6
12.82	4.609651802887923e-6
12.83	4.598773356768765e-6
12.84	4.587929198470591e-6
12.85	4.57711919262844e-6
12.86	4.5663432045298405e-6
12.870000000000001	4.555601100114632e-6
12.88	4.544892745967318e-6
12.89	4.534218009309818e-6
12.9	4.523576757995568e-6
12.91	4.512968860504607e-6
12.92	4.5023941859392645e-6
12.93	4.49185260402021e-6
12.94	4.481343985082745e-6
12.950000000000001	4.470868200073209e-6
12.96	4.460425120545499e-6
12.97	4.450014618657646e-6
12.98	4.439636567168438e-6
12.99	4.429290839434083e-6
13.	4.418977309404912e-6
13.01	4.4086958516221e-6
13.02	4.398446341214417e-6
13.030000000000001	4.388228653895005e-6
13.040000000000001	4.378042665958174e-6
13.05	4.3678882542762235e-6
13.06	4.357765296296278e-6
13.07	4.347673670037156e-6
13.08	4.337613254086253e-6
13.09	4.327583927596429e-6
13.1	4.317585570282951e-6
13.11	4.307618062420415e-6
13.120000000000001	4.297681284839727e-6
13.13	4.287775118925077e-6
13.14	4.277899446610928e-6
13.15	4.268054150379064e-6
13.16	4.258239113255623e-6
13.17	4.248454218808171e-6
13.18	4.23869935114281e-6
13.19	4.2289743949013275e-6
13.200000000000001	4.21927923525837e-6
13.21	4.209613757918665e-6
13.22	4.199977849113932e-6
13.23	4.190371395598695e-6
13.24	4.180794284643863e-6
13.25	4.171246404034168e-6
13.26	4.161727642078651e-6
13.27	4.152237887609942e-6
13.280000000000001	4.142777029967561e-6
13.290000000000001	4.133344958992985e-6
13.3	4.123941565030671e-6
13.31	4.114566738927052e-6
13.32	4.105220372028157e-6
13.33	4.095902356176895e-6
13.34	4.086612583710309e-6
13.35	4.077350947456891e-6
13.36	4.068117340733913e-6
13.370000000000001	4.058911657344821e-6
13.38	4.049733791576615e-6
13.39	4.040583638197277e-6
13.4	4.031461092453209e-6
13.41	4.022366050066689e-6
13.42	4.013298407233338e-6
13.43	4.0042580606196205e-6
13.44	3.995244907360337e-6
13.450000000000001	3.986258845056145e-6
13.46	3.977299771771098e-6
13.47	3.968367586030196e-6
13.48	3.959462186816944e-6
13.49	3.950583473570932e-6
13.5	3.9417313461854315e-6
13.51	3.932905705005011e-6
13.52	3.924106450823145e-6
13.530000000000001	3.915333484879858e-6
13.540000000000001	3.906586708859388e-6
13.55	3.897866024887824e-6
13.56	3.889171335530815e-6
13.57	3.880502543791242e-6
13.58	3.871859553106945e-6
13.59	3.863242267348429e-6
13.6	3.854650590816609e-6
13.61	3.846084428240545e-6
13.620000000000001	3.83754368477523e-6
13.63	3.829028265999347e-6
13.64	3.820538077913054e-6
13.65	3.812073026935764e-6
13.66	3.803633019903924e-6
13.67	3.7952179640688786e-6
13.68	3.786827767094895e-6
13.69	3.778462337056923e-6
13.700000000000001	3.770121582438342e-6
13.71	3.7618054121288425e-6
13.72	3.7535137354223684e-6
13.73	3.74524646201502e-6
13.74	3.7370035020029826e-6
13.75	3.728784765880458e-6
13.76	3.7205901645375935e-6
13.77	3.712419609258446e-6
13.780000000000001	3.7042730117189365e-6
13.790000000000001	3.6961502839848423e-6
13.8	3.688051338509771e-6
13.81	3.6799760881331748e-6
13.82	3.671924446078352e-6
13.83	3.663896325950487e-6
13.84	3.6558916417346716e-6
13.85	3.6479103077939588e-6
13.86	3.6399522388674363e-6
13.870000000000001	3.632017350068266e-6
13.88	3.6241055568818032e-6
13.89	3.6162167751636647e-6
13.9	3.608350921137842e-6
13.91	3.6005079113948204e-6
13.92	3.5926876628896983e-6
13.93	3.584890092940336e-6
13.94	3.5771151192254924e-6
13.950000000000001	3.5693626597829916e-6
13.96	3.561632633007896e-6
13.97	3.553924957650681e-6
13.98	3.546239552815433e-6
13.99	3.5385763379580403e-6
14.	3.5309352328844196e-6
14.01	3.523316157748733e-6
14.02	3.5157190330516177e-6
14.030000000000001	3.508143779638438e-6
14.040000000000001	3.5005903186975293e-6
14.05	3.4930585717584704e-6
14.06	3.4855484606903547e-6
14.07	3.4780599077000703e-6
14.08	3.470592835330604e-6
14.09	3.463147166459329e-6
14.1	3.45572282429634e-6
14.11	3.4483197323827527e-6
14.120000000000001	3.4409378145890565e-6
14.13	3.4335769951134462e-6
14.14	3.4262371984801766e-6
14.15	3.4189183495379256e-6
14.16	3.411620373458164e-6
14.17	3.404343195733536e-6
14.18	3.3970867421762477e-6
14.19	3.3898509389164694e-6
14.200000000000001	3.3826357124007414e-6
14.21	3.3754409893903914e-6
14.22	3.368266696959961e-6
14.23	3.361112762495637e-6
14.24	3.3539791136937055e-6
14.25	3.346865678558996e-6
14.26	3.339772385403347e-6
14.27	3.332699162844075e-6
14.280000000000001	3.3256459398024535e-6
14.290000000000001	3.31861264550221e-6
14.3	3.311599209468007e-6
14.31	3.3046055615239596e-6
14.32	3.297631631792144e-6
14.33	3.2906773506911224e-6
14.34	3.2837426489344723e-6
14.35	3.276827457529319e-6
14.36	3.2699317077748977e-6
14.370000000000001	3.2630553312610975e-6
14.38	3.256198259867027e-6
14.39	3.249360425759584e-6
14.4	3.242541761392042e-6
14.41	3.2357421995026337e-6
14.42	3.228961673113146e-6
14.43	3.2222001155275236e-6
14.44	3.2154574603304837e-6
14.450000000000001	3.208733641386132e-6
14.46	3.2020285928365966e-6
14.47	3.195342249100647e-6
14.48	3.188674544872358e-6
14.49	3.182025415119742e-6
14.5	3.175394795083419e-6
14.51	3.16878262027527e-6
14.52	3.1621888264771217e-6
14.530000000000001	3.1556133497394207e-6
14.540000000000001	3.1490561263799205e-6
14.55	3.142517092982377e-6
14.56	3.135996186395254e-6
14.57	3.129493343730425e-6
14.58	3.1230085023619017e-6
14.59	3.116541599924544e-6
14.6	3.1100925743127987e-6
14.61	3.1036613636794417e-6
14.620000000000001	3.0972479064343095e-6
14.63	3.09085214124307e-6
14.64	3.0844740070259566e-6
14.65	3.078113442956561e-6
14.66	3.0717703884605883e-6
14.67	3.0654447832146367e-6
14.68	3.059136567144993e-6
14.69	3.052845680426419e-6
14.700000000000001	3.0465720634809506e-6
14.71	3.040315656976712e-6
14.72	3.034076401826713e-6
14.73	3.0278542391876872e-6
14.74	3.021649110458901e-6
14.75	3.0154609572809984e-6
14.76	3.0092897215348327e-6
14.77	3.0031353453403123e-6
14.780000000000001	2.9969977710552544e-6
14.790000000000001	2.9908769412742457e-6
14.8	2.9847727988275004e-6
14.81	2.9786852867797304e-6
14.82	2.9726143484290252e-6
14.83	2.966559927305741e-6
14.84	2.960521967171371e-6
14.85	2.9545004120174574e-6
14.86	2.94849520606449e-6
14.870000000000001	2.942506293760801e-6
14.88	2.936533619781496e-6
14.89	2.9305771290273603e-6
14.9	2.924636766623782e-6
14.91	2.9187124779196935e-6
14.92	2.912804208486498e-6
14.93	2.9069119041170193e-6
14.94	2.9010355108244393e-6
14.950000000000001	2.8951749748412688e-6
14.96	2.889330242618287e-6
14.97	2.883501260823523e-6
14.98	2.8776879763412166e-6
14.99	2.871890336270794e-6
15.	2.8661082879258617e-6
15.01	2.8603417788331735e-6
15.02	2.854590756731649e-6
15.030000000000001	2.8488551695713414e-6
15.040000000000001	2.843134965512473e-6
15.05	2.837430092924419e-6
15.06	2.8317405003847362e-6
15.07	2.8260661366781743e-6
15.08	2.8204069507957046e-6
15.09	2.8147628919335547e-6
15.1	2.809133909492235e-6
15.11	2.8035199530755822e-6
15.120000000000001	2.7979209724898114e-6
15.13	2.7923369177425607e-6
15.14	2.7867677390419456e-6
15.15	2.781213386795625e-6
15.16	2.775673811609864e-6
15.17	2.770148964288608e-6
15.18	2.764638795832556e-6
15.19	2.75914325743824e-6
15.200000000000001	2.7536623004971177e-6
15.21	2.748195876594656e-6
15.22	2.7427439375094307e-6
15.23	2.737306435212224e-6
15.24	2.7318833218651345e-6
15.25	2.726474549820681e-6
15.26	2.721080071620923e-6
15.27	2.715699839996576e-6
15.280000000000001	2.7103338078661374e-6
15.290000000000001	2.7049819283350172e-6
15.3	2.6996441546946664e-6
15.31	2.694320440421721e-6
15.32	2.6890107391771393e-6
15.33	2.683715004805352e-6
15.34	2.6784331913334153e-6
15.35	2.6731652529701613e-6
15.36	2.6679111441053693e-6
15.370000000000001	2.662670819308917e-6
15.38	2.6574442333299625e-6
15.39	2.652231341096114e-6
15.4	2.6470320977126072e-6
15.41	2.6418464584614932e-6
15.42	2.6366743788008206e-6
15.43	2.6315158143638397e-6
15.44	2.626370720958191e-6
15.450000000000001	2.621239054565121e-6
15.46	2.616120771338699e-6
15.47	2.6110158276050394e-6
15.48	2.6059241798615613e-6
15.49	2.60084578477625e-6
15.5	2.595780599186961e-6
15.51	2.590728580100616e-6
15.52	2.585689684691883e-6
15.530000000000001	2.5806638703002e-6
15.540000000000001	2.5756510944264654e-6
15.55	2.570651314738876e-6
15.56	2.5656644890815884e-6
15.57	2.560690575465217e-6
15.58	2.5557295320588382e-6
15.59	2.550781317191612e-6
15.6	2.5458458893543488e-6
15.610000000000001	2.5409232071993794e-6
15.620000000000001	2.5360132295398636e-6
15.63	2.531115915348979e-6
15.64	2.5262312237591473e-6
15.65	2.5213591140612704e-6
15.66	2.516499545703991e-6
15.67	2.5116524782929677e-6
15.68	2.5068178715901567e-6
15.69	2.501995685513098e-6
15.700000000000001	2.4971858801342145e-6
15.71	2.4923884156801087e-6
15.72	2.487603252530863e-6
15.73	2.4828303512193526e-6
15.74	2.4780696724305563e-6
15.75	2.4733211770008637e-6
15.76	2.4685848259174056e-6
15.77	2.46386058031737e-6
15.780000000000001	2.4591484014873248e-6
15.790000000000001	2.4544482508625536e-6
15.8	2.4497600900263877e-6
15.81	2.4450838807095354e-6
15.82	2.4404195847894316e-6
15.83	2.4357671642895717e-6
15.84	2.431126581378867e-6
15.85	2.4264977983709833e-6
15.860000000000001	2.4218807777237067e-6
15.870000000000001	2.4172754820382917e-6
15.88	2.4126818740588217e-6
15.89	2.4080999166715747e-6
15.9	2.403529572904387e-6
15.91	2.3989708059260252e-6
15.92	2.3944235790455564e-6
15.93	2.3898878557117257e-6
15.94	2.385363599512336e-6
15.950000000000001	2.3808507741736243e-6
15.96	2.3763493435596584e-6
15.97	2.371859271671715e-6
15.98	2.3673805226476755e-6
15.99	2.3629130607614206e-6
16.	2.3584568504222255e-6
16.01	2.3540118561741687e-6
16.02	2.349578042695526e-6
16.03	2.345155374798184e-6
16.04	2.340743817427049e-6
16.05	2.3363433356594598e-6
16.06	2.33195389470461e-6
16.07	2.327575459902962e-6
16.080000000000002	2.3232079967256813e-6
16.09	2.318851470774046e-6
16.1	2.3145058477788398e-6
16.11	2.310171093599648e-6
16.12	2.30584717422424e-6
16.13	2.301534055768483e-6
16.14	2.297231704475985e-6
16.15	2.2929400867170194e-6
16.16	2.288659168987787e-6
16.17	2.284388917910016e-6
16.18	2.280129300230496e-6
16.19	2.2758802828205326e-6
16.2	2.2716418326754153e-6
16.21	2.2674139169138695e-6
16.22	2.263196502777509e-6
16.23	2.2589895576303048e-6
16.240000000000002	2.254793048958048e-6
16.25	2.2506069443678176e-6
16.26	2.246431211587455e-6
16.27	2.2422658184650346e-6
16.28	2.238110732968338e-6
16.29	2.233965923184346e-6
16.3	2.229831357318703e-6
16.31	2.225707003695216e-6
16.32	2.221592830755334e-6
16.330000000000002	2.217488807057642e-6
16.34	2.2133949012773536e-6
16.35	2.209311082205795e-6
16.36	2.2052373187499216e-6
16.37	2.2011735799318e-6
16.38	2.197119834888126e-6
16.39	2.1930760528697095e-6
16.4	2.1890422032410033e-6
16.41	2.1850182554795965e-6
16.42	2.181004179175735e-6
16.43	2.176999944031838e-6
16.44	2.173005519862003e-6
16.45	2.16902087659154e-6
16.46	2.1650459842564765e-6
16.47	2.161080813003102e-6
16.48	2.157125333087474e-6
16.490000000000002	2.1531795148749613e-6
16.5	2.14924332883977e-6
16.51	2.1453167455644696e-6
16.52	2.141399735739544e-6
16.53	2.137492270162912e-6
16.54	2.1335943197394827e-6
16.55	2.129705855480686e-6
16.56	2.1258268485040283e-6
16.57	2.121957270032626e-6
16.580000000000002	2.1180970913947663e-6
16.59	2.1142462840234562e-6
16.6	2.1104048194559667e-6
16.61	2.106572669333402e-6
16.62	2.1027498054002463e-6
16.63	2.0989361995039296e-6
16.64	2.0951318235943787e-6
16.65	2.091336649723596e-6
16.66	2.0875506500452265e-6
16.67	2.083773796814129e-6
16.68	2.0800060623859283e-6
16.69	2.076247419216595e-6
16.7	2.0724978398620267e-6
16.71	2.0687572969776138e-6
16.72	2.065025763317832e-6
16.73	2.0613032117358132e-6
16.740000000000002	2.0575896151829313e-6
16.75	2.0538849467083895e-6
16.76	2.050189179458801e-6
16.77	2.0465022866777892e-6
16.78	2.0428242417055614e-6
16.79	2.03915501797852e-6
16.8	2.035494589028843e-6
16.81	2.03184292848409e-6
16.82	2.028200010066794e-6
16.830000000000002	2.024565807594069e-6
16.84	2.0209402949772065e-6
16.85	2.0173234462212813e-6
16.86	2.013715235424766e-6
16.87	2.010115636779119e-6
16.88	2.0065246245684224e-6
16.89	2.0029421731689677e-6
16.9	1.999368257048889e-6
16.91	1.9958028507677655e-6
16.92	1.992245928976248e-6
16.93	1.9886974664156755e-6
16.94	1.9851574379176917e-6
16.95	1.981625818403876e-6
16.96	1.97810258288536e-6
16.97	1.9745877064624645e-6
16.98	1.9710811643243153e-6
16.990000000000002	1.967582931748484e-6
17.	1.9640929841006156e-6
17.01	1.960611296834058e-6
17.02	1.9571378454895095e-6
17.03	1.953672605694637e-6
17.04	1.950215553163738e-6
17.05	1.9467666636973584e-6
17.06	1.9433259131819545e-6
17.07	1.9398932775895217e-6
17.080000000000002	1.936468732977248e-6
17.09	1.9330522554871616e-6
17.1	1.9296438213457772e-6
17.11	1.926243406863746e-6
17.12	1.92285098843551e-6
17.13	1.919466542538958e-6
17.14	1.916090045735074e-6
17.150000000000002	1.912721474667604e-6
17.16	1.9093608060627086e-6
17.17	1.9060080167286225e-6
17.18	1.9026630835553212e-6
17.19	1.8993259835141815e-6
17.2	1.8959966936576496e-6
17.21	1.8926751911189006e-6
17.22	1.8893614531115183e-6
17.23	1.8860554569291545e-6
17.240000000000002	1.8827571799452072e-6
17.25	1.879466599612491e-6
17.26	1.8761836934629109e-6
17.27	1.872908439107141e-6
17.28	1.8696408142342996e-6
17.29	1.8663807966116292e-6
17.3	1.863128364084177e-6
17.31	1.859883494574479e-6
17.32	1.8566461660822375e-6
17.330000000000002	1.8534163566840148e-6
17.34	1.8501940445329162e-6
17.35	1.8469792078582685e-6
17.36	1.8437718249653303e-6
17.37	1.8405718742349613e-6
17.38	1.8373793341233263e-6
17.39	1.8341941831615897e-6
17.400000000000002	1.8310163999556037e-6
17.41	1.8278459631856132e-6
17.42	1.8246828516059428e-6
17.43	1.8215270440447114e-6
17.44	1.8183785194035154e-6
17.45	1.815237256657149e-6
17.46	1.8121032348532913e-6
17.47	1.8089764331122235e-6
17.48	1.8058568306265262e-6
17.490000000000002	1.8027444066607965e-6
17.5	1.7996391405513486e-6
17.51	1.7965410117059267e-6
17.52	1.7934499996034202e-6
17.53	1.7903660837935711e-6
17.54	1.7872892438966941e-6
17.55	1.7842194596033866e-6
17.56	1.7811567106742506e-6
17.57	1.7781009769396076e-6
17.580000000000002	1.7750522382992202e-6
17.59	1.7720104747220132e-6
17.6	1.7689756662457928e-6
17.61	1.765947792976973e-6
17.62	1.7629268350903e-6
17.63	1.7599127728285757e-6
17.64	1.75690558650239e-6
17.650000000000002	1.753905256489843e-6
17.66	1.7509117632362797e-6
17.67	1.7479250872540187e-6
17.68	1.744945209122084e-6
17.69	1.7419721094859387e-6
17.7	1.7390057690572243e-6
17.71	1.7360461686134856e-6
17.72	1.7330932889979217e-6
17.73	1.7301471111191092e-6
17.740000000000002	1.7272076159507574e-6
17.75	1.7242747845314382e-6
17.76	1.721348597964327e-6
17.77	1.7184290374169553e-6
17.78	1.715516084120945e-6
17.79	1.7126097193717601e-6
17.8	1.709709924528449e-6
17.81	1.7068166810133962e-6
17.82	1.703929970312066e-6
17.830000000000002	1.7010497739727588e-6
17.84	1.6981760736063558e-6
17.85	1.695308850886074e-6
17.86	1.692448087547223e-6
17.87	1.689593765386952e-6
17.88	1.6867458662640107e-6
17.89	1.6839043720985043e-6
17.900000000000002	1.681069264871651e-6
17.91	1.6782405266255456e-6
17.92	1.675418139462907e-6
17.93	1.672602085546856e-6
17.94	1.669792347100661e-6
17.95	1.6669889064075136e-6
17.96	1.6641917458102862e-6
17.97	1.661400847711302e-6
17.98	1.6586161945720926e-6
17.990000000000002	1.6558377689131768e-6
18.	1.653065553313822e-6
18.01	1.6502995304118133e-6
18.02	1.647539682903228e-6
18.03	1.6447859935422025e-6
18.04	1.642038445140711e-6
18.05	1.6392970205683315e-6
18.06	1.6365617027520275e-6
18.07	1.6338324746759179e-6
18.080000000000002	1.6311093193810568e-6
18.09	1.6283922199652133e-6
18.1	1.6256811595826408e-6
18.11	1.6229761214438716e-6
18.12	1.620277088815479e-6
18.13	1.617584045019877e-6
18.14	1.6148969734350888e-6
18.150000000000002	1.612215857494542e-6
18.16	1.6095406806868408e-6
18.17	1.6068714265555589e-6
18.18	1.60420807869903e-6
18.19	1.6015506207701212e-6
18.2	1.5988990364760386e-6
18.21	1.5962533095781002e-6
18.22	1.5936134238915384e-6
18.23	1.5909793632852818e-6
18.240000000000002	1.5883511116817566e-6
18.25	1.5857286530566726e-6
18.26	1.5831119714388165e-6
18.27	1.5805010509098522e-6
18.28	1.5778958756041098e-6
18.29	1.575296429708391e-6
18.3	1.572702697461755e-6
18.31	1.570114663155329e-6
18.32	1.5675323111320957e-6
18.330000000000002	1.5649556257867031e-6
18.34	1.562384591565262e-6
18.35	1.559819192965143e-6
18.36	1.5572594145347906e-6
18.37	1.554705240873512e-6
18.38	1.5521566566312965e-6
18.39	1.5496136465086085e-6
18.400000000000002	1.5470761952562043e-6
18.41	1.5445442876749296e-6
18.42	1.5420179086155322e-6
18.43	1.539497042978474e-6
18.44	1.5369816757137317e-6
18.45	1.534471791820616e-6
18.46	1.5319673763475759e-6
18.47	1.5294684143920192e-6
18.48	1.5269748911001132e-6
18.490000000000002	1.5244867916666111e-6
18.5	1.52200410133466e-6
18.51	1.5195268053956135e-6
18.52	1.5170548891888566e-6
18.53	1.5145883381016119e-6
18.54	1.5121271375687673e-6
18.55	1.509671273072688e-6
18.56	1.5072207301430382e-6
18.57	1.504775494356601e-6
18.580000000000002	1.5023355513370989e-6
18.59	1.499900886755018e-6
18.6	1.497471486327424e-6
18.61	1.4950473358177937e-6
18.62	1.4926284210358312e-6
18.63	1.4902147278372998e-6
18.64	1.487806242123842e-6
18.650000000000002	1.4854029498428075e-6
18.66	1.4830048369870837e-6
18.67	1.480611889594915e-6
18.68	1.4782240937497414e-6
18.69	1.4758414355800187e-6
18.7	1.4734639012590582e-6
18.71	1.4710914770048458e-6
18.72	1.4687241490798848e-6
18.73	1.4663619037910166e-6
18.740000000000002	1.4640047274892676e-6
18.75	1.4616526065696692e-6
18.76	1.4593055274711009e-6
18.77	1.456963476676121e-6
18.78	1.4546264407108032e-6
18.79	1.4522944061445763e-6
18.8	1.4499673595900564e-6
18.81	1.4476452877028885e-6
18.82	1.4453281771815818e-6
18.830000000000002	1.4430160147673528e-6
18.84	1.4407087872439627e-6
18.85	1.4384064814375573e-6
18.86	1.4361090842165127e-6
18.87	1.4338165824912704e-6
18.88	1.4315289632141868e-6
18.89	1.4292462133793715e-6
18.900000000000002	1.426968320022535e-6
18.91	1.4246952702208334e-6
18.92	1.422427051092706e-6
18.93	1.4201636497977286e-6
18.94	1.4179050535364535e-6
18.95	1.4156512495502704e-6
18.96	1.4134022251212513e-6
18.97	1.4111579675719923e-6
18.98	1.4089184642654595e-6
18.990000000000002	1.4066837026048452e-6
19.	1.4044536700334173e-6
19.01	1.4022283540343663e-6
19.02	1.4000077421306668e-6
19.03	1.39779182188492e-6
19.04	1.3955805808992137e-6
19.05	1.3933740068149721e-6
19.06	1.391172087312812e-6
19.07	1.3889748101123967e-6
19.080000000000002	1.3867821629722906e-6
19.09	1.3845941336898197e-6
19.1	1.3824107101009214e-6
19.11	1.3802318800800094e-6
19.12	1.3780576315398246e-6
19.13	1.3758879524312994e-6
19.14	1.373722830743412e-6
19.150000000000002	1.3715622545030508e-6
19.16	1.3694062117748733e-6
19.17	1.3672546906611624e-6
19.18	1.365107679301696e-6
19.19	1.3629651658736013e-6
19.2	1.360827138591224e-6
19.21	1.3586935857059856e-6
19.22	1.3565644955062537e-6
19.23	1.3544398563171997e-6
19.240000000000002	1.352319656500669e-6
19.25	1.3502038844550444e-6
19.26	1.3480925286151097e-6
19.27	1.3459855774519232e-6
19.28	1.3438830194726767e-6
19.29	1.3417848432205716e-6
19.3	1.3396910372746765e-6
19.31	1.3376015902498105e-6
19.32	1.3355164907963974e-6
19.330000000000002	1.333435727600347e-6
19.34	1.331359289382921e-6
19.35	1.3292871649006018e-6
19.36	1.3272193429449718e-6
19.37	1.325155812342575e-6
19.38	1.3230965619547999e-6
19.39	1.321041580677744e-6
19.400000000000002	1.318990857442095e-6
19.41	1.3169443812129996e-6
19.42	1.3149021409899404e-6
19.43	1.3128641258066123e-6
19.44	1.3108303247307947e-6
19.45	1.3088007268642328e-6
19.46	1.3067753213425084e-6
19.47	1.3047540973349262e-6
19.48	1.3027370440443781e-6
19.490000000000002	1.3007241507072372e-6
19.5	1.2987154065932254e-6
19.51	1.2967108010052958e-6
19.52	1.2947103232795147e-6
19.53	1.2927139627849397e-6
19.54	1.2907217089235013e-6
19.55	1.2887335511298837e-6
19.56	1.286749478871409e-6
19.57	1.2847694816479134e-6
19.580000000000002	1.28279354899164e-6
19.59	1.2808216704671115e-6
19.6	1.278853835671021e-6
19.61	1.2768900342321144e-6
19.62	1.2749302558110745e-6
19.63	1.272974490100406e-6
19.64	1.2710227268243207e-6
19.650000000000002	1.2690749557386273e-6
19.66	1.2671311666306132e-6
19.67	1.2651913493189334e-6
19.68	1.2632554936535e-6
19.69	1.2613235895153681e-6
19.7	1.259395626816623e-6
19.71	1.2574715955002731e-6
19.72	1.2555514855401353e-6
19.73	1.2536352869407267e-6
19.740000000000002	1.2517229897371557e-6
19.75	1.2498145839950119e-6
19.76	1.2479100598102543e-6
19.77	1.2460094073091094e-6
19.78	1.2441126166479557e-6
19.79	1.242219678013224e-6
19.8	1.2403305816212822e-6
19.81	1.2384453177183371e-6
19.82	1.2365638765803198e-6
19.830000000000002	1.2346862485127869e-6
19.84	1.2328124238508117e-6
19.85	1.2309423929588783e-6
19.86	1.2290761462307814e-6
19.87	1.2272136740895175e-6
19.88	1.2253549669871846e-6
19.89	1.2235000154048764e-6
19.900000000000002	1.2216488098525808e-6
19.91	1.219801340869081e-6
19.92	1.2179575990218446e-6
19.93	1.2161175749069318e-6
19.94	1.2142812591488881e-6
19.95	1.2124486424006467e-6
19.96	1.2106197153434242e-6
19.97	1.2087944686866284e-6
19.98	1.2069728931677482e-6
19.990000000000002	1.2051549795522631e-6
20.	1.2033407186335426e-6