0.	0.
0.01	0.000011324451304418097
0.02	0.00002265440297062058
0.03	0.00003399536268550474
0.04	0.00004535285280582619
0.05	0.00005673241774229893
0.06	0.00006813963140295168
0.07	0.0000795801047159141
0.08	0.0000910594932521694
0.09	0.00010258350496927283
0.1	0.00011415790809759283
0.11	0.0001257885391912953
0.12	0.00013748131136706219
0.13	0.00014924222275442052
0.14	0.00016107736518255916
0.15	0.00017299293312964426
0.16	0.00018499523296191023
0.17	0.00019709069249121373
0.18	0.0002092858708813053
0.19	0.00022158746893481001
0.2	0.0002340023397948203
0.21	0.00024653750009711965
0.22	0.0002592001416113776
0.23	0.0002719976434122129
0.24	0.00028493758462382995
0.25	0.0002980277577850191
0.26	0.00031127618288469104
0.27	0.0003246911221218402
0.28	0.0003382810954479052
0.29	0.00035205489695397347
0.3	0.0003660216121701994
0.31	0.00038019063635020395
0.32	0.0003945716938191695
0.33	0.0004091748584708649
0.34	0.00042401057550603736
0.35000000000000003	0.00043908968451251263
0.36	0.000454423443996069
0.37	0.0004700235574807804
0.38	0.00048590220130813387
0.39	0.0005020720542759675
0.4	0.0005185463292712558
0.41000000000000003	0.0005353388070651273
0.42	0.0005524638724544376
0.43	0.0005699365529518676
0.44	0.0005877725602461572
0.45	0.0006059883346758789
0.46	0.0006246010929844666
0.47000000000000003	0.0006436288796512614
0.48	0.0006630906221235729
0.49	0.0006830061903085047
0.5	0.0007033964607210733
0.51	0.0007242833857274964
0.52	0.0007456900683700295
0.53	0.0007676408433131048
0.54	0.0007901613645106377
0.55	0.0008132787002620652
0.56	0.0008370214364011569
0.5700000000000001	0.000861419788448102
0.58	0.0008865057236532945
0.59	0.0009123130939723568
0.6	0.0009388777811382461
0.61	0.0009662378551400674
0.62	0.00099443374758228
0.63	0.001023508441585463
0.64	0.0010535076801045297
0.65	0.0010844801947866474
0.66	0.0011164779577744408
0.67	0.0011495564591865236
0.68	0.0011837750133844001
0.6900000000000001	0.0012191970975712297
0.7000000000000001	0.001255890726774212
0.71	0.001293928869851207
0.72	0.0013333899118487126
0.73	0.0013743581688407365
0.74	0.0014169244623185083
0.75	0.0014611867613061348
0.76	0.0015072509016795842
0.77	0.0015552313937057002
0.78	0.001605252330642619
0.79	0.001657448413412852
0.8	0.0017119661089489955
0.81	0.0017689649629105562
0.8200000000000001	0.001828619091192269
0.8300000000000001	0.0018911188791307138
0.84	0.0019566729227443827
0.85	0.002025510252935765
0.86	0.002097882891624704
0.87	0.002174068798628885
0.88	0.002254375280218008
0.89	0.002339142945230797
0.9	0.0024287503132174796
0.91	0.0025236192022393975
0.92	0.002624221053007506
0.93	0.0027310843826606596
0.9400000000000001	0.0028448036079038556
0.9500000000000001	0.002966049536413644
0.96	0.003095581901348584
0.97	0.003234264411840889
0.98	0.003383082919784175
0.99	0.003543167470065429
1.	0.003715819221427253
1.01	0.0039025435176410195
1.02	0.004105090780709428
1.03	0.004325507427879097
1.04	0.004566199737561623
1.05	0.004830014585967971
1.06	0.005120342363950509
1.07	0.005441249336878054
1.08	0.005797649492080446
1.09	0.006195529929080717
1.1	0.00664224970701642
1.11	0.007146940743989326
1.12	0.007721052416071673
1.1300000000000001	0.008379101445874663
1.1400000000000001	0.00913971965593188
1.1500000000000001	0.01002714117356691
1.16	0.011073349671186165
1.17	0.012321236080111651
1.18	0.013829335008665688
1.19	0.01567908074357039
1.2	0.01798617320140601
1.21	0.02091879241506801
1.22	0.024727438471914436
1.23	0.029794720132934476
1.24	0.036719072775413863
1.25	0.04645269430069883
1.26	0.06050648466123368
1.27	0.08113661513654943
1.28	0.11092427487312764
1.29	0.14952287759148364
1.3	0.184625598573627
1.31	0.1908383218984836
1.32	0.16273678452752896
1.33	0.12433281500202746
1.34	0.09295793210781407
1.35	0.07131655828127312
1.36	0.05715257644839189
1.37	0.0480553573218827
1.3800000000000001	0.04236632451312565
1.3900000000000001	0.03906976634843448
1.4000000000000001	0.037583010478237956
1.41	0.037611934927859664
1.42	0.03907420188941976
1.43	0.04207436398718307
1.44	0.046923825341745655
1.45	0.054211305262492335
1.46	0.0649427377288526
1.47	0.08077609074563742
1.48	0.10432762431293795
1.49	0.13919191634446357
1.5	0.18792691798744468
1.51	0.24338336768031202
1.52	0.2762140954265451
1.53	0.25791990880897486
1.54	0.20698765669183922
1.55	0.15747857376740607
1.56	0.12178817189367337
1.57	0.09885753649699199
1.58	0.0852300026773841
1.59	0.0783282258490353
1.6	0.0767689513098252
1.61	0.08018029354467575
1.62	0.08912341765250123
1.6300000000000001	0.10520370196251577
1.6400000000000001	0.13124275422294063
1.6500000000000001	0.17072798172156284
1.6600000000000001	0.22356663094562915
1.67	0.2737006828939725
1.68	0.28548792341986867
1.69	0.2483260487192684
1.7	0.19514562630443802
1.71	0.15196145244785284
1.72	0.1236815805759367
1.73	0.1077085152076805
1.74	0.10131829818069575
1.75	0.10329061032700534
1.76	0.1140376825178937
1.77	0.13548167222591187
1.78	0.17001902068763747
1.79	0.21541010656479948
1.8	0.25305735634795573
1.81	0.2523738652849572
1.82	0.21425040152738045
1.83	0.1695916995888302
1.84	0.1363662349928477
1.85	0.11668473833400507
1.86	0.10847951400933387
1.87	0.11044089369061436
1.8800000000000001	0.12290183926783187
1.8900000000000001	0.1470168285060215
1.9000000000000001	0.18063516230822885
1.9100000000000001	0.20899932269837873
1.92	0.2079253180103333
1.93	0.17785057609828128
1.94	0.14306524569711515
1.95	0.11793026981550951
1.96	0.10444241539004279
1.97	0.1014601804124387
1.98	0.10849971263412221
1.99	0.12551797917069446
2.	0.1489216610411881
2.0100000000000002	0.16473499539446226
2.02	0.15695012494303376
2.0300000000000002	0.13215714923276067
2.04	0.10814745013031356
2.05	0.09279674851483029
2.06	0.08677314174175067
2.07	0.08948136504683367
2.08	0.10019141532010636
2.09	0.1149933532882432
2.1	0.12258011455427877
2.11	0.11354127800255413
2.12	0.09536601641525434
2.13	0.07979574690844096
2.14	0.07111584252857057
2.15	0.069534508829897
2.16	0.07434873562250932
2.17	0.0829371472220754
2.18	0.08788448621146969
2.19	0.08216547798499596
2.2	0.06993550924311182
2.21	0.05931715130843251
2.22	0.05360183416627422
2.23	0.05300342806181927
2.24	0.05653152335975192
2.25	0.060821630822416504
2.2600000000000002	0.060087031223042944
2.27	0.053179419978771146
2.2800000000000002	0.04525704098361447
2.29	0.04009839561890287
2.3000000000000003	0.03849904757296593
2.31	0.039853488408309726
2.32	0.04192032228333099
2.33	0.04099309934803838
2.34	0.03638853623572776
2.35	0.03134795826974864
2.36	0.02819880749798634
2.37	0.0273508036830617
2.38	0.028089510566684586
2.39	0.028442344582309258
2.4	0.02650621614666652
2.41	0.023176846490099125
2.42	0.020465122768083283
2.43	0.01918049097317518
2.44	0.019113498101068972
2.45	0.019218356048886286
2.46	0.018168228340894998
2.47	0.016122765818527774
2.48	0.01430290521234614
2.49	0.013328967663739356
2.5	0.013093477196678013
2.5100000000000002	0.012929033227076404
2.52	0.012095396952282986
2.5300000000000002	0.010795970055946567
2.54	0.009727093083346315
2.5500000000000003	0.009172111459698514
2.56	0.008966325651515464
2.57	0.00864185731085835
2.58	0.00793396003715437
2.59	0.007145890643152995
2.6	0.006602513395214944
2.61	0.006332175321877723
2.62	0.006122179156046418
2.63	0.005731716569331874
2.64	0.005227693411130847
2.65	0.004822971333920836
2.66	0.00458278827066276
2.67	0.004411324941679817
2.68	0.004163446447349325
2.69	0.0038470612076502222
2.7	0.003578520254883381
2.71	0.0034018020510026407
2.72	0.0032651815836297064
2.73	0.003091367819248599
2.74	0.0028892609764191324
2.75	0.002719675064711554
2.7600000000000002	0.002599241860187879
2.77	0.0024936800640642516
2.7800000000000002	0.002368064138900468
2.79	0.0022383070133542723
2.8000000000000003	0.0021327773150022523
2.81	0.002050436002761052
2.82	0.0019689546274653954
2.83	0.0018795212138948251
2.84	0.0017967853763962477
2.85	0.0017293119898594796
2.86	0.0016694457740573973
2.87	0.0016071106144529717
2.88	0.0015455950348663007
2.89	0.0014919567409014092
2.9	0.0014450387294468873
2.91	0.0013989447997802872
2.92	0.0013530212534248812
2.93	0.0013110549861761029
2.94	0.0012735592523922623
2.95	0.001237665927132757
2.96	0.0012022951635167279
2.97	0.0011691741734254982
2.98	0.0011388239715298897
2.99	0.0011098817953149984
3.	0.0010816641881120175
3.0100000000000002	0.001054939282866329
3.02	0.0010299482526506766
3.0300000000000002	0.0010060092104469524
3.04	0.0009828071031636168
3.0500000000000003	0.0009606912567746724
3.06	0.0009397027028661136
3.0700000000000003	0.0009194864499773716
3.08	0.0008999384929614779
3.09	0.0008812083858248024
3.1	0.0008632469235062888
3.11	0.0008458770510371183
3.12	0.0008290846701487077
3.13	0.0008129142988095396
3.14	0.0007972988824863432
3.15	0.0007821625797834068
3.16	0.0007675115063548841
3.17	0.0007533390796127686
3.18	0.0007395948104773939
3.19	0.0007262528021536595
3.2	0.0007133113184954567
3.21	0.0007007480574601312
3.22	0.0006885355542197277
3.23	0.000676663992354358
3.24	0.0006651222742387165
3.25	0.0006538911622910323
3.2600000000000002	0.0006429575798523364
3.27	0.0006323126500724964
3.2800000000000002	0.0006219435187128256
3.29	0.0006118381673383108
3.3000000000000003	0.0006019880229343596
3.31	0.0005923835784006056
3.3200000000000003	0.0005830149543827909
3.33	0.0005738741410806605
3.34	0.000564953350083542
3.35	0.0005562445238177668
3.36	0.0005477405173599344
3.37	0.0005394346254655207
3.38	0.0005313201168311098
3.39	0.000523390743279852
3.4	0.0005156406370572503
3.41	0.0005080640390627
3.42	0.0005006554971480409
3.43	0.0004934098483734625
3.44	0.00048632208441586506
3.45	0.0004793874251316611
3.46	0.0004726013113109239
3.47	0.00046595934203426544
3.48	0.00045945730065841605
3.49	0.0004530911461044388
3.5	0.00044685698386384606
3.5100000000000002	0.0004407510735714107
3.52	0.00043476981979537286
3.5300000000000002	0.00042890975799751604
3.54	0.0004231675547052909
3.5500000000000003	0.0004175399994353698
3.56	0.0004120239970930904
3.5700000000000003	0.00040661656523471027
3.58	0.0004013148276707278
3.59	0.0003961160095651127
3.6	0.00039101743380847185
3.61	0.00038601651613528933
3.62	0.00038111076137226546
3.63	0.00037629775985156025
3.64	0.00037157518364264706
3.65	0.00036694078338315
3.66	0.0003623923850994723
3.67	0.00035792788718991844
3.68	0.00035354525767488916
3.69	0.0003492425315007729
3.7	0.0003450178080372608
3.71	0.00034086924870988406
3.72	0.0003367950747411542
3.73	0.0003327935650385361
3.74	0.00032886305418705695
3.75	0.0003250019305589283
3.7600000000000002	0.0003212086345347005
3.77	0.0003174816568252762
3.7800000000000002	0.0003138195368993462
3.79	0.00031022086150827026
3.8000000000000003	0.0003066842633083734
3.81	0.00030320841957909555
3.8200000000000003	0.00029979205103496104
3.83	0.00029643392073203133
3.84	0.00029313283306829494
3.85	0.0002898876328792769
3.86	0.0002866972046304366
3.87	0.00028356047170876995
3.88	0.0002804763958171206
3.89	0.0002774439764755232
3.9	0.00027446225063522183
3.91	0.0002715302924122258
3.92	0.0002686472129488289
3.93	0.00026581216041324316
3.94	0.00026302432014953074
3.95	0.00026028291499237893
3.96	0.00025758720576403606
3.97	0.0002549364919739891
3.98	0.0002523301127458279
3.99	0.000249767448000324
4.	0.00024724791992923064
4.01	0.00024477099480086376
4.0200000000000005	0.00024233618514640548
4.03	0.0002399430523853961
4.04	0.00023759120996041556
4.05	0.00023528032706500966
4.0600000000000005	0.00023301013306608917
4.07	0.00023078042274311721
4.08	0.00022859106249240716
4.09	0.00022644199767707238
4.1	0.0002243332613432751
4.11	0.00022226498457359262
4.12	0.0002202374088114031
4.13	0.00021825090056994432
4.14	0.00021630596904106522
4.15	0.000214403287248317
4.16	0.00021254371755577303
4.17	0.00021072834255986088
4.18	0.00020895850267288915
4.19	0.000207235842076335
4.2	0.00020556236521044097
4.21	0.00020394050661774526
4.22	0.00020237321783312534
4.23	0.00020086407619905833
4.24	0.00019941742210765104
4.25	0.00019803853341313624
4.26	0.00019673384888852711
4.2700000000000005	0.0001955112570177902
4.28	0.00019438047272318993
4.29	0.00019335353374802273
4.3	0.00019244546177696372
4.3100000000000005	0.00019167515322961713
4.32	0.00019106659460684165
4.33	0.0001906505431592783
4.34	0.00019046688517817393
4.3500000000000005	0.00019056799772857887
4.36	0.00019102362324369823
4.37	0.00019192806924716514
4.38	0.00019341105517580899
4.39	0.00019565440328391139
4.4	0.0001989182999766819
4.41	0.00020358356220391896
4.42	0.00021022114658263654
4.43	0.00021970843168905366
4.44	0.00023342466441909744
4.45	0.00025357026872335916
4.46	0.00028362477544014846
4.47	0.0003286742147172039
4.48	0.0003939795666856051
4.49	0.00047619946008562906
4.5	0.0005428485498732372
4.51	0.0005400958601356075
4.5200000000000005	0.00046946057559656715
4.53	0.0003851569847035402
4.54	0.0003182764039223732
4.55	0.00027151735065965093
4.5600000000000005	0.00023954068331143687
4.57	0.00021731636535324503
4.58	0.00020142212319522912
4.59	0.0001896964634226099
4.6000000000000005	0.00018078450136814215
4.61	0.00017382407501336715
4.62	0.0001682540440843865
4.63	0.00016370027355046645
4.64	0.00015990745983614392
4.65	0.00015669766172355767
4.66	0.00015394453232839378
4.67	0.0001515569510414189
4.68	0.0001494684053873364
4.69	0.00014762997064560318
4.7	0.0001460055930388186
4.71	0.000144568883007611
4.72	0.00014330092359062383
4.73	0.00014218878106280923
4.74	0.00014122451909009503
4.75	0.0001404045915421513
4.76	0.0001397295392240998
4.7700000000000005	0.00013920395229481903
4.78	0.00013883668975165953
4.79	0.0001386413751001694
4.8	0.00013863721771388698
4.8100000000000005	0.00013885024747426947
4.82	0.00013931510281845264
4.83	0.00014007758944566053
4.84	0.00014119834487670124
4.8500000000000005	0.0001427581298840586
4.86	0.000144865567870941
4.87	0.00014766864877739706
4.88	0.00015137214996343654
4.89	0.00015626456530669523
4.9	0.00016276065454467575
4.91	0.0001714701942776942
4.92	0.00018331142424583775
4.93	0.00019970121334514224
4.94	0.00022287422485678214
4.95	0.0002563986616829096
4.96	0.00030588331025302413
4.97	0.0003793042923469368
4.98	0.000483841533126486
4.99	0.0006096734594158899
5.	0.0006989208383323246
5.01	0.0006756473876771661
5.0200000000000005	0.0005617611787478435
5.03	0.0004389549926047558
5.04	0.00034494925479375206
5.05	0.00028012669969657
5.0600000000000005	0.0002361258623859879
5.07	0.000205775422940217
5.08	0.00018429732639720095
5.09	0.0001686870225556997
5.1000000000000005	0.00015705979698484956
5.11	0.00014821395596708543
5.12	0.0001413662881751914
5.13	0.0001359949014925731
5.14	0.00013174515374962542
5.15	0.0001283723929318189
5.16	0.00012570644405063047
5.17	0.0001236292253650366
5.18	0.00012206051491144036
5.19	0.0001209489589837256
5.2	0.00012026662074937565
5.21	0.00012000609954347718
5.22	0.00012017972909426572
5.23	0.00012082071696902553
5.24	0.00012198640721209626
5.25	0.00012376421135580675
5.26	0.00012628125172426581
5.2700000000000005	0.00012971953254556508
5.28	0.000134339730835631
5.29	0.0001405188935631917
5.3	0.00014881118636136503
5.3100000000000005	0.0001600476765940279
5.32	0.0001755030343427553
5.33	0.00019717609441574998
5.34	0.0002282529114768208
5.3500000000000005	0.00027379846432726274
5.36	0.0003414058410809217
5.37	0.0004398859397243543
5.38	0.0005686343858857762
5.39	0.0006873069501065121
5.4	0.0007096172190038501
5.41	0.0006136349811033519
5.42	0.00047991278432977266
5.43	0.00036897647202272323
5.44	0.00029086846451666445
5.45	0.00023796164290043134
5.46	0.00020186427333464263
5.47	0.00017668859181018846
5.48	0.00015869415661100817
5.49	0.00014554299023687204
5.5	0.00013575804776433368
5.51	0.00012838863108398773
5.5200000000000005	0.0001228114666862275
5.53	0.00011861257544540062
5.54	0.00011551641472843764
5.55	0.00011334303040795331
5.5600000000000005	0.00011198233333242804
5.57	0.00011137941907356419
5.58	0.00011152767725075933
5.59	0.00011246824285210774
5.6000000000000005	0.00011429571038150446
5.61	0.00011717138280454805
5.62	0.00012134707629079275
5.63	0.00012720521405155046
5.64	0.00013532553327197795
5.65	0.00014659670686628982
5.66	0.00016240464523263455
5.67	0.00018494881738128748
5.68	0.0002177496152274999
5.69	0.00026632009857953024
5.7	0.00033834059079760503
5.71	0.0004399466071084385
5.72	0.0005585241738353402
5.73	0.000634336341520583
5.74	0.0006007611958165742
5.75	0.0004895673869280244
5.76	0.0003762233763913086
5.7700000000000005	0.00029112981862278474
5.78	0.00023285672266833068
5.79	0.000193444317028136
5.8	0.00016638319174321433
5.8100000000000005	0.00014738789474966758
5.82	0.00013377479859988468
5.83	0.00012386655102278505
5.84	0.00011660163461471987
5.8500000000000005	0.00011129979531380199
5.86	0.00010752396507345471
5.87	0.00010499933339363775
5.88	0.00010356666653722185
5.89	0.00010315726187596398
5.9	0.00010378313075868142
5.91	0.00010554006026976011
5.92	0.0001086244869375836
5.93	0.00011336874088934892
5.94	0.00012030441063938692
5.95	0.00013027195506025235
5.96	0.00014460796133473094
5.97	0.00016545764395140867
5.98	0.0001962525809074059
5.99	0.00024221338738209322
6.	0.00030974837889294403
6.01	0.00040011506882463467
6.0200000000000005	0.0004891683781810446
6.03	0.0005162911276264782
6.04	0.00045519907447428
6.05	0.0003591490864903634
6.0600000000000005	0.0002765686686098085
6.07	0.00021785232626317922
6.08	0.00017811321210863904
6.09	0.00015116512757212735
6.1000000000000005	0.00013256367758990902
6.11	0.00011947639143268533
6.12	0.00011014285778602544
6.13	0.0001034664539097132
6.140000000000001	0.00009876098348313792
6.15	0.00009560195069800735
6.16	0.00009374163993742505
6.17	0.00009306337095641771
6.18	0.0000935619019780433
6.19	0.00009534467201104538
6.2	0.00009865454269309815
6.21	0.00010392091002282261
6.22	0.00011185440838271078
6.23	0.00012361218193530788
6.24	0.0001410712939886817
6.25	0.0001672197298516992
6.26	0.000206418029995903
6.2700000000000005	0.000263072634350405
6.28	0.00033382026197943904
6.29	0.00038991021560678816
6.3	0.000385822822918029
6.3100000000000005	0.0003251260220342897
6.32	0.0002542394792924594
6.33	0.0001986344218029294
6.34	0.00016015835331635708
6.3500000000000005	0.00013421717488286238
6.36	0.00011657852390573178
6.37	0.00010438580140817155
6.38	0.00009585063037403053
6.390000000000001	0.00008987111681071841
6.4	0.00008577197675774954
6.41	0.00008314945618989344
6.42	0.00008178438550047365
6.43	0.00008159849706600625
6.44	0.00008264118640816071
6.45	0.00008510309719607411
6.46	0.00008936101681028595
6.47	0.00009606760985547539
6.48	0.0001063093155755273
6.49	0.00012185338899522867
6.5	0.0001454157917121244
6.51	0.00018038255840175304
6.5200000000000005	0.00022761773315148863
6.53	0.00027496932930784804
6.54	0.0002906173194354436
6.55	0.00025924251829048797
6.5600000000000005	0.0002082707498423319
6.57	0.000164016056158085
6.58	0.00013246753348554005
6.59	0.00011113931672901596
6.6000000000000005	0.00009674167001284231
6.61	0.00008689994283765086
6.62	0.00008010769847848253
6.63	0.0000754426338694028
6.640000000000001	0.00007235087820017909
6.65	0.00007051613244225131
6.66	0.00006978854843859137
6.67	0.0000701538514748374
6.68	0.00007173369969128633
6.69	0.00007481769224800116
6.7	0.00007993631729678953
6.71	0.00008799057384621617
6.72	0.00010043799978431163
6.73	0.00011939482807184323
6.74	0.00014687031752936436
6.75	0.00018063396117101924
6.76	0.00020572965825713533
6.7700000000000005	0.0002009406711796367
6.78	0.00017050972521321956
6.79	0.0001367399954811313
6.8	0.00011067868023553809
6.8100000000000005	0.00009273556705714531
6.82	0.00008066902502041733
6.83	0.00007250914975717975
6.84	0.00006694744152292427
6.8500000000000005	0.00006317851049006826
6.86	0.00006072410537728714
6.87	0.00005931846432635317
6.88	0.00005884599153625375
6.890000000000001	0.00005931653666401384
6.9	0.00006087135553039154
6.91	0.00006382133747011645
6.92	0.00006872525185438807
6.93	0.00007650729074995663
6.94	0.00008852685209767779
6.95	0.00010610952865851313
6.96	0.0001279447223050483
6.97	0.000144554399002216
6.98	0.00014194256045992136
6.99	0.00012227664891121534
7.	0.00010009974020122459
7.01	0.00008288794818201424
7.0200000000000005	0.00007101927165480445
7.03	0.0000630445421663602
7.04	0.00005767209470436973
7.05	0.00005404482467701016
7.0600000000000005	0.000051641130097649744
7.07	0.000050161433392945876
7.08	0.00004945600349689861
7.09	0.00004948982879274976
7.1000000000000005	0.000050336759172681066
7.11	0.00005220102578773281
7.12	0.000055468661642920165
7.13	0.000060780896271694195
7.140000000000001	0.00006903858436673473
7.15	0.0000808955069932368
7.16	0.00009455906113636596
7.17	0.0001025437589652065
7.18	0.00009739787771095691
7.19	0.00008369713039627697
7.2	0.00007022581754797906
7.21	0.00006022248159777694
7.22	0.00005340262207588373
7.23	0.000048826773563882624
7.24	0.00004575346807023798
7.25	0.00004370949353800255
7.26	0.00004241738350919662
7.2700000000000005	0.00004173216581986259
7.28	0.000041606451269514684
7.29	0.00004208042539600309
7.3	0.00004329412739279197
7.3100000000000005	0.000045521103392691056
7.32	0.000049208132185590775
7.33	0.00005491758846725758
7.34	0.00006275287433269881
7.3500000000000005	0.00007052506253775988
7.36	0.00007274012867281094
7.37	0.00006699746322539551
7.38	0.00005811089392874142
7.390000000000001	0.00005047471041816446
7.4	0.00004503799375792665
7.41	0.000041363927709698657
7.42	0.000038900128519399384
7.43	0.00003725675086874072
7.44	0.00003619737970569371
7.45	0.00003559421196517737
7.46	0.00003539796478804537
7.47	0.00003562662093974839
7.48	0.000036371174235057474
7.49	0.00003781557521636792
7.5	0.00004025227783066775
7.51	0.00004399296518526906
7.5200000000000005	0.000048831712738498904
7.53	0.000052778290145634185
7.54	0.00005249775491968032
7.55	0.000048032543010368024
7.5600000000000005	0.00004272332013637945
7.57	0.000038512562370937585
7.58	0.000035579612683538004
7.59	0.00003360112811764549
7.6000000000000005	0.00003227411203901722
7.61	0.00003139972886424436
7.62	0.000030864820097174037
7.63	0.00003061827012356088
7.640000000000001	0.00003065907770946871
7.65	0.00003103669049885242
7.66	0.000031860852281922455
7.67	0.000033306007637675685
7.68	0.00003553725325566806
7.69	0.00003833212247761901
7.7	0.000040330945702673
7.71	0.00003967869707873433
7.72	0.000036821604909487056
7.73	0.00003372700272597039
7.74	0.00003133783355963883
7.75	0.000029678947000935155
7.76	0.000028554498765056997
7.7700000000000005	0.000027797461383204813
7.78	0.00002730266056450064
7.79	0.00002701460506831578
7.8	0.000026915719561658863
7.8100000000000005	0.000027022368516490672
7.82	0.000027387910004354315
7.83	0.000028105310272387816
7.84	0.000029273208407996907
7.8500000000000005	0.00003080662838540804
7.86	0.00003200950344514177
7.87	0.00003177394432410042
7.88	0.000030174492868450096
7.890000000000001	0.00002833495521031629
7.9	0.00002687774172466462
7.91	0.000025850977110314922
7.92	0.000025146142323958743
7.930000000000001	0.000024664982214423025
7.94	0.000024345526709451947
7.95	0.00002415645473545918
7.96	0.000024090790824742017
7.97	0.00002416419606899791
7.98	0.000024416387933408116
7.99	0.00002490509435791579
8.	0.00002564998784716928
8.01	0.00002644053114856022
8.02	0.000026678231808277205
8.03	0.000026011412980207078
8.040000000000001	0.00002492941547611044
8.05	0.000023964296335506338
8.06	0.000023252938701912313
8.07	0.000022753618006058824
8.08	0.000022404939426760054
8.09	0.000022164276192544194
8.1	0.000022008871928319764
8.11	0.00002193214645015963
8.120000000000001	0.000021942104410747373
8.13	0.000022061381745472843
8.14	0.000022321465778566038
8.15	0.000022722921147767845
8.16	0.000023116999692530888
8.17	0.000023160033054307194
8.18	0.000022735612669886475
8.19	0.00002216295926759297
8.2	0.000021708334482516753
8.21	0.000021416582605866013
8.22	0.000021213843301316105
8.23	0.000020994992637586327
8.24	0.00002074448200284768
8.25	0.000020526564065413738
8.26	0.00002038154685368059
8.27	0.00002032070185304589
8.28	0.000020351996811991028
8.290000000000001	0.00002047725475794171
8.3	0.00002064243979003403
8.31	0.00002067694664292294
8.32	0.000020444717798387012
8.33	0.000020064766992326655
8.34	0.000019708698874319363
8.35	0.000019430404930002136
8.36	0.000019220549745287933
8.370000000000001	0.000019060550069186466
8.38	0.000018937289471622482
8.39	0.0000188442673645302
8.4	0.00001878072330883383
8.41	0.00001875108143925066
8.42	0.00001876322538395111
8.43	0.000018818224401179826
8.44	0.000018877894626876024
8.45	0.000018843989590766434
8.46	0.0000186686672587641
8.47	0.000018435596700995366
8.48	0.000018225647554323323
8.49	0.00001805749039979061
8.5	0.00001792394439113453
8.51	0.0000178157042091448
8.52	0.000017726854044483106
8.53	0.00001765507259930732
8.540000000000001	0.00001760121080873149
8.55	0.000017568688879854058
8.56	0.000017560288535109076
8.57	0.00001756549957019656
8.58	0.000017541286923650224
8.59	0.0000174431796908173
8.6	0.000017295850303709062
8.61	0.000017150508959150304
8.620000000000001	0.000017026731080444954
8.63	0.000016923299381866368
8.64	0.000016835161068286744
8.65	0.000016758668192694563
8.66	0.000016692205035239843
8.67	0.00001663598803090343
8.68	0.000016591652491659367
8.69	0.000016560312547927535
8.700000000000001	0.000016535437868062467
8.71	0.000016493443274513076
8.72	0.000016413112992684735
8.73	0.00001630993779311214
8.74	0.000016209728451261368
8.75	0.00001612141813618698
8.76	0.000016044090139625227
8.77	0.000015975272097218667
8.78	0.000015913353173728667
8.790000000000001	0.00001585785960297426
8.8	0.00001580934001488246
8.81	0.000015768942025908934
8.82	0.000015736475032442333
8.83	0.00001570535630438099
8.84	0.00001566230575632313
8.85	0.000015606022095722783
8.86	0.000015552096724730696
8.870000000000001	0.000015513502125807644
8.88	0.000015497352948207398
8.89	0.000015511276363259298
8.9	0.000015565895719769312
8.91	0.00001566777562615159
8.92	0.000015789045258701298
8.93	0.00001582997277361299
8.94	0.0000157072237525282
8.950000000000001	0.000015488797075134094
8.96	0.00001527344264684584
8.97	0.000015092127528418839
8.98	0.0000149453483158976
8.99	0.00001482679667234739
9.	0.000014728562355535352
9.01	0.000014644208369771648
9.02	0.000014569415471136479
9.03	0.000014501522068779887
9.040000000000001	0.000014438996380817295
9.05	0.000014380991524336219
9.06	0.000014326650767571705
9.07	0.000014273702862685353
9.08	0.000014218229325599824
9.09	0.000014159222821502463
9.1	0.000014099840545606921
9.11	0.000014042354742972761
9.120000000000001	0.000013987052889780495
9.13	0.00001393358046061942
9.14	0.000013881611424948982
9.15	0.000013830983242254979
9.16	0.000013781679719973505
9.17	0.000013733706578526442
9.18	0.000013686660289087249
9.19	0.00001363908881199599
9.200000000000001	0.00001358951186047634
9.21	0.000013538727692751029
9.22	0.000013488405460759918
9.23	0.000013439183556333527
9.24	0.000013391029224842553
9.25	0.000013343795942928609
9.26	0.00001329739779512698
9.27	0.000013251828235808113
9.28	0.000013207119254110328
9.290000000000001	0.000013163178067509772
9.3	0.000013119457339753387
9.31	0.000013075159848137943
9.32	0.00001303044359845431
9.33	0.000012986211715672143
9.34	0.00001294298046807741
9.35	0.000012900880842469799
9.36	0.000012859977581648593
9.370000000000001	0.000012820402175079908
9.38	0.000012782390902568563
9.39	0.000012746295209973447
9.4	0.000012712546120462276
9.41	0.000012681570260842321
9.42	0.000012654033337546177
9.43	0.00001263162375075162
9.44	0.000012617253330932728
9.450000000000001	0.000012615098690018485
9.46	0.000012631515678508716
9.47	0.00001267625630718028
9.48	0.000012762116636133949
9.49	0.000012895612208233279
9.5	0.000013041861776622444
9.51	0.00001308799518042434
9.52	0.000012952963621076609
9.53	0.000012723014031334518
9.540000000000001	0.000012508534077243511
9.55	0.000012341789245874758
9.56	0.000012215593794345432
9.57	0.00001211716933011092
9.58	0.000012036870398936277
9.59	0.000011968461987299017
9.6	0.000011908041034930796
9.61	0.000011853135447277807
9.620000000000001	0.000011802105238385192
9.63	0.000011753812496797951
9.64	0.000011707546955351243
9.65	0.00001166291033375951
9.66	0.000011619613152334532
9.67	0.000011577414424170253
9.68	0.000011536126321712531
9.69	0.000011495609550739267
9.700000000000001	0.000011455762070488751
9.71	0.00001141650491471122
9.72	0.000011377760949448884
9.73	0.00001133944391293304
9.74	0.000011301505887741785
9.75	0.000011263961998440713
9.76	0.000011226829919951318
9.77	0.000011190109056625892
9.78	0.000011153796173123775
9.790000000000001	0.000011117894724955009
9.8	0.000011082417014500783
9.81	0.00001104738290321217
9.82	0.00001101281442457066
9.83	0.000010978734804402951
9.84	0.000010945194843839953
9.85	0.0000109122905903991
9.86	0.000010880143171536981
9.870000000000001	0.000010848899517825086
9.88	0.000010818754999737648
9.89	0.000010789980863757371
9.9	0.00001076296060996028
9.91	0.000010738244899226034
9.92	0.000010716638780247112
9.93	0.000010699351319882323
9.94	0.000010688257954261673
9.950000000000001	0.000010686322318223793
9.96	0.00001069826741699209
9.97	0.00001073153891522958
9.98	0.000010796911507840511
9.99	0.00001090500403467791
10.	0.000011046431526982959
10.01	0.000011148640754587586
10.02	0.000011101565561155157
10.03	0.000010919056958099134
10.040000000000001	0.000010714699499891095
10.05	0.000010548322561764035
10.06	0.000010423423367521355
10.07	0.000010328658040999061
10.08	0.000010253756127145591
10.09	0.000010191789764470658
10.1	0.000010138390467285783
10.11	0.000010090817361823842
10.120000000000001	0.000010047322623603831
10.13	0.000010006767704197834
10.14	9.968394154053419e-6
10.15	9.931683602405782e-6
10.16	9.896273628562825e-6
10.17	9.86190641116451e-6
10.18	9.82839595983287e-6
10.19	9.79560663397659e-6
10.200000000000001	9.763438709893159e-6
10.21	9.73181871787951e-6
10.22	9.70069393736942e-6
10.23	9.670028809274226e-6
10.24	9.639801104617868e-6
10.25	9.609999807676807e-6
10.26	9.58062471211288e-6
10.27	9.551686758833077e-6
10.28	9.523209067255294e-6
10.290000000000001	9.49522885769738e-6
10.3	9.467800680286822e-6
10.31	9.441001880553098e-6
10.32	9.414940665205693e-6
10.33	9.389767281050828e-6
10.34	9.365691438794991e-6
10.35	9.343009763400681e-6
10.36	9.322148943990894e-6
10.370000000000001	9.303735035709652e-6
10.38	9.288707284470837e-6
10.39	9.278508476946827e-6
10.4	9.275405306848808e-6
10.41	9.283013958805402e-6
10.42	9.30706707990844e-6
10.43	9.35603782824389e-6
10.44	9.43915450980915e-6
10.450000000000001	9.552931325786992e-6
10.46	9.64688838669782e-6
10.47	9.628121503360968e-6
10.48	9.488490360462176e-6
10.49	9.318837769000924e-6
10.5	9.177116415871958e-6
10.51	9.070263747091707e-6
10.52	8.989473336910137e-6
10.53	8.925973516114136e-6
10.540000000000001	8.87372651930349e-6
10.55	8.828909763899061e-6
10.56	8.789128642293285e-6
10.57	8.752862107028842e-6
10.58	8.719122553666062e-6
10.59	8.687253418232445e-6
10.6	8.656808300022814e-6
10.61	8.627477632324194e-6
10.620000000000001	8.5990432777115e-6
10.63	8.571349830525213e-6
10.64	8.544286155117495e-6
10.65	8.517773370404158e-6
10.66	8.49175703299894e-6
10.67	8.466202133820461e-6
10.68	8.441090089114145e-6
10.69	8.416417310895567e-6
10.700000000000001	8.392195152634743e-6
10.71	8.368451227775048e-6
10.72	8.345232323749252e-6
10.73	8.322609404856438e-6
10.74	8.300685591036022e-6
10.75	8.279608606314123e-6
10.76	8.259590215360626e-6
10.77	8.240936976773503e-6
10.78	8.224099773602574e-6
10.790000000000001	8.209755138761568e-6
10.8	8.198941093485714e-6
10.81	8.193285759871426e-6
10.82	8.19538476331691e-6
10.83	8.20936554097963e-6
10.84	8.241419967175166e-6
10.85	8.298752260416466e-6
10.86	8.380959104499593e-6
10.870000000000001	8.455320746364254e-6
10.88	8.451370049781186e-6
10.89	8.350649067330046e-6
10.9	8.218784507409876e-6
10.91	8.105479008895535e-6
10.92	8.019082468726774e-6
10.93	7.95338487604651e-6
10.94	7.901517275871877e-6
10.950000000000001	7.858653882719983e-6
10.96	7.821725979282265e-6
10.97	7.788812699642798e-6
10.98	7.758697269717062e-6
10.99	7.730592536316739e-6
11.	7.703977515888181e-6
11.01	7.67849998046966e-6
11.02	7.653917546978208e-6
11.03	7.630061381712596e-6
11.040000000000001	7.6068134456407916e-6
11.05	7.584092061904572e-6
11.06	7.561842772497498e-6
11.07	7.540032714364296e-6
11.08	7.518647503732726e-6
11.09	7.497690106666457e-6
11.1	7.477181530329075e-6
11.11	7.457163488169737e-6
11.120000000000001	7.437703556221151e-6
11.13	7.418903845146881e-6
11.14	7.400915013987793e-6
11.15	7.383958804134555e-6
11.16	7.368364634747585e-6
11.17	7.35462997465378e-6
11.18	7.343521440706406e-6
11.19	7.336245030226763e-6
11.200000000000001	7.334726242453019e-6
11.21	7.342022952579951e-6
11.22	7.362682354663693e-6
11.23	7.401788352742584e-6
11.24	7.458070769995114e-6
11.25	7.505556511170241e-6
11.26	7.493562769457642e-6
11.27	7.414366046175996e-6
11.28	7.3166751863074545e-6
11.290000000000001	7.233556618327687e-6
11.3	7.1695672512786415e-6
11.31	7.12002662844911e-6
11.32	7.080103443019553e-6
11.33	7.046448611085666e-6
11.34	7.016939112184939e-6
11.35	6.990246145116346e-6
11.36	6.965527414914056e-6
11.370000000000001	6.942237860298765e-6
11.38	6.920017084793118e-6
11.39	6.898622288551263e-6
11.4	6.877887754839161e-6
11.41	6.857699991709061e-6
11.42	6.837982321415286e-6
11.43	6.818685373158913e-6
11.44	6.7997814612936435e-6
11.450000000000001	6.78126174090785e-6
11.46	6.763135622106733e-6
11.47	6.745432372525576e-6
11.48	6.7282052733444106e-6
11.49	6.711539243111054e-6
11.5	6.6955636749982335e-6
11.51	6.6804736209217136e-6
11.52	6.6665648711406015e-6
11.53	6.654292687545953e-6
11.540000000000001	6.6443708837248576e-6
11.55	6.637936995541849e-6
11.56	6.636808572103883e-6
11.57	6.643776206308293e-6
11.58	6.66241729730441e-6
11.59	6.694178727540877e-6
11.6	6.728033948097134e-6
11.61	6.731567609117235e-6
11.620000000000001	6.6849843913797174e-6
11.63	6.61462317893622e-6
11.64	6.549896473972961e-6
11.65	6.49851684280085e-6
11.66	6.458174462216866e-6
11.67	6.425347028500129e-6
11.68	6.3974284104142324e-6
11.69	6.372741755398084e-6
11.700000000000001	6.350238044736022e-6
11.71	6.329256361061958e-6
11.72	6.309372564761948e-6
11.73	6.290308919935774e-6
11.74	6.27188046385264e-6
11.75	6.253962877238267e-6
11.76	6.2364730178533046e-6
11.77	6.2193571051151735e-6
11.78	6.202583736092298e-6
11.790000000000001	6.186140186374176e-6
11.8	6.170031236028807e-6
11.81	6.1542803201746085e-6
11.82	6.1389333108425874e-6
11.83	6.124065848901938e-6
11.84	6.109796059712895e-6
11.85	6.096306010843708e-6
11.86	6.083877894289406e-6
11.870000000000001	6.072955265679088e-6
11.88	6.064245616887334e-6
11.89	6.058881897321319e-6
11.9	6.058619648644804e-6
11.91	6.0657923539681164e-6
11.92	6.081740133252424e-6
11.93	6.100653231108557e-6
11.94	6.102410134916605e-6
11.950000000000001	6.071071671690098e-6
11.96	6.02130408861576e-6
11.97	5.973811696327443e-6
11.98	5.935044676095418e-6
11.99	5.903827422224073e-6
12.	5.8778131931474385e-6
12.01	5.8552080746360435e-6
12.02	5.834849026092283e-6
12.030000000000001	5.816008287739438e-6
12.040000000000001	5.798228571948862e-6
12.05	5.781217717240776e-6
12.06	5.764785651916031e-6
12.07	5.748807086662543e-6
12.08	5.733199315858845e-6
12.09	5.717908959097875e-6
12.1	5.702904172662729e-6
12.11	5.688170429960642e-6
12.120000000000001	5.673708912878151e-6
12.13	5.659537192356189e-6
12.14	5.645692417866374e-6
12.15	5.6322378591034704e-6
12.16	5.619274556417175e-6
12.17	5.6069613379415285e-6
12.18	5.595548955113817e-6
12.19	5.585437742537601e-6
12.200000000000001	5.57727069903688e-6
12.21	5.57205916384687e-6
12.22	5.571229106692391e-6
12.23	5.575996641440145e-6
12.24	5.584324051686874e-6
12.25	5.585481764670195e-6
12.26	5.566439498793675e-6
12.27	5.532109279368478e-6
12.280000000000001	5.4968476819492225e-6
12.290000000000001	5.466862680182356e-6
12.3	5.442059141240306e-6
12.31	5.420956727203281e-6
12.32	5.402309098405945e-6
12.33	5.3852506759354e-6
12.34	5.36916893385074e-6
12.35	5.353703757736212e-6
12.36	5.338733643438231e-6
12.370000000000001	5.324198125464361e-6
12.38	5.310025274420283e-6
12.39	5.296151444620668e-6
12.4	5.282532647640171e-6
12.41	5.269143675335703e-6
12.42	5.255975364289216e-6
12.43	5.243033464395288e-6
12.44	5.230339866762981e-6
12.450000000000001	5.21793675172491e-6
12.46	5.205894859679657e-6
12.47	5.194328273525558e-6
12.48	5.183419980005775e-6
12.49	5.173464858327317e-6
12.5	5.164936401561206e-6
12.51	5.158561831872146e-6
12.52	5.155266042827945e-6
12.530000000000001	5.155383430985663e-6
12.540000000000001	5.155925857688668e-6
12.55	5.148413846571642e-6
12.56	5.128002226725556e-6
12.57	5.101714376327713e-6
12.58	5.0770310037025585e-6
12.59	5.055834416525047e-6
12.6	5.037500788751466e-6
12.61	5.0211222103200065e-6
12.620000000000001	5.006031590057461e-6
12.63	4.9918007766980835e-6
12.64	4.978162522546057e-6
12.65	4.9649491700461006e-6
12.66	4.952054129972672e-6
12.67	4.939409008353251e-6
12.68	4.926970210555532e-6
12.69	4.914711182265065e-6
12.700000000000001	4.9026181178588396e-6
12.71	4.890687999177434e-6
12.72	4.878928485484664e-6
12.73	4.867359675058664e-6
12.74	4.856018272313019e-6
12.75	4.844965390965081e-6
12.76	4.834300282783152e-6
12.77	4.824183713854227e-6
12.780000000000001	4.814875218114814e-6
12.790000000000001	4.806779897303609e-6
12.8	4.8004453600024065e-6
12.81	4.796225572994262e-6
12.82	4.79289852638216e-6
12.83	4.785859243721173e-6
12.84	4.771038638090453e-6
12.85	4.7515656994748794e-6
12.86	4.732474823549946e-6
12.870000000000001	4.715461661895506e-6
12.88	4.700294230934306e-6
12.89	4.686415150851569e-6
12.9	4.673390807333306e-6
12.91	4.6609391544559604e-6
12.92	4.648884027644155e-6
12.93	4.6371153966014395e-6
12.94	4.6255638444006686e-6
12.950000000000001	4.614185373262004e-6
12.96	4.602952568278613e-6
12.97	4.5918495817649554e-6
12.98	4.580869514160977e-6
12.99	4.570013483723313e-6
13.	4.559291163501162e-6
13.01	4.548722978471285e-6
13.02	4.538344636494466e-6
13.030000000000001	4.528215340183501e-6
13.040000000000001	4.518431893123949e-6
13.05	4.50915110500758e-6
13.06	4.500617095265399e-6
13.07	4.4931542043913e-6
13.08	4.486944465639858e-6
13.09	4.481162928639232e-6
13.1	4.472992840146898e-6
13.11	4.460245921737632e-6
13.120000000000001	4.444997698364e-6
13.13	4.430118489273635e-6
13.14	4.416492696072007e-6
13.15	4.403956546248585e-6
13.16	4.392190417783836e-6
13.17	4.3809563142263185e-6
13.18	4.370108349923819e-6
13.19	4.359558818146311e-6
13.200000000000001	4.34922313879332e-6
13.21	4.338948849597874e-6
13.22	4.328576790592345e-6
13.23	4.318146437140679e-6
13.24	4.307799786529732e-6
13.25	4.297598852971159e-6
13.26	4.287546655811872e-6
13.27	4.277639314543827e-6
13.280000000000001	4.267885451286334e-6
13.290000000000001	4.2583130967331795e-6
13.3	4.2489773498827585e-6
13.31	4.239972957740849e-6
13.32	4.231448427853042e-6
13.33	4.2235901008479255e-6
13.34	4.216444729150675e-6
13.35	4.209337078325757e-6
13.36	4.200501254495151e-6
13.370000000000001	4.189087685948026e-6
13.38	4.176617615475216e-6
13.39	4.1645498196815524e-6
13.4	4.15321570921234e-6
13.41	4.142476738123283e-6
13.42	4.132149735109103e-6
13.43	4.122102140175956e-6
13.44	4.1122493162909e-6
13.450000000000001	4.102538678292383e-6
13.46	4.092937556898047e-6
13.47	4.083425670498992e-6
13.48	4.07399074576679e-6
13.49	4.0646260892127655e-6
13.5	4.05532940450727e-6
13.51	4.04610252115984e-6
13.52	4.036951975096511e-6
13.530000000000001	4.02789063546577e-6
13.540000000000001	4.018940864379309e-6
13.55	4.010139984447459e-6
13.56	4.001548513140696e-6
13.57	3.993257482006067e-6
13.58	3.9853700875658184e-6
13.59	3.977865289321298e-6
13.6	3.97022753628249e-6
13.61	3.961425207505612e-6
13.620000000000001	3.951271518174366e-6
13.63	3.940749575928876e-6
13.64	3.930545657395679e-6
13.65	3.9207596944279595e-6
13.66	3.911297561493463e-6
13.67	3.902060536693507e-6
13.68	3.8929800912942945e-6
13.69	3.8840129612081765e-6
13.700000000000001	3.8751323788821305e-6
13.71	3.866321828909365e-6
13.72	3.8575712670319105e-6
13.73	3.848874975271244e-6
13.74	3.840230451134496e-6
13.75	3.831638007573251e-6
13.76	3.823100975289198e-6
13.77	3.814626581200843e-6
13.780000000000001	3.806227765072562e-6
13.790000000000001	3.7979263579708847e-6
13.8	3.789757770540092e-6
13.81	3.7817744809463337e-6
13.82	3.7740317749163834e-6
13.83	3.766498293622887e-6
13.84	3.7588421475474247e-6
13.85	3.75049873358438e-6
13.86	3.74146879984696e-6
13.870000000000001	3.7323197842388824e-6
13.88	3.723388105360522e-6
13.89	3.7147113274221027e-6
13.9	3.706243483205574e-6
13.91	3.6979460362236852e-6
13.92	3.689800215500031e-6
13.93	3.681785040700699e-6
13.94	3.6738162442110962e-6
13.950000000000001	3.665720138411094e-6
13.96	3.657432478598811e-6
13.97	3.6490997571535753e-6
13.98	3.640846207300997e-6
13.99	3.632697264581398e-6
14.	3.624642437632569e-6
14.01	3.616671766491122e-6
14.02	3.608784848888978e-6
14.030000000000001	3.600992833167488e-6
14.040000000000001	3.593318957481127e-6
14.05	3.58579050453363e-6
14.06	3.5783921206324068e-6
14.07	3.570950326173584e-6
14.08	3.563154333802419e-6
14.09	3.5549835862323096e-6
14.1	3.5467422171790073e-6
14.11	3.5386198975749206e-6
14.120000000000001	3.530637807232285e-6
14.13	3.522766104709449e-6
14.14	3.514975510028776e-6
14.15	3.5072459663200943e-6
14.16	3.4995648632681283e-6
14.17	3.491924438819646e-6
14.18	3.4843199801162573e-6
14.19	3.476748761707631e-6
14.200000000000001	3.469209481875097e-6
14.21	3.4617020387392707e-6
14.22	3.4542275828447695e-6
14.23	3.4467888653456525e-6
14.24	3.439390971807338e-6
14.25	3.4320425306939684e-6
14.26	3.424757034732245e-6
14.27	3.417551368104806e-6
14.280000000000001	3.4104294780865985e-6
14.290000000000001	3.403329075341554e-6
14.3	3.3960888994898053e-6
14.31	3.388633011538385e-6
14.32	3.3811007888835574e-6
14.33	3.3736243258862245e-6
14.34	3.3662332317231044e-6
14.35	3.3589147493297425e-6
14.36	3.3516522083553226e-6
14.370000000000001	3.3444335861117158e-6
14.38	3.3372512489321623e-6
14.39	3.3301005211248825e-6
14.4	3.322978605090926e-6
14.41	3.315883933603191e-6
14.42	3.30881583031339e-6
14.43	3.3017743857535887e-6
14.44	3.29476051274848e-6
14.450000000000001	3.2877761962711295e-6
14.46	3.2808249890347685e-6
14.47	3.2739127517500827e-6
14.48	3.2670481101984256e-6
14.49	3.2602396403085173e-6
14.5	3.253480111424041e-6
14.51	3.246713265640418e-6
14.52	3.2398571020748833e-6
14.530000000000001	3.2329292698659702e-6
14.540000000000001	3.2260232798960143e-6
14.55	3.2191929123807897e-6
14.56	3.2124539151592235e-6
14.57	3.2058131658986034e-6
14.58	3.1992606989741366e-6
14.59	3.1927161880638826e-6
14.6	3.1860210948738997e-6
14.61	3.1791396896563007e-6
14.620000000000001	3.172217297640464e-6
14.63	3.1653593528974e-6
14.64	3.158582225018416e-6
14.65	3.151872279360085e-6
14.66	3.1452154274462514e-6
14.67	3.1386029203455974e-6
14.68	3.1320310208679302e-6
14.69	3.12549983200475e-6
14.700000000000001	3.1190105435884045e-6
14.71	3.1125557587177896e-6
14.72	3.1061018663639243e-6
14.73	3.099605855315419e-6
14.74	3.09307961597299e-6
14.75	3.0865681199497928e-6
14.76	3.08009186001177e-6
14.77	3.073650728178356e-6
14.780000000000001	3.0672398641663787e-6
14.790000000000001	3.060855130063579e-6
14.8	3.054493762557042e-6
14.81	3.0481540260572706e-6
14.82	3.0418348546964583e-6
14.83	3.035535622831727e-6
14.84	3.0292560229977793e-6
14.85	3.0229960226517477e-6
14.86	3.016755887869481e-6
14.870000000000001	3.0105362779793027e-6
14.88	3.004338414051924e-6
14.89	2.9981642351085315e-6
14.9	2.992015985848464e-6
14.91	2.985893157463623e-6
14.92	2.9797841189249575e-6
14.93	2.973665407273443e-6
14.94	2.9675324232163766e-6
14.950000000000001	2.961407333564293e-6
14.96	2.9553058088675665e-6
14.97	2.9492301642143864e-6
14.98	2.943178259167083e-6
14.99	2.937147846801336e-6
15.	2.931137383952273e-6
15.01	2.9251459290692558e-6
15.02	2.9191729535202425e-6
15.030000000000001	2.913218215505078e-6
15.040000000000001	2.907281699195854e-6
15.05	2.9013636063224995e-6
15.06	2.8954643962910012e-6
15.07	2.889584881304002e-6
15.08	2.88372638202882e-6
15.09	2.8778908861594745e-6
15.1	2.8720808320410992e-6
15.11	2.8662972586118072e-6
15.120000000000001	2.860535800652237e-6
15.13	2.854790633418856e-6
15.14	2.8490724168109352e-6
15.15	2.843405447435144e-6
15.16	2.837807135469478e-6
15.17	2.8322630958169993e-6
15.18	2.826682352986682e-6
15.19	2.8209429680779744e-6
15.200000000000001	2.815075496507182e-6
15.21	2.8092084581578256e-6
15.22	2.80340249562249e-6
15.23	2.7976585876874694e-6
15.24	2.7919635071431e-6
15.25	2.786305887595633e-6
15.26	2.7806782498814438e-6
15.27	2.7750760775324088e-6
15.280000000000001	2.7694968180915503e-6
15.290000000000001	2.7639390805414834e-6
15.3	2.7584014309986472e-6
15.31	2.7528800191730115e-6
15.32	2.7473683008595313e-6
15.33	2.741864744191258e-6
15.34	2.736374642905456e-6
15.35	2.730901672541592e-6
15.36	2.725446203086618e-6
15.370000000000001	2.7200075319438388e-6
15.38	2.7145849602794246e-6
15.39	2.7091779859881553e-6
15.4	2.7037862715256353e-6
15.41	2.6984095920345292e-6
15.42	2.6930478004037235e-6
15.43	2.687700809644629e-6
15.44	2.6823685893282797e-6
15.450000000000001	2.6770511746790835e-6
15.46	2.6717486861441976e-6
15.47	2.6664613397244197e-6
15.48	2.6611893442803e-6
15.49	2.655932357650124e-6
15.5	2.6506883769345425e-6
15.51	2.6454546002157664e-6
15.52	2.6402315742702193e-6
15.530000000000001	2.635022199605109e-6
15.540000000000001	2.629827909090523e-6
15.55	2.6246487639820417e-6
15.56	2.619484500952966e-6
15.57	2.614334918990872e-6
15.58	2.609199939841285e-6
15.59	2.604079602363558e-6
15.6	2.598974062640123e-6
15.610000000000001	2.5938836149887533e-6
15.620000000000001	2.588808741060866e-6
15.63	2.5837501993986256e-6
15.64	2.5787091782913357e-6
15.65	2.5736875472482563e-6
15.66	2.5686882401029973e-6
15.67	2.563715727109607e-6
15.68	2.558776376412032e-6
15.69	2.5538786134591745e-6
15.700000000000001	2.549030019757476e-6
15.71	2.544215824659633e-6
15.72	2.53936026331938e-6
15.73	2.5343773227333246e-6
15.74	2.5293072007402762e-6
15.75	2.5242470500521676e-6
15.76	2.5192361564117146e-6
15.77	2.5142726578006355e-6
15.780000000000001	2.5093462196745824e-6
15.790000000000001	2.5044483761969803e-6
15.8	2.499573540403404e-6
15.81	2.49471820423882e-6
15.82	2.4898801728769524e-6
15.83	2.485058062194261e-6
15.84	2.480250976055633e-6
15.85	2.4754582176423845e-6
15.860000000000001	2.4706789236073512e-6
15.870000000000001	2.4659120750968034e-6
15.88	2.4611574130443767e-6
15.89	2.456415420143952e-6
15.9	2.451686343503334e-6
15.91	2.4469700970007093e-6
15.92	2.442266510770453e-6
15.93	2.437575434161431e-6
15.94	2.4328967495219366e-6
15.950000000000001	2.4282303656843376e-6
15.96	2.423576210941718e-6
15.97	2.418934228734204e-6
15.98	2.414304375946034e-6
15.99	2.4096866234124376e-6
16.	2.405080957742334e-6
16.01	2.40048737965734e-6
16.02	2.3959058784746376e-6
16.03	2.391336338406705e-6
16.04	2.3867784487549464e-6
16.05	2.3822320084435745e-6
16.06	2.3776972685158485e-6
16.07	2.3731745470552516e-6
16.080000000000002	2.36866398271747e-6
16.09	2.364165650928358e-6
16.1	2.359679666169286e-6
16.11	2.3552062282813e-6
16.12	2.3507456620620435e-6
16.13	2.3462984778578552e-6
16.14	2.34186547413532e-6
16.15	2.337447911986512e-6
16.16	2.3330478091754684e-6
16.17	2.3286684124069612e-6
16.18	2.3243148242119483e-6
16.19	2.3199941759331914e-6
16.2	2.315712226495955e-6
16.21	2.3114575154926297e-6
16.22	2.3071747944028463e-6
16.23	2.3028010748611298e-6
16.240000000000002	2.2983646127843324e-6
16.25	2.2939362275746657e-6
16.26	2.2895449994084636e-6
16.27	2.285189773836077e-6
16.28	2.2808630667878128e-6
16.29	2.276558710354632e-6
16.3	2.2722726216214765e-6
16.31	2.2680022244347174e-6
16.32	2.2637458887929093e-6
16.330000000000002	2.2595025621484174e-6
16.34	2.255271547077016e-6
16.35	2.251052367810789e-6
16.36	2.2468446823230223e-6
16.37	2.242648208920066e-6
16.38	2.2384626882277655e-6
16.39	2.2342879530662458e-6
16.4	2.230123953910869e-6
16.41	2.2259706491719076e-6
16.42	2.221827970332499e-6
16.43	2.2176958452691575e-6
16.44	2.213574210329441e-6
16.45	2.2094630115162043e-6
16.46	2.2053622031092163e-6
16.47	2.2012717464377646e-6
16.48	2.197191609279631e-6
16.490000000000002	2.1931217658933075e-6
16.5	2.1890621976112274e-6
16.51	2.1850128936320504e-6
16.52	2.180973850314325e-6
16.53	2.1769450647378735e-6
16.54	2.1729265272153274e-6
16.55	2.1689182517039012e-6
16.56	2.1649203238433034e-6
16.57	2.1609328789421035e-6
16.580000000000002	2.1569560891791302e-6
16.59	2.1529902023080987e-6
16.6	2.1490355995636375e-6
16.61	2.145092878294956e-6
16.62	2.141162986500395e-6
16.63	2.1372474469847423e-6
16.64	2.133348710325742e-6
16.65	2.1294705868985956e-6
16.66	2.1256181571034207e-6
16.67	2.121794368231381e-6
16.68	2.1179866322194193e-6
16.69	2.1141510314756555e-6
16.7	2.1102523506529825e-6
16.71	2.1063223320713593e-6
16.72	2.102406406660369e-6
16.73	2.0985188425204457e-6
16.740000000000002	2.094657096171165e-6
16.75	2.090816011113346e-6
16.76	2.086991614424623e-6
16.77	2.0831812509746035e-6
16.78	2.079383167243333e-6
16.79	2.0755963216528047e-6
16.8	2.071820159938364e-6
16.81	2.0680543017379134e-6
16.82	2.064298439776948e-6
16.830000000000002	2.0605523367755143e-6
16.84	2.0568158142397996e-6
16.85	2.053088734331699e-6
16.86	2.0493709855965093e-6
16.87	2.0456624817616617e-6
16.88	2.0419631607936613e-6
16.89	2.0382729715033035e-6
16.9	2.0345918671460456e-6
16.91	2.0309198062229776e-6
16.92	2.0272567529762274e-6
16.93	2.0236026771679788e-6
16.94	2.0199575539371274e-6
16.95	2.016321364031173e-6
16.96	2.012694094521225e-6
16.97	2.0090757401146676e-6
16.98	2.0054663052392933e-6
16.990000000000002	2.001865807105276e-6
17.	1.998274279929506e-6
17.01	1.9946917813678388e-6
17.02	1.9911184059798037e-6
17.03	1.9875543083462667e-6
17.04	1.9839997315444685e-6
17.05	1.9804550544171635e-6
17.06	1.9769208775489797e-6
17.07	1.9733981672677237e-6
17.080000000000002	1.9698884829900544e-6
17.09	1.9663942660972975e-6
17.1	1.9629188480499534e-6
17.11	1.959464514659831e-6
17.12	1.956024301757715e-6
17.13	1.952570550286458e-6
17.14	1.949077228584479e-6
17.150000000000002	1.9455621687651003e-6
17.16	1.9420567069118694e-6
17.17	1.9385718845615613e-6
17.18	1.935106442030814e-6
17.19	1.931656928634146e-6
17.2	1.928220620797244e-6
17.21	1.9247957303852934e-6
17.22	1.921381126938146e-6
17.23	1.9179760901472202e-6
17.240000000000002	1.9145801495736596e-6
17.25	1.911192988270353e-6
17.26	1.90781438548058e-6
17.27	1.9044441822011283e-6
17.28	1.9010822600882576e-6
17.29	1.8977285282320286e-6
17.3	1.8943829145951619e-6
17.31	1.8910453603156688e-6
17.32	1.8877158164311986e-6
17.330000000000002	1.8843942423433437e-6
17.34	1.8810806038429868e-6
17.35	1.8777748714688982e-6
17.36	1.8744770201402071e-6
17.37	1.8711870292854923e-6
17.38	1.8679048832348667e-6
17.39	1.8646305720141303e-6
17.400000000000002	1.8613640927208096e-6
17.41	1.8581054517348862e-6
17.42	1.85485466817648e-6
17.43	1.8516117792993754e-6
17.44	1.848376848980182e-6
17.45	1.8451499813003105e-6
17.46	1.8419313428605942e-6
17.47	1.8387212003428037e-6
17.48	1.83551998342554e-6
17.490000000000002	1.8323283886655975e-6
17.5	1.829147539829211e-6
17.51	1.8259791650021444e-6
17.52	1.8228254427622288e-6
17.53	1.8196870430113615e-6
17.54	1.8165565012589498e-6
17.55	1.8134134565064873e-6
17.56	1.8102471328696448e-6
17.57	1.8070746923603178e-6
17.580000000000002	1.8039135199161767e-6
17.59	1.8007677744416046e-6
17.6	1.7976358898166954e-6
17.61	1.7945156988298747e-6
17.62	1.7914056137557828e-6
17.63	1.788304608555696e-6
17.64	1.7852120332278919e-6
17.650000000000002	1.7821274696697528e-6
17.66	1.7790506411746155e-6
17.67	1.775981358388467e-6
17.68	1.7729194871702558e-6
17.69	1.7698649292559085e-6
17.7	1.7668176104575353e-6
17.71	1.7637774734125094e-6
17.72	1.7607444732110673e-6
17.73	1.7577185749996763e-6
17.740000000000002	1.7546997531230743e-6
17.75	1.7516879915501676e-6
17.76	1.748683284402483e-6
17.77	1.7456856303685411e-6
17.78	1.7426950005615724e-6
17.79	1.7397112636020917e-6
17.8	1.7367342145545216e-6
17.81	1.7337638576490558e-6
17.82	1.7308004000811288e-6
17.830000000000002	1.7278439774185725e-6
17.84	1.7248946397958905e-6
17.85	1.7219524364658554e-6
17.86	1.7190174627091214e-6
17.87	1.7160898917385505e-6
17.88	1.7131700190591707e-6
17.89	1.7102583357218795e-6
17.900000000000002	1.7073556365403053e-6
17.91	1.7044631080924398e-6
17.92	1.7015820439764002e-6
17.93	1.6987119206594028e-6
17.94	1.6958455099865115e-6
17.95	1.6929695573095231e-6
17.96	1.6900829184762227e-6
17.97	1.687198525038641e-6
17.98	1.6843245994957952e-6
17.990000000000002	1.681462103687956e-6
18.	1.6786097632110548e-6
18.01	1.6757663104423791e-6
18.02	1.672930867449408e-6
18.03	1.670102871827369e-6
18.04	1.6672819645820267e-6
18.05	1.6644679111855628e-6
18.06	1.661660553152887e-6
18.07	1.6588597792434775e-6
18.080000000000002	1.6560655082726831e-6
18.09	1.6532776786892496e-6
18.1	1.6504962421337419e-6
18.11	1.647721159385857e-6
18.12	1.6449523977829783e-6
18.13	1.6421899295749494e-6
18.14	1.639433730901251e-6
18.150000000000002	1.6366837812104806e-6
18.16	1.6339400630312884e-6
18.17	1.6312025620640996e-6
18.18	1.6284712676060176e-6
18.19	1.6257461733994822e-6
18.2	1.6230272790871806e-6
18.21	1.620314592581573e-6
18.22	1.6176081338935314e-6
18.23	1.614907941375885e-6
18.240000000000002	1.6122140820589358e-6
18.25	1.6095266689961632e-6
18.26	1.6068458904514e-6
18.27	1.6041720575295315e-6
18.28	1.6015056720240994e-6
18.29	1.598847472279215e-6
18.3	1.5961982067150187e-6
18.31	1.59355729141732e-6
18.32	1.5909197675193177e-6
18.330000000000002	1.5882777415345995e-6
18.34	1.5856317578208315e-6
18.35	1.5829898184909795e-6
18.36	1.5803563343071843e-6
18.37	1.577731618277205e-6
18.38	1.575114859723908e-6
18.39	1.5725053076130867e-6
18.400000000000002	1.5699024478826709e-6
18.41	1.567305950317529e-6
18.42	1.5647156020716315e-6
18.43	1.562131262022319e-6
18.44	1.5595528329445676e-6
18.45	1.5569802449742156e-6
18.46	1.5544134457324117e-6
18.47	1.5518523943363032e-6
18.48	1.5492970577030316e-6
18.490000000000002	1.54674740823841e-6
18.5	1.5442034223885733e-6
18.51	1.5416650797541033e-6
18.52	1.5391323625967206e-6
18.53	1.5366052556511546e-6
18.54	1.5340837462141193e-6
18.55	1.5315678245353947e-6
18.56	1.529057484597189e-6
18.57	1.5265527254543e-6
18.580000000000002	1.52405355344933e-6
18.59	1.521559985859123e-6
18.6	1.5190720569438722e-6
18.61	1.516589828055135e-6
18.62	1.5141134043724285e-6
18.63	1.5116429609640277e-6
18.64	1.5091787747094225e-6
18.650000000000002	1.506721227424862e-6
18.66	1.5042706654986715e-6
18.67	1.5018268949755417e-6
18.68	1.499387890428291e-6
18.69	1.4969491599022973e-6
18.7	1.4945091452801444e-6
18.71	1.4920720903414177e-6
18.72	1.4896415095825772e-6
18.73	1.487218055908328e-6
18.740000000000002	1.4848013049237132e-6
18.75	1.4823907637544061e-6
18.76	1.4799860784037382e-6
18.77	1.4775870180247717e-6
18.78	1.475193432808195e-6
18.79	1.4728052227734709e-6
18.8	1.4704223183814636e-6
18.81	1.4680446689799894e-6
18.82	1.465672235923363e-6
18.830000000000002	1.4633049884210386e-6
18.84	1.4609429009923042e-6
18.85	1.4585859518869988e-6
18.86	1.4562341221067177e-6
18.87	1.4538873948180282e-6
18.88	1.4515457550423297e-6
18.89	1.449209189566608e-6
18.900000000000002	1.4468776870639204e-6
18.91	1.444551238454932e-6
18.92	1.4422298375946362e-6
18.93	1.4399134824481393e-6
18.94	1.4376021770522848e-6
18.95	1.4352959347909165e-6
18.96	1.4329947839094069e-6
18.97	1.4306987768213879e-6
18.98	1.4284080054287152e-6
18.990000000000002	1.4261226236511055e-6
19.	1.4238428665754828e-6
19.01	1.4215689966222135e-6
19.02	1.4193009216657437e-6
19.03	1.4170371914172203e-6
19.04	1.414775036004187e-6
19.05	1.412514074533144e-6
19.06	1.4102569570774697e-6
19.07	1.4080054456181666e-6
19.080000000000002	1.405759762518249e-6
19.09	1.40351963839937e-6
19.1	1.4012847985151624e-6
19.11	1.3990550489322727e-6
19.12	1.3968302621603264e-6
19.13	1.394610353708491e-6
19.14	1.3923952654406558e-6
19.150000000000002	1.3901849553477763e-6
19.16	1.3879793914681367e-6
19.17	1.3857785482679888e-6
19.18	1.38358240445965e-6
19.19	1.3813909416695076e-6
19.2	1.3792041436225605e-6
19.21	1.3770219956549987e-6
19.22	1.3748444844506895e-6
19.23	1.372671597949606e-6
19.240000000000002	1.370503325413488e-6
19.25	1.368339657667503e-6
19.26	1.366180587576868e-6
19.27	1.3640261108768682e-6
19.28	1.3618762275736227e-6
19.29	1.3597309443031485e-6
19.3	1.3575902783210177e-6
19.31	1.3554542641987545e-6
19.32	1.3533229644877634e-6
19.330000000000002	1.3511964834112552e-6
19.34	1.349074967977274e-6
19.35	1.346958519952216e-6
19.36	1.3448468162851126e-6
19.37	1.3427385621346168e-6
19.38	1.3406325011124502e-6
19.39	1.3385294387236821e-6
19.400000000000002	1.336430868012059e-6
19.41	1.3343373371344626e-6
19.42	1.332248797572823e-6
19.43	1.3301650390141523e-6
19.44	1.3280857543179658e-6
19.45	1.3260106693951736e-6
19.46	1.323939814997047e-6
19.47	1.3218733524600896e-6
19.48	1.319811329383568e-6
19.490000000000002	1.317753715677815e-6
19.5	1.3157004690751853e-6
19.51	1.3136515545192088e-6
19.52	1.3116069450830846e-6
19.53	1.3095666196450697e-6
19.54	1.3075305609139175e-6
19.55	1.3054987541794411e-6
19.56	1.3034711866096106e-6
19.57	1.3014478469214015e-6
19.580000000000002	1.2994287253333917e-6
19.59	1.2974138137836375e-6
19.6	1.2954031064708078e-6
19.61	1.2933966008709175e-6
19.62	1.291394299524135e-6
19.63	1.289396213096739e-6
19.64	1.2874023654246487e-6
19.650000000000002	1.2854128007836461e-6
19.66	1.2834275891761613e-6
19.67	1.2814468040104097e-6
19.68	1.279470383756513e-6
19.69	1.277497804873314e-6
19.7	1.2755281961962428e-6
19.71	1.2735615595082077e-6
19.72	1.2715987478878991e-6
19.73	1.2696402522922177e-6
19.740000000000002	1.2676861077779676e-6
19.75	1.265736219046663e-6
19.76	1.2637904952699572e-6
19.77	1.2618488713166799e-6
19.78	1.2599113022927184e-6
19.79	1.2579777562832189e-6
19.8	1.2560482093282557e-6
19.81	1.2541226423563141e-6
19.82	1.2522010393655126e-6
19.830000000000002	1.2502833863434913e-6
19.84	1.2483696706207691e-6
19.85	1.2464598804835986e-6
19.86	1.2445540049491734e-6
19.87	1.2426520336508543e-6
19.88	1.2407539568089117e-6
19.89	1.2388597652826015e-6
19.900000000000002	1.2369694507187868e-6
19.91	1.2350830058371958e-6
19.92	1.2332004249310188e-6
19.93	1.231321704725785e-6
19.94	1.2294468458418366e-6
19.95	1.2275758552288601e-6
19.96	1.2257087498672267e-6
19.97	1.2238455605616728e-6
19.98	1.221986326714977e-6
19.990000000000002	1.2201310453083175e-6
20.	1.2182795125009267e-6