0.	0.
0.01	7.166896107624003e-6
0.02	0.000014335624477787492
0.03	0.000021508018896324827
0.04	0.00002868591619863689
0.05	0.00003587115780192726
0.06	0.000043065591246412596
0.07	0.00005027107174855133
0.08	0.000057489463769377784
0.09	0.00006472264260108756
0.1	0.00007197249597508713
0.11	0.00007924092569480222
0.12	0.00008652984929663402
0.13	0.00009384120174256003
0.14	0.00010117693714799668
0.15	0.00010853903054868161
0.16	0.000115929479710482
0.17	0.00012335030698620798
0.18	0.00013080356122369808
0.19	0.00013829131972964892
0.2	0.0001458156902938903
0.21	0.0001533788132790578
0.22	0.00016098286378088503
0.23	0.0001686300538646432
0.24	0.0001763226348835761
0.25	0.00018406289988554255
0.26	0.00019185318611446563
0.27	0.0001996958776136144
0.28	0.00020759340793820996
0.29	0.00021554826298535713
0.3	0.00022356298394985227
0.31	0.00023164017041502999
0.32	0.00023978248358846608
0.33	0.00024799264969307993
0.34	0.0002562734635249679
0.35000000000000003	0.000264627792190165
0.36	0.00027305857903346995
0.37	0.0002815688477735165
0.38	0.00029016170685939316
0.39	0.0002988403540653739
0.4	0.00030760808134167164
0.41000000000000003	0.0003164682799406441
0.42	0.0003254244458395181
0.43	0.00033448018548252735
0.44	0.0003436392218673507
0.45	0.0003529054010029549
0.46	0.0003622826987683806
0.47000000000000003	0.00037177522820470803
0.48	0.0003813872472754186
0.49	0.0003911231671336819
0.5	0.0004009875609387516
0.51	0.0004109851732677397
0.52	0.00042112093017355605
0.53	0.0004313999499448422
0.54	0.00044182755462934955
0.55	0.00045240928238849244
0.56	0.0004631509007577928
0.5700000000000001	0.0004740584208958193
0.58	0.00048513811291298563
0.59	0.0004963965223814692
0.6	0.0005078404881386091
0.61	0.0005194771615086362
0.62	0.0005313140270816928
0.63	0.0005433589252050127
0.64	0.0005556200763591359
0.65	0.000568106107612451
0.66	0.0005808260813704958
0.67	0.0005937895266627854
0.68	0.0006070064732399096
0.6900000000000001	0.0006204874887878392
0.7000000000000001	0.0006342437196054663
0.71	0.0006482869351361479
0.72	0.0006626295767953242
0.73	0.0006772848115952947
0.74	0.0006922665911360644
0.75	0.0007075897166095295
0.76	0.000723269910554741
0.77	0.0007393238962067709
0.78	0.0007557694854032728
0.79	0.0007726256761541445
0.8	0.0007899127611442797
0.81	0.0008076524486314795
0.8200000000000001	0.0008258679974261744
0.8300000000000001	0.0008445843679027384
0.84	0.0008638283913009589
0.85	0.00088362895993943
0.86	0.0009040172413903366
0.87	0.0009250269201699304
0.88	0.0009466944710953967
0.89	0.0009690594691648236
0.9	0.0009921649416532656
0.91	0.0010160577691098246
0.92	0.0010407891431176025
0.93	0.001066415090075169
0.9400000000000001	0.001092997071915194
0.9500000000000001	0.0011206026766393414
0.96	0.0011493064138700618
0.97	0.0011791906333557176
0.98	0.0012103465875725724
0.99	0.0012428756632983388
1.	0.0012768908113242913
1.01	0.001312518208330227
1.02	0.001349899190306613
1.03	0.001389192502593253
1.04	0.0014305769172336831
1.05	0.0014742542732030812
1.06	0.0015204529978830913
1.07	0.0015694321667595256
1.08	0.0016214861490958924
1.09	0.0016769498643914168
1.1	0.001736204628292537
1.11	0.001799684482294445
1.12	0.0018678827556731946
1.1300000000000001	0.0019413583648976401
1.1400000000000001	0.0020207409620204824
1.1500000000000001	0.0021067334227005616
1.16	0.002200109212764715
1.17	0.002301700762518707
1.18	0.002412372986354216
1.19	0.00253297346838725
1.2	0.002664247812003953
1.21	0.0028067060651910908
1.22	0.0029604260589104446
1.23	0.00312478601243093
1.24	0.0032981383234655702
1.25	0.003477476259891582
1.26	0.00365820671871429
1.27	0.0038342076724135906
1.28	0.003998367882998642
1.29	0.004143704823181377
1.3	0.004264899084627841
1.31	0.004359768228904468
1.32	0.004430068948992662
1.33	0.004481251977366942
1.34	0.004521295034896583
1.35	0.004559148148067436
1.36	0.0046033755931506005
1.37	0.004661323683289689
1.3800000000000001	0.004738830422606857
1.3900000000000001	0.0048403045183133915
1.4000000000000001	0.004968961687076697
1.41	0.005127050378248282
1.42	0.0053159609457479945
1.43	0.005536160636817741
1.44	0.005786930502778435
1.45	0.006065914779133775
1.46	0.006368549457481224
1.47	0.006687531003972023
1.48	0.0070126113150904695
1.49	0.007331102087352858
1.5	0.0076294168888537735
1.51	0.007895643096714294
1.52	0.008122547840415911
1.53	0.008309912178089723
1.54	0.008465132567048995
1.55	0.008601769766456789
1.56	0.008736686466141804
1.57	0.008886903567699314
1.58	0.009067081377642599
1.59	0.009287935461706911
1.6	0.009555402589384383
1.61	0.009870205330808103
1.62	0.010227588162979692
1.6300000000000001	0.010617279659214116
1.6400000000000001	0.011024035714498583
1.6500000000000001	0.01142927686187645
1.6600000000000001	0.011814150765767743
1.67	0.01216371470903902
1.68	0.012471058193880348
1.69	0.012739694347996548
1.7	0.012983024292584399
1.71	0.013220974969075221
1.72	0.01347511706745018
1.73	0.013763879816047335
1.74	0.014098938866852454
1.75	0.014483128562228558
1.76	0.014909874588246436
1.77	0.015364213877531913
1.78	0.015825625481122117
1.79	0.016272693868805227
1.8	0.01668885578218488
1.81	0.017067488062918967
1.82	0.01741422496911975
1.83	0.01774528420853982
1.84	0.018082339350300333
1.85	0.01844589607106813
1.86	0.018849381279384066
1.87	0.019295488699120397
1.8800000000000001	0.019775521779441613
1.8900000000000001	0.0202719227909602
1.9000000000000001	0.020763633062139016
1.9100000000000001	0.021233033579694915
1.92	0.02167216894289182
1.93	0.022085637634733972
1.94	0.022488672598803067
1.95	0.022901119495991787
1.96	0.023339844843298853
1.97	0.023812539842869292
1.98	0.02431508482452273
1.99	0.024833341979990164
2.	0.025348842103607043
2.0100000000000002	0.025846371775641613
2.02	0.026320343854889596
2.0300000000000002	0.026776950114293693
2.04	0.027230936788074412
2.05	0.027698541686908294
2.06	0.028189994774580097
2.07	0.02870502493501798
2.08	0.02923332842296276
2.09	0.029759761921480474
2.1	0.03027185110085596
2.11	0.030765885144901937
2.12	0.031248352864508815
2.13	0.03173192884865862
2.14	0.03222829200340247
2.15	0.03274178206303441
2.16	0.03326731261990623
2.17	0.03379357815050937
2.18	0.03430968538133894
2.19	0.03481134092256137
2.2	0.03530288564996128
2.21	0.03579399165065849
2.22	0.03629322773280916
2.23	0.03680264114079055
2.24	0.037316735428580744
2.25	0.03782634584386777
2.2600000000000002	0.03832473700828098
2.27	0.038811774125031936
2.2800000000000002	0.03929336093370994
2.29	0.03977671186868107
2.3000000000000003	0.040264985830395755
2.31	0.040755148029575625
2.32	0.04124045705687469
2.33	0.041715537466780375
2.34	0.04218010718244136
2.35	0.04263855846957595
2.36	0.043095927862575704
2.37	0.04355364322501442
2.38	0.04400847011528495
2.39	0.044455329866495245
2.4	0.04489143759034122
2.41	0.045318199100576405
2.42	0.045739376672719066
2.43	0.046157356519945715
2.44	0.04657093478858461
2.45	0.046976497634835274
2.46	0.04737129201093183
2.47	0.047755625823342876
2.48	0.048132011811720686
2.49	0.048502295131206435
2.5	0.04886568897952884
2.5100000000000002	0.04921956864085995
2.52	0.049562018604383536
2.5300000000000002	0.049893427046929825
2.54	0.050215575695446484
2.5500000000000003	0.05052937970658237
2.56	0.05083377011353117
2.57	0.0511268099086682
2.58	0.051407639005918146
2.59	0.051677041064539776
2.6	0.051936129389888286
2.61	0.05218481035582218
2.62	0.05242180083402242
2.63	0.052646028273882275
2.64	0.05285763428324114
2.65	0.05305742839910564
2.66	0.05324560925293785
2.67	0.053421390910021835
2.68	0.05358390107829016
2.69	0.0537330897222025
2.7	0.05386949396284792
2.71	0.05399328823529733
2.72	0.05410393682527977
2.73	0.05420083853390056
2.74	0.05428398861877696
2.75	0.05435376147349013
2.7600000000000002	0.05441021604665217
2.77	0.054452943869005094
2.7800000000000002	0.054481606839215345
2.79	0.054496316526487655
2.8000000000000003	0.054497330177176534
2.81	0.054484592092531724
2.82	0.05445781493339538
2.83	0.05441690993702968
2.84	0.054362072556334344
2.85	0.054293439077476656
2.86	0.05421090114205172
2.87	0.05411434572726201
2.88	0.05400388376093647
2.89	0.053879704648969934
2.9	0.053741843946371874
2.91	0.05359025509914756
2.92	0.05342502315917703
2.93	0.05324634380180535
2.94	0.05305433749291134
2.95	0.052849039445755294
2.96	0.052630556015255126
2.97	0.05239909025435941
2.98	0.05215481168952807
2.99	0.05189782535575519
3.	0.05162827976909081
3.0100000000000002	0.05134639600356859
3.02	0.05105237701388711
3.0300000000000002	0.05074638378498833
3.04	0.05042861154489659
3.0500000000000003	0.0500993055225225
3.06	0.049758695908000326
3.0700000000000003	0.04940699012925687
3.08	0.0490444272350935
3.09	0.04867127673161307
3.1	0.04828779323998581
3.11	0.047894224616343205
3.12	0.04749084718890077
3.13	0.047077951053218554
3.14	0.04665581390008982
3.15	0.046224718965577956
3.16	0.045784970885420655
3.17	0.04533687572038322
3.18	0.044880733523360306
3.19	0.04441685628701668
3.2	0.0439455668938561
3.21	0.043467184174884634
3.22	0.04298202879209257
3.23	0.04249043203928627
3.24	0.04199272646032689
3.25	0.04148924214770023
3.2600000000000002	0.040980315132997526
3.27	0.04046628533894029
3.2800000000000002	0.03994749002257277
3.29	0.039424267977187254
3.3000000000000003	0.038896961518503616
3.31	0.038365911091989516
3.3200000000000003	0.03783145594981936
3.33	0.03729393707182408
3.34	0.036753693862626245
3.35	0.0362110630590377
3.36	0.03566638112564721
3.37	0.035119982541894246
3.38	0.03457219821568433
3.39	0.034023357059143035
3.4	0.03347378515109818
3.41	0.03292380425832185
3.42	0.03237373276259986
3.43	0.031823885201209004
3.44	0.03127457107894947
3.45	0.030726095387694583
3.46	0.030178758267378796
3.47	0.029632854114995055
3.48	0.02908867187386878
3.49	0.028546494711893425
3.5	0.028006599384750475
3.5100000000000002	0.027469256395875708
3.52	0.02693472966859285
3.5300000000000002	0.026403276118270463
3.54	0.0258751457306789
3.5500000000000003	0.0253505812418792
3.56	0.02482981787917826
3.5700000000000003	0.024313083377867376
3.58	0.02380059769803317
3.59	0.023292572894877052
3.6	0.022789213086480947
3.61	0.022290714238253528
3.62	0.021797264120655406
3.63	0.021309042246841364
3.64	0.020826219745008947
3.65	0.020348959362814625
3.66	0.019877415404293945
3.67	0.01941173369069771
3.68	0.018952051582439424
3.69	0.018498497948345335
3.7	0.018051193195289646
3.71	0.01761024929965852
3.72	0.017175769831021207
3.73	0.016747850022494643
3.74	0.016326576823385574
3.75	0.0159120289777
3.7600000000000002	0.015504277116764997
3.77	0.015103383848926816
3.7800000000000002	0.01470940387661909
3.79	0.014322384110716905
3.8000000000000003	0.013942363800340404
3.81	0.013569374673261834
3.8200000000000003	0.013203441079297737
3.83	0.012844580149424592
3.84	0.012492801956544883
3.85	0.012148109687438081
3.86	0.011810499820625544
3.87	0.01147996230949222
3.88	0.011156480773745859
3.89	0.010840032693564351
3.9	0.01053058961099336
3.91	0.010228117334145569
3.92	0.00993257614604328
3.93	0.009643921016798299
3.94	0.009362101818209954
3.95	0.009087063541461148
3.96	0.008818746515915956
3.97	0.00855708663002792
3.98	0.00830201555261853
3.99	0.008053460954996065
4.	0.007811346732869905
4.01	0.007575593227905216
4.0200000000000005	0.007346117448438503
4.03	0.007122833288827984
4.04	0.006905651747246443
4.05	0.006694481141283416
4.0600000000000005	0.006489227321245192
4.07	0.006289793880567649
4.08	0.00609608236321652
4.09	0.005907992467595503
4.1	0.0057254222468049645
4.11	0.005548268304879277
4.12	0.005376425988830135
4.13	0.005209789576215544
4.14	0.005048252458070215
4.15	0.004891707316992867
4.16	0.004740046300254663
4.17	0.004593161187790496
4.18	0.004450943554980793
4.19	0.004313284930148375
4.2	0.004180076946732146
4.21	0.004051211490125619
4.22	0.003926580839204063
4.23	0.0038060778025934858
4.24	0.003689595849769159
4.25	0.0035770292370979903
4.26	0.0034682731289644554
4.2700000000000005	0.0033632237141276136
4.28	0.003261778317447533
4.29	0.0031638355070660396
4.3	0.003069295197014035
4.3100000000000005	0.0029780587449925924
4.32	0.0028900290446842365
4.33	0.0028051106112843647
4.34	0.0027232096578619705
4.3500000000000005	0.0026442341584410564
4.36	0.0025680938910540504
4.37	0.0024947004500870708
4.38	0.002423967211650311
4.39	0.0023558092282922145
4.4	0.002290143020649016
4.41	0.0022268862257545687
4.42	0.002165957060249364
4.43	0.002107273572718988
4.44	0.002050752710893613
4.45	0.0019963093376394727
4.46	0.0019438555020162367
4.47	0.0018933004652955908
4.48	0.001844552061430902
4.49	0.0017975197241089872
4.5	0.0017521188098173531
4.51	0.0017082749218150554
4.5200000000000005	0.0016659264583767032
4.53	0.0016250241719437872
4.54	0.0015855279389350475
4.55	0.0015474022074667443
4.5600000000000005	0.0015106118598878966
4.57	0.0014751195563194356
4.58	0.0014408847086753128
4.59	0.0014078636475559955
4.6000000000000005	0.0013760104033482378
4.61	0.0013452776526026245
4.62	0.0013156175804247302
4.63	0.0012869825708065835
4.64	0.00125932573460114
4.65	0.001232601333147396
4.66	0.0012067651752598776
4.67	0.0011817750706709135
4.68	0.0011575914183823929
4.69	0.0011341779881699808
4.7	0.0011115029037969087
4.71	0.0010895397411067426
4.72	0.0010682685104322612
4.73	0.0010476761387459039
4.74	0.0010277560019311103
4.75	0.0010085062110534542
4.76	0.0009899267745226157
4.7700000000000005	0.0009720162779152685
4.78	0.0009547690160259556
4.79	0.0009381733480016025
4.8	0.0009222115277762397
4.8100000000000005	0.0009068607295721539
4.82	0.0008920947158344965
4.83	0.0008778856157337504
4.84	0.0008642054628388349
4.8500000000000005	0.0008510273358028097
4.86	0.0008383260801208206
4.87	0.0008260786508411055
4.88	0.0008142641242484009
4.89	0.0008028634041347386
4.9	0.0007918586134726379
4.91	0.0007812321295313854
4.92	0.0007709652064792871
4.93	0.0007610361604792352
4.94	0.0007514182074326746
4.95	0.0007420772851593289
4.96	0.000732970564652034
4.97	0.0007240467445494292
4.98	0.0007152493141232411
4.99	0.0007065233141746971
5.	0.0006978245318072617
5.01	0.000689128172759344
5.0200000000000005	0.0006804333278002201
5.03	0.0006717610746993009
5.04	0.0006631471137085897
5.05	0.0006546322379376069
5.0600000000000005	0.0006462541459562427
5.07	0.0006380425220075437
5.08	0.0006300174457493268
5.09	0.0006221901156061005
5.1000000000000005	0.0006145646893963101
5.11	0.0006071403581375534
5.12	0.0005999131763779815
5.13	0.0005928774795947498
5.14	0.0005860268915369197
5.15	0.0005793549960149323
5.16	0.0005728557622865453
5.17	0.0005665238025408284
5.18	0.0005603545217827706
5.19	0.0005543442027131234
5.2	0.0005484900536367397
5.21	0.0005427902361378141
5.22	0.0005372438803401395
5.23	0.0005318510877980468
5.24	0.0005266129141041669
5.25	0.0005215313137383598
5.26	0.0005166090170184629
5.2700000000000005	0.0005118492917870727
5.28	0.0005072555197476893
5.29	0.0005028304900162633
5.3	0.0004985752858429503
5.3100000000000005	0.000494487629270178
5.32	0.0004905595836235459
5.33	0.0004867746479123269
5.34	0.0004831045781631544
5.3500000000000005	0.0004795067786648648
5.36	0.00047592373073399827
5.37	0.0004722863067122802
5.38	0.0004685223048025546
5.39	0.0004645696030875864
5.4	0.0004603904060554152
5.41	0.0004559810314674793
5.42	0.00045137272003394714
5.43	0.00044662307716796814
5.44	0.00044180216804936905
5.45	0.0004369788967404418
5.46	0.00043221164508166425
5.47	0.00042754420724867766
5.48	0.00042300589366300683
5.49	0.0004186139602189154
5.5	0.0004143768044674414
5.51	0.00041029698865523357
5.5200000000000005	0.00040637368720563606
5.53	0.0004026044886888039
5.54	0.00039898663739006
5.55	0.0003955178444755633
5.5600000000000005	0.00039219678919638466
5.57	0.00038902340004915315
5.58	0.0003859989701695415
5.59	0.0003831261256960657
5.6000000000000005	0.00038040863029710264
5.61	0.0003778509714548591
5.62	0.0003754576330064341
5.63	0.00037323191608498816
5.64	0.0003711741378553823
5.65	0.00036927904163750396
5.66	0.00036753234629088903
5.67	0.00036590662868434996
5.68	0.0003643572549332938
5.69	0.00036281985075316584
5.7	0.0003612115674372566
5.71	0.0003594384860685309
5.72	0.0003574100091438498
5.73	0.000355057740378389
5.74	0.0003523526214572343
5.75	0.0003493129921881431
5.76	0.0003459997176722343
5.7700000000000005	0.00034250075902235027
5.78	0.00033891207626617797
5.79	0.00033532174747060535
5.8	0.00033180081882587813
5.8100000000000005	0.00032840073188094546
5.82	0.00032515518299100114
5.83	0.0003220840353469711
5.84	0.0003191975761296715
5.8500000000000005	0.00031650022048923673
5.86	0.00031399335259876213
5.87	0.00031167731115570467
5.88	0.0003095526451809634
5.89	0.0003076207708755294
5.9	0.000305884110816282
5.91	0.0003043457251497874
5.92	0.000303008366748035
5.93	0.00030187282095361776
5.94	0.0003009353472146676
5.95	0.00030018406926945573
5.96	0.0002995943416972187
5.97	0.0002991235609472734
5.98	0.00029870666559935746
5.99	0.0002982545774273892
6.	0.00029765855411542733
6.01	0.0002968028497072767
6.0200000000000005	0.0002955852525451356
6.03	0.00029394041350894954
6.04	0.0002918571755946616
6.05	0.00028938202717591996
6.0600000000000005	0.0002866070105060598
6.07	0.0002836478406921965
6.08	0.00028062135249629983
6.09	0.0002776292740978725
6.1000000000000005	0.00027475061075029743
6.11	0.00027204113466149213
6.12	0.0002695370197160539
6.13	0.0002672599680925685
6.140000000000001	0.0002652221464498617
6.15	0.00026343014196415163
6.16	0.0002618877087824995
6.17	0.0002605973267606935
6.18	0.0002595606433091639
6.19	0.00025877781420638625
6.2	0.000258245673225192
6.21	0.0002579546066293631
6.22	0.0002578840655822721
6.23	0.0002579969281395408
6.24	0.0002582335486034084
6.25	0.0002585073479895911
6.26	0.0002587049466699161
6.2700000000000005	0.00025869430835774755
6.28	0.00025834288030797235
6.29	0.0002575435120153629
6.3	0.0002562404116866009
6.3100000000000005	0.0002544445295498923
6.32	0.0002522311299038216
6.33	0.00024972075705862964
6.34	0.00024705236413909826
6.3500000000000005	0.00024435897249179897
6.36	0.00024175221315955457
6.37	0.00023931661881107494
6.38	0.00023711101777475302
6.390000000000001	0.00023517352058502033
6.4	0.00023352733218285992
6.41	0.00023218576586682966
6.42	0.00023115572730482553
6.43	0.00023043942856131286
6.44	0.00023003427450817989
6.45	0.00022993089116883183
6.46	0.00023010929300148396
6.47	0.000230533373446151
6.48	0.00023114441774786808
6.49	0.00023185529495417902
6.5	0.00023254826590294185
6.51	0.0002330802963724441
6.5200000000000005	0.00023329909562823102
6.53	0.00023306953215944563
6.54	0.00023230405258182671
6.55	0.00023098576265598848
6.5600000000000005	0.0002291737248794073
6.57	0.0002269879084457392
6.58	0.00022458097099346943
6.59	0.00022210870640292278
6.6000000000000005	0.00021970845615666064
6.61	0.00021748866368976534
6.62	0.0002155277022166014
6.63	0.00021387807032697553
6.640000000000001	0.00021257235676382176
6.65	0.00021162858705008316
6.66	0.00021105369669634897
6.67	0.00021084459725125853
6.68	0.0002109866799938354
6.69	0.00021144986128661652
6.7	0.00021218267423445236
6.71	0.00021310568607609218
6.72	0.00021410674855809709
6.73	0.00021504193284474214
6.74	0.00021574642357901502
6.75	0.00021605758281509384
6.76	0.00021584702783710013
6.7700000000000005	0.00021505185188582744
6.78	0.00021369204500202847
6.79	0.00021186586827555908
6.8	0.0002097254456914501
6.8100000000000005	0.00020744369205259375
6.82	0.00020518504624363228
6.83	0.00020308723814059136
6.84	0.0002012546640428471
6.8500000000000005	0.00019975985904975267
6.86	0.00019864865814422347
6.87	0.0001979455836964503
6.88	0.00019765737029150263
6.890000000000001	0.00019777364200583518
6.9	0.0001982645278406509
6.91	0.0001990756906049733
6.92	0.00020012217181353246
6.93	0.00020128378330752907
6.94	0.00020240621201892997
6.95	0.00020331248962601628
6.96	0.0002038273577693859
6.97	0.0002038114087130295
6.98	0.00020319467541129882
6.99	0.0002019958518866835
7.	0.0002003180682247541
7.01	0.00019832327182627544
7.0200000000000005	0.00019619688517841832
7.03	0.00019411610694194573
7.04	0.00019222975275809832
7.05	0.00019065037743145363
7.0600000000000005	0.00018945492994591794
7.07	0.00018868913847852815
7.08	0.0001883718153124265
7.09	0.00018849682175528463
7.1000000000000005	0.00018903183368628362
7.11	0.0001899142831798725
7.12	0.00019104619532161988
7.13	0.0001922912354294188
7.140000000000001	0.0001934787116520697
7.15	0.00019441926650524608
7.16	0.00019493383046433068
7.17	0.0001948906990477235
7.18	0.00019423839177673937
7.19	0.00019302016835580097
7.2	0.00019136323043497845
7.21	0.00018944778632754323
7.22	0.00018746953458741202
7.23	0.0001856086333815795
7.24	0.00018401143452532724
7.25	0.00018278415231899603
7.26	0.00018199387985590087
7.2700000000000005	0.00018167200124541132
7.28	0.00018181647006486315
7.29	0.00018239130125332479
7.3	0.00018332347728688668
7.3100000000000005	0.000184499353640353
7.32	0.00018576454696402593
7.33	0.00018693253210617892
7.34	0.00018780623072780223
7.3500000000000005	0.00018821221444289854
7.36	0.00018803943048504448
7.37	0.00018726812060593462
7.38	0.0001859758897430972
7.390000000000001	0.0001843179436017403
7.4	0.0001824907329192915
7.41	0.00018069387828728337
7.42	0.00017910182081548517
7.43	0.00017784882057580862
7.44	0.00017702456555385523
7.45	0.00017667517774369175
7.46	0.00017680501348581016
7.47	0.00017737668788849788
7.48	0.00017830916176416728
7.49	0.0001794761648209166
7.5	0.00018070939104558272
7.51	0.00018181184485297462
7.5200000000000005	0.00018258476862250062
7.53	0.00018286563137822462
7.54	0.00018256655443395675
7.55	0.0001816979249348122
7.5600000000000005	0.00018036622141408994
7.57	0.00017874702060855627
7.58	0.0001770453624315459
7.59	0.00017545843490211668
7.6000000000000005	0.00017414995584551473
7.61	0.00017323757430714104
7.62	0.00017278930501003938
7.63	0.00017282375560271525
7.640000000000001	0.000173310423679543
7.65	0.0001741690425195713
7.66	0.000175269892861187
7.67	0.00017643948832485798
7.68	0.00017747692693228124
7.69	0.0001781837840275512
7.7	0.00017840390485021504
7.71	0.00017806133968211818
7.72	0.0001771810184509271
7.73	0.00017588247327396308
7.74	0.0001743495002512811
7.75	0.00017278908681276158
7.76	0.00017139430987645154
7.7700000000000005	0.00017031947833299183
7.78	0.0001696678432981535
7.79	0.0001694875453269498
7.8	0.00016977095512600966
7.8100000000000005	0.00017045473904908845
7.82	0.00017142120250576278
7.83	0.0001725044942054848
7.84	0.00017350674427477487
7.8500000000000005	0.00017422742609060618
7.86	0.00017450319026369283
7.87	0.00017424722168272498
7.88	0.00017347268477345388
7.890000000000001	0.00017228945500655587
7.9	0.00017087556266245365
7.91	0.00016943592690864351
7.92	0.00016816342854536126
7.930000000000001	0.00016721152018713654
7.94	0.00016667953016455327
7.95	0.00016660684008764753
7.96	0.0001669714867052979
7.97	0.0001676910887904937
7.98	0.00016862742686457458
7.99	0.00016959875497627054
8.	0.00017040413188239016
8.01	0.0001708600971720922
8.02	0.00017084236449613509
8.03	0.00017031827611490989
8.040000000000001	0.00016935600849968726
8.05	0.00016810608798510695
8.06	0.0001667635710533327
8.07	0.00016552601122389027
8.08	0.00016455963908017997
8.09	0.0001639783842305078
8.1	0.0001638338302926462
8.11	0.00016411199824133073
8.120000000000001	0.00016473445065585883
8.13	0.00016556452260157238
8.14	0.00016642224444257268
8.15	0.00016711149383634365
8.16	0.00016745852909559142
8.17	0.0001673533274113533
8.18	0.00016677906714308635
8.19	0.00016581686211938735
8.2	0.00016462340268234268
8.21	0.0001633914106348367
8.22	0.0001623080294378449
8.23	0.00016152242806864617
8.24	0.00016112613011369292
8.25	0.00016114392437878157
8.26	0.00016153203587511227
8.27	0.00016218244964236831
8.28	0.00016293538247758347
8.290000000000001	0.00016360318937395053
8.3	0.0001640062947586698
8.31	0.00016401496650382018
8.32	0.00016358369567369158
8.33	0.00016276397997629736
8.34	0.00016168953816698183
8.35	0.00016054053865627391
8.36	0.0001595012153859485
8.370000000000001	0.0001587238565782846
8.38	0.00015830507881640994
8.39	0.00015827390425790253
8.4	0.00015858895782944703
8.41	0.00015914364939584316
8.42	0.00015978091332827585
8.43	0.00016031990811343365
8.44	0.0001605938220081146
8.45	0.00016049102803407055
8.46	0.0001599857428899728
8.47	0.00015914523467087588
8.48	0.00015811016182591515
8.49	0.0001570566578554762
8.5	0.00015615469737125486
8.51	0.00015553442270539158
8.52	0.00015526502699545204
8.53	0.00015534545702052647
8.540000000000001	0.00015570510331796788
8.55	0.0001562144848122543
8.56	0.00015670761403456973
8.57	0.0001570162684298997
8.58	0.00015701084552983524
8.59	0.00015663575463902336
8.6	0.00015592538501202956
8.61	0.00015499343496448408
8.620000000000001	0.00015400029222532643
8.63	0.00015311169294616794
8.64	0.00015246189199551348
8.65	0.00015212852318231615
8.66	0.00015212027348690494
8.67	0.0001523761573350316
8.68	0.000152776113491841
8.69	0.0001531638892499013
8.700000000000001	0.00015338159075435788
8.71	0.00015330989014074973
8.72	0.00015290168251525212
8.73	0.00015219581956648598
8.74	0.00015130473224336306
8.75	0.0001503813699856612
8.76	0.00014957865217961463
8.77	0.0001490141140353525
8.78	0.000148746523107509
8.790000000000001	0.0001487657612998264
8.8	0.00014899534069631325
8.81	0.0001493075723460787
8.82	0.00014955145458005466
8.83	0.00014959015708630296
8.84	0.0001493390167164714
8.85	0.00014879068881589833
8.86	0.00014801679131781753
8.870000000000001	0.0001471452368338762
8.88	0.00014632292004762234
8.89	0.00014567736911830068
8.9	0.00014528752537608042
8.91	0.00014516784595393226
8.92	0.00014526617955699906
8.93	0.0001454751923424643
8.94	0.00014565705081649402
8.950000000000001	0.0001456786264632845
8.96	0.00014544918641387034
8.97	0.00014494790492882123
8.98	0.00014422984693170367
8.99	0.00014340771943703823
9.	0.00014261729045182301
9.01	0.00014197961602928306
9.02	0.00014157103470278695
9.03	0.00014140631578419974
9.040000000000001	0.0001414362238319216
9.05	0.00014155939140717284
9.06	0.00014164762782730803
9.07	0.00014158089825047076
9.08	0.000141283051651699
9.09	0.00014074569453918328
9.1	0.0001400301808123081
9.11	0.00013924682518225815
9.120000000000001	0.00013852026139198515
9.13	0.00013795380108645936
9.14	0.0001376028243867704
9.15	0.00013746196522611596
9.16	0.0001374672502744651
9.17	0.00013751282055502907
9.18	0.00013748003623515433
9.19	0.00013727275712841522
9.200000000000001	0.00013684785323142694
9.21	0.00013622902132054505
9.22	0.00013549787276567006
9.23	0.00013476628180495172
9.24	0.00013414132185123317
9.25	0.0001336946469705253
9.26	0.0001334438563071258
9.27	0.00013334877231909817
9.28	0.00013332287967966595
9.290000000000001	0.00013325816019715226
9.3	0.0001330580961466349
9.31	0.0001326690255243913
9.32	0.00013209798974065027
9.33	0.0001314093947500988
9.34	0.00013070204129926545
9.35	0.00013007630476227623
9.36	0.00012960341294799093
9.370000000000001	0.0001293054488721849
9.38	0.00012915002782258334
9.39	0.00012906029151220352
9.4	0.00012893832483317858
9.41	0.00012869652747706173
9.42	0.00012828716981010807
9.43	0.00012771872897332818
9.44	0.00012705193152755492
9.450000000000001	0.00012637737168367128
9.46	0.0001257843083376539
9.47	0.0001253321530029269
9.48	0.00012503294487185222
9.49	0.00012484859980639584
9.5	0.00012470324419688528
9.51	0.00012450785958713554
9.52	0.00012419051194998784
9.53	0.00012372173686372702
9.540000000000001	0.0001231247116026891
9.55	0.00012246574685726482
9.56	0.00012182949956445433
9.57	0.00012128933264201576
9.58	0.00012088339908565317
9.59	0.00012060322727767843
9.6	0.00012039730047260065
9.61	0.00012018859956697357
9.620000000000001	0.00011990140395938771
9.63	0.0001194886353596064
9.64	0.00011894908555746235
9.65	0.00011832703225304161
9.66	0.0001176945539969131
9.67	0.00011712449520708695
9.68	0.0001166648373643897
9.69	0.00011632296313369667
9.700000000000001	0.00011606401337307945
9.71	0.00011582352366990234
9.72	0.00011553072414085641
9.73	0.0001151348857221485
9.74	0.00011462454158991822
9.75	0.00011403124666567933
9.76	0.0001134162776032932
9.77	0.00011284648065086546
9.78	0.00011236943317028027
9.790000000000001	0.00011199686762536342
9.8	0.00011170131837820315
9.81	0.00011142670762942249
9.82	0.00011110955881086445
9.83	0.00011070354747331596
9.84	0.00011019765375272103
9.85	0.00010961992253419581
9.86	0.00010902522304753324
9.870000000000001	0.0001084728372240472
9.88	0.00010800355286478354
9.89	0.00010762485037865898
9.9	0.00010730889905002014
9.91	0.00010700374863833639
9.92	0.00010665391412892944
9.93	0.00010622273441047621
9.94	0.00010570716339238443
9.950000000000001	0.00010513829120285932
9.96	0.00010456751954702135
9.97	0.00010404500116561358
9.98	0.00010359967874742291
9.99	0.00010322848785199935
10.	0.0001028982559268383
10.01	0.00010255944015697287
10.02	0.00010216664534538118
10.03	0.00010169764443301609
10.040000000000001	0.00010116244257839284
10.05	0.00010059818975015294
10.06	0.00010005260000142648
10.07	0.0000995637140438384
10.08	0.0000991446112003383
10.09	0.00009877879409955038
10.1	0.00009842767823380699
10.11	0.00009804724397410758
10.120000000000001	0.00009760712287530131
10.13	0.00009710370187874047
10.14	0.00009656109252674221
10.15	0.00009601967515788014
10.16	0.0000955179637889623
10.17	0.00009507612254804235
10.18	0.00009468792030035236
10.19	0.00009432404512345486
10.200000000000001	0.00009394529222073205
10.21	0.00009352013005450545
10.22	0.00009303880726574072
10.23	0.00009251728986487008
10.24	0.00009198922455468305
10.25	0.00009149014120316379
10.26	0.00009104152388763967
10.27	0.00009064173751433166
10.28	0.00009026737753258593
10.290000000000001	0.00008988428138673075
10.3	0.0000894634000685559
10.31	0.00008899424583415508
10.32	0.00008848938492188884
10.33	0.00008797784255119121
10.34	0.00008749098984258617
10.35	0.00008704795659352993
10.36	0.00008664724042768134
10.370000000000001	0.0000862679815439312
10.38	0.00008588014881698343
10.39	0.00008545897440165696
10.4	0.000084996749065142
10.41	0.0000845060868898087
10.42	0.00008401311752835
10.43	0.00008354434940722063
10.44	0.00008311390066175136
10.450000000000001	0.00008271710100387936
10.46	0.00008233319291582908
10.47	0.00008193572957834871
10.48	0.00008150568769116984
10.49	0.00008104076510071768
10.5	0.00008055609046889268
10.51	0.00008007614185665832
10.52	0.00007962232892412919
10.53	0.0000792026158607022
10.540000000000001	0.00007880811103100665
10.55	0.00007841803082045458
10.56	0.00007801050685718497
10.57	0.00007757380041276134
10.58	0.00007711209322769714
10.59	0.00007664284386427527
10.6	0.00007618734802576296
10.61	0.00007575970861530819
10.620000000000001	0.00007535989731691167
10.63	0.00007497421099778675
10.64	0.00007458271769253909
10.65	0.0000741698266457221
10.66	0.00007373240196612359
10.67	0.0000732810495543535
10.68	0.0000728340183564622
10.69	0.00007240727833445565
10.700000000000001	0.00007200620204115288
10.71	0.00007162310251520125
10.72	0.0000712417156797957
10.73	0.00007084616764284108
10.74	0.00007042957761132413
10.75	0.00006999755347389782
10.76	0.0000695647155956724
10.77	0.00006914640728288387
10.78	0.00006875034315490986
10.790000000000001	0.00006837269687227815
10.8	0.00006800055809314563
10.81	0.00006761929226107442
10.82	0.00006722069329327724
10.83	0.00006680732019978044
10.84	0.00006639059987992333
10.85	0.00006598397511005541
10.86	0.00006559519033574812
10.870000000000001	0.00006522206822668745
10.88	0.00006485399563943198
10.89	0.0000644781609523172
10.9	0.00006408694989320032
10.91	0.0000636822100765172
10.92	0.00006327393533521369
10.93	0.00006287429935338212
10.94	0.00006249068166385819
10.950000000000001	0.00006212171778341664
10.96	0.00006175849852109627
10.97	0.0000613900881957487
10.98	0.00006101007375962103
10.99	0.00006062024330326359
11.	0.000060229245568164045
11.01	0.000059847200355587696
11.02	0.00005947964598753828
11.03	0.00005912442934997368
11.040000000000001	0.00005877325950190623
11.05	0.00005841688362713339
11.06	0.000058050710715455605
11.07	0.00005767743993512582
11.08	0.000057305143449301355
11.09	0.00005694214013697627
11.1	0.000056591929168655795
11.11	0.000056251253303378165
11.120000000000001	0.00005591235297314976
11.13	0.000055567926088013084
11.14	0.0000552156657908835
11.15	0.00005485953082607189
11.16	0.000054507033066475236
11.17	0.00005416439751567257
11.18	0.00005383271099804644
11.19	0.000053507410906740004
11.200000000000001	0.00005318131514882843
11.21	0.000052849190038539736
11.22	0.0000525109024265907
11.23	0.000052171160814362605
11.24	0.00005183614031558187
11.25	0.00005150931700347614
11.26	0.00005118923869708348
11.27	0.00005087059965356617
11.28	0.00005054783367218405
11.290000000000001	0.00005021882450153229
11.3	0.00004988627755229257
11.31	0.000049555895226572956
11.32	0.00004923266183490812
11.33	0.0000489177458709756
11.34	0.00004860801321135128
11.35	0.0000482983724497206
11.36	0.000047985315036427225
11.370000000000001	0.00004766924676315014
11.38	0.000047354072034512796
11.39	0.00004704441669379404
11.4	0.0000467424727135365
11.41	0.00004644661286019087
11.42	0.00004615264429478392
11.43	0.00004585676780289582
11.44	0.000045558167381143376
11.450000000000001	0.000045259449006444874
11.46	0.0000449646970051777
11.47	0.000044676592747678805
11.48	0.00004439462846800313
11.49	0.000044115605194880816
11.5	0.00004383598779689894
11.51	0.00004355440879930336
11.52	0.000043272542200083817
11.53	0.00004299377560052105
11.540000000000001	0.00004272070407469283
11.55	0.00004245326413090388
11.56	0.000042188794317710304
11.57	0.00004192390454485564
11.58	0.00004165676157299981
11.59	0.000041388142290041875
11.6	0.000041120558497821164
11.61	0.00004085619721891219
11.620000000000001	0.00004059524875991693
11.63	0.0000403358334862691
11.64	0.000040075522143854695
11.65	0.00003981327290064249
11.66	0.00003955032028746956
11.67	0.00003928936427165054
11.68	0.000039032701143990606
11.69	0.00003878070736738741
11.700000000000001	0.00003853177489540793
11.71	0.00003828368837398124
11.72	0.000038035367464900065
11.73	0.00003778765542958107
11.74	0.00003754260006300348
11.75	0.00003730184313930282
11.76	0.00003706538557302958
11.77	0.000036831653074731135
11.78	0.00003659876298248202
11.790000000000001	0.000036365978765266326
11.8	0.00003613422339898498
11.81	0.00003590529005129702
11.82	0.00003568041728367286
11.83	0.00003545936035505914
11.84	0.00003524065472760103
11.85	0.00003502281369348518
11.86	0.00003480547894964082
11.870000000000001	0.00003458960899510756
11.88	0.00003437658479647236
11.89	0.00003416697898835092
11.9	0.00003395997293894314
11.91	0.00003375385889606691
11.92	0.000033547198949307985
11.93	0.000033339715510465656
11.94	0.00003313224400799944
11.950000000000001	0.000032925862137675826
11.96	0.00003272096123233576
11.97	0.000032517020532279646
11.98	0.00003231322585516117
11.99	0.000032109366760509116
12.	0.00003190622801770149
12.01	0.000031705136551274434
12.02	0.00003150704755132065
12.030000000000001	0.000031311931975435396
12.040000000000001	0.000031118957150086365
12.05	0.000030927283489836136
12.06	0.00003073679777213356
12.07	0.00003054818153019098
12.08	0.00003036229556274117
12.09	0.00003017943773948357
12.1	0.000029999110535224205
12.11	0.000029820474402318592
12.120000000000001	0.000029643073651192584
12.13	0.000029467203754715334
12.14	0.00002929361975654852
12.15	0.0000291228637818046
12.16	0.000028954803019496253
12.17	0.00002878875880640466
12.18	0.00002862407866022932
12.19	0.000028460623085821415
12.200000000000001	0.000028298733738279596
12.21	0.000028138725306125622
12.22	0.000027980368323193525
12.23	0.00002782283073711144
12.24	0.000027665138978475084
12.25	0.000027506771660619965
12.26	0.00002734789920789971
12.27	0.000027189107618434584
12.280000000000001	0.000027030892458370877
12.290000000000001	0.000026873377629306696
12.3	0.000026716469890962305
12.31	0.000026560245907546204
12.32	0.00002640516541635698
12.33	0.000026251889246079746
12.34	0.00002610086731631382
12.35	0.00002595207964101846
12.36	0.000025805166482099033
12.370000000000001	0.000025659822358568553
12.38	0.000025516092471503044
12.39	0.00002537431398414014
12.4	0.000025234782470734042
12.41	0.000025097472169035916
12.42	0.00002496207020025613
12.43	0.00002482827832514887
12.44	0.00002469608592447984
12.450000000000001	0.000024565755884505256
12.46	0.000024437544950517793
12.47	0.000024311426814667432
12.48	0.000024187067295551222
12.49	0.000024064048006869468
12.5	0.00002394209937744618
12.51	0.000023821111364929923
12.52	0.000023700926577502255
12.530000000000001	0.000023581147950554775
12.540000000000001	0.00002346118718964969
12.55	0.000023340549235719446
12.56	0.000023219117632910542
12.57	0.000023097198184271968
12.58	0.000022975298321914565
12.59	0.00002285385011334311
12.6	0.000022733106471200526
12.61	0.00002261324825145884
12.620000000000001	0.000022494535366199603
12.63	0.00002237731619741653
12.64	0.000022261879589541274
12.65	0.000022148307533033316
12.66	0.000022036487282838304
12.67	0.000021926277552893723
12.68	0.000021817668381616104
12.69	0.000021710785541066267
12.700000000000001	0.00002160575118392198
12.71	0.000021502553769926665
12.72	0.00002140105966771668
12.73	0.000021301144985123098
12.74	0.0000212028014648208
12.75	0.00002110610056354365
12.76	0.000021011047611099456
12.77	0.00002091746631157706
12.780000000000001	0.000020825014571491316
12.790000000000001	0.00002073329613424819
12.8	0.000020641946903339197
12.81	0.00002055062704934438
12.82	0.000020458975064873298
12.83	0.000020366634214448497
12.84	0.000020273382337646485
12.85	0.000020179269273461375
12.86	0.000020084632602444572
12.870000000000001	0.000019989962878227737
12.88	0.000019895721511318202
12.89	0.000019802244421838215
12.9	0.000019709769430735492
12.91	0.000019618509065445015
12.92	0.000019528669201286724
12.93	0.00001944039731432214
12.94	0.00001935373278920764
12.950000000000001	0.000019268629769123714
12.96	0.00001918503973922853
12.97	0.0000191029734106643
12.98	0.000019022484108370326
12.99	0.00001894359948154458
13.	0.00001886627914586759
13.01	0.000018790438631544766
13.02	0.000018716000213749857
13.030000000000001	0.00001864289922314131
13.040000000000001	0.000018571024236857945
13.05	0.000018500143549538842
13.06	0.000018429887535444185
13.07	0.000018359803445499996
13.08	0.00001828943915952529
13.09	0.000018218408309818303
13.1	0.000018146432642331193
13.11	0.000018073385963996967
13.120000000000001	0.000017999341623713356
13.13	0.000017924585639531027
13.14	0.000017849558214861648
13.15	0.000017774737580193095
13.16	0.0000177005305918445
13.17	0.00001762722932943844
13.18	0.000017555035198749813
13.19	0.000017484100178433458
13.200000000000001	0.00001741453906699936
13.21	0.000017346415055578024
13.22	0.0000172797356633532
13.23	0.000017214480148710933
13.24	0.000017150637097546472
13.25	0.000017088214853978385
13.26	0.000017027216020566996
13.27	0.000016967604507202798
13.280000000000001	0.00001690929505570342
13.290000000000001	0.000016852161438882374
13.3	0.00001679603369652422
13.31	0.000016740669331867416
13.32	0.00001668572186825313
13.33	0.00001663074789540035
13.34	0.000016575270326212603
13.35	0.000016518875345474107
13.36	0.000016461301128474492
13.370000000000001	0.00001640248837711381
13.38	0.0000163425858863137
13.39	0.000016281917088279458
13.4	0.000016220915292652086
13.41	0.000016160039755573926
13.42	0.000016099696377381293
13.43	0.000016040191660567316
13.44	0.000015981732101951905
13.450000000000001	0.000015924452486753096
13.46	0.00001586844273407678
13.47	0.00001581375743142904
13.48	0.000015760417002668437
13.49	0.000015708416238017526
13.5	0.00001565774001562312
13.51	0.000015608370378487158
13.52	0.000015560274107908243
13.530000000000001	0.000015513378402171
13.540000000000001	0.000015467550618805385
13.55	0.00001542258764824506
13.56	0.000015378208215620734
13.57	0.000015334046421950928
13.58	0.000015289662387754217
13.59	0.000015244591561290933
13.6	0.000015198433674035484
13.61	0.00001515095007933565
13.620000000000001	0.000015102124323987517
13.63	0.000015052159497456682
13.64	0.000015001420668677566
13.65	0.00001495035260269044
13.66	0.000014899401078802326
13.67	0.000014848953684247048
13.68	0.000014799307491809035
13.69	0.0000147506656162926
13.700000000000001	0.000014703155764761983
13.71	0.00001465685522193108
13.72	0.000014611808121568232
13.73	0.000014568032375128183
13.74	0.00001452552279627636
13.75	0.0000144842543988215
13.76	0.00001444418128451012
13.77	0.000014405224684257895
13.780000000000001	0.000014367251507876057
13.790000000000001	0.000014330052694046228
13.8	0.000014293330817138383
13.81	0.000014256702739435168
13.82	0.000014219723479289853
13.83	0.00001418193939263725
13.84	0.000014142970493456654
13.85	0.000014102600417702139
13.86	0.000014060835279815576
13.870000000000001	0.000014017900960954037
13.88	0.000013974180871050718
13.89	0.000013930126242613333
13.9	0.000013886175465992526
13.91	0.000013842701818421089
13.92	0.000013799990610482169
13.93	0.000013758238993637793
13.94	0.000013717570569171741
13.950000000000001	0.000013678055936416628
13.96	0.000013639730068764372
13.97	0.000013602601266292866
13.98	0.00001356665236951813
13.99	0.000013531837156102474
14.	0.000013498072192030854
14.01	0.000013465222317595103
14.02	0.00001343308117523656
14.030000000000001	0.000013401354677875278
14.040000000000001	0.000013369659389093476
14.05	0.000013337546753002314
14.06	0.000013304558480701155
14.07	0.000013270307677667422
14.08	0.000013234564773925783
14.09	0.000013197315284149763
14.1	0.0000131587617258565
14.11	0.00001311926756899335
14.120000000000001	0.000013079269740414444
14.13	0.000013039196288834179
14.14	0.000012999413324701263
14.15	0.00001296020496693453
14.16	0.000012921777222646975
14.17	0.00001288427457421362
14.18	0.000012847800332915369
14.19	0.000012812433425531241
14.200000000000001	0.000012778235641242454
14.21	0.000012745246577409172
14.22	0.000012713467902239027
14.23	0.000012682841564556554
14.24	0.000012653227428391661
14.25	0.000012624386223111588
14.26	0.000012595975394895614
14.27	0.000012567567511252956
14.280000000000001	0.000012538699377158784
14.290000000000001	0.000012508950620963845
14.3	0.000012478033800767234
14.31	0.000012445863752693632
14.32	0.000012412575868694233
14.33	0.00001237848513106069
14.34	0.00001234400588696522
14.35	0.000012309566393600849
14.36	0.000012275545426154372
14.370000000000001	0.000012242240717515229
14.38	0.0000122098641940095
14.39	0.000012178552788783736
14.4	0.000012148384305477369
14.41	0.000012119391242540652
14.42	0.000012091568807983297
14.43	0.000012064875604945849
14.44	0.000012039226908901026
14.450000000000001	0.000012014481824434448
14.46	0.000011990427666040716
14.47	0.00001196676801923405
14.48	0.000011943124400955092
14.49	0.000011919062732236036
14.5	0.000011894150966414662
14.51	0.000011868040823889078
14.52	0.000011840549169224037
14.530000000000001	0.000011811705686777474
14.540000000000001	0.000011781744350126484
14.55	0.000011751042819058176
14.56	0.000011720037516231556
14.57	0.000011689146880381412
14.58	0.00001165872247039813
14.59	0.000011629030303798115
14.6	0.000011600253764011133
14.61	0.000011572506686433249
14.620000000000001	0.000011545847521218211
14.63	0.000011520289050464775
14.64	0.00001149580108499595
14.65	0.000011472305619406814
14.66	0.00001144966568338869
14.67	0.000011427671383267694
14.68	0.000011406029779219925
14.69	0.00001138436856009572
14.700000000000001	0.000011362264397495755
14.71	0.000011339301489049696
14.72	0.00001131515218647459
14.73	0.000011289654799726485
14.74	0.000011262856246479757
14.75	0.000011234999319557297
14.76	0.000011206460751961194
14.77	0.00001117766815457059
14.780000000000001	0.000011149026895355378
14.790000000000001	0.000011120874666113966
14.8	0.000011093464866633786
14.81	0.000011066969849098902
14.82	0.000011041492937399244
14.83	0.000011017080573036802
14.84	0.000010993729458686085
14.85	0.000010971386521439164
14.86	0.0000109499418272634
14.870000000000001	0.000010929216904394084
14.88	0.000010908953893167157
14.89	0.000010888814335433692
14.9	0.000010868398430065294
14.91	0.000010847292696563843
14.92	0.00001082514321380611
14.93	0.000010801735236758176
14.94	0.00001077704842835
14.950000000000001	0.00001075126229474223
14.96	0.000010724709152394745
14.97	0.000010697796638904682
14.98	0.000010670931048156797
14.99	0.000010644463727617644
15.	0.000010618666306631672
15.01	0.000010593728213491581
15.02	0.000010569765657115258
15.030000000000001	0.000010546832642432115
15.040000000000001	0.000010524928004250584
15.05	0.000010503995738995908
15.06	0.000010483918679295267
15.07	0.00001046450830064792
15.08	0.000010445496667607677
15.09	0.000010426539785520142
15.1	0.000010407242785113074
15.11	0.000010387212892903846
15.120000000000001	0.000010366133935639764
15.13	0.000010343840293697983
15.14	0.000010320360146628267
15.15	0.00001029590766708421
15.16	0.000010270827939053243
15.17	0.000010245519729603077
15.18	0.000010220365470034145
15.19	0.00001019568610937748
15.200000000000001	0.000010171722783740602
15.21	0.000010148637217675705
15.22	0.000010126520334922037
15.23	0.00001010540073738113
15.24	0.000010085248244603755
15.25	0.000010065971015734254
15.26	0.000010047407846899254
15.27	0.000010029320508905893
15.280000000000001	0.000010011394371954077
15.290000000000001	9.993257483531078e-6
15.3	9.974525550023959e-6
15.31	9.954870221463057e-6
15.32	9.934092897714378e-6
15.33	9.912175627263344e-6
15.34	9.889285731638045e-6
15.35	9.86573187665769e-6
15.36	9.841892058276505e-6
15.370000000000001	9.818142376033773e-6
15.38	9.794806974009669e-6
15.39	9.772134261878956e-6
15.4	9.750293174168452e-6
15.41	9.72937933327081e-6
15.42	9.709422401671352e-6
15.43	9.690389355801251e-6
15.44	9.672182027282509e-6
15.450000000000001	9.654630712833842e-6
15.46	9.637489191583424e-6
15.47	9.62043974395577e-6
15.48	9.603117857730482e-6
15.49	9.5851620686262e-6
15.5	9.566283018889884e-6
15.51	9.546331272688503e-6
15.52	9.525336255317616e-6
15.530000000000001	9.50349802135609e-6
15.540000000000001	9.481135799013134e-6
15.55	9.458616604726227e-6
15.56	9.436290717713131e-6
15.57	9.414449856451559e-6
15.58	9.393309493729821e-6
15.59	9.373007682888129e-6
15.6	9.353610693838842e-6
15.610000000000001	9.335117994249021e-6
15.620000000000001	9.317462791666022e-6
15.63	9.300508147951149e-6
15.64	9.284042426382296e-6
15.65	9.267781372524105e-6
15.66	9.251386158842582e-6
15.67	9.234504483585169e-6
15.68	9.21683285558975e-6
15.69	9.198184376793885e-6
15.700000000000001	9.178536304829357e-6
15.71	9.158035746582494e-6
15.72	9.136960711642504e-6
15.73	9.115654642264246e-6
15.74	9.09446066432246e-6
15.75	9.073674411683316e-6
15.76	9.053520392318211e-6
15.77	9.034146357583817e-6
15.780000000000001	9.015626473512971e-6
15.790000000000001	8.997965481890798e-6
15.8	8.981099571346791e-6
15.81	8.96489366578147e-6
15.82	8.949138795969721e-6
15.83	8.933556757400307e-6
15.84	8.917820918682537e-6
15.85	8.901599130626137e-6
15.860000000000001	8.884615242613295e-6
15.870000000000001	8.86671246864197e-6
15.88	8.847893751643913e-6
15.89	8.82832049342e-6
15.9	8.80827022189296e-6
15.91	8.788072546287213e-6
15.92	8.768048112424675e-6
15.93	8.74846662740378e-6
15.94	8.729526793996795e-6
15.950000000000001	8.711351923615422e-6
15.96	8.6939924713997e-6
15.97	8.677428694000944e-6
15.98	8.661570413969958e-6
15.99	8.646255039284654e-6
16.	8.631248950912586e-6
16.01	8.616260216185922e-6
16.02	8.60097020988638e-6
16.03	8.585085612429223e-6
16.04	8.568400575212754e-6
16.05	8.550847687848143e-6
16.06	8.532515576888053e-6
16.07	8.513624694093283e-6
16.080000000000002	8.494472715026955e-6
16.09	8.47537259049288e-6
16.1	8.456603257287155e-6
16.11	8.438381135031988e-6
16.12	8.42084954647701e-6
16.13	8.4040781870282e-6
16.14	8.388065216522876e-6
16.15	8.372737851277448e-6
16.16	8.357951532443914e-6
16.17	8.3434918647382e-6
16.18	8.329086573033228e-6
16.19	8.314434775708342e-6
16.2	8.299255534611787e-6
16.21	8.283346837007408e-6
16.22	8.266635307301933e-6
16.23	8.249195329948209e-6
16.240000000000002	8.231228474670216e-6
16.25	8.213012926907738e-6
16.26	8.194844407853312e-6
16.27	8.176988006017548e-6
16.28	8.159649357633775e-6
16.29	8.142962984961164e-6
16.3	8.12699054665978e-6
16.31	8.111722068180597e-6
16.32	8.097076484984442e-6
16.330000000000002	8.082902061035414e-6
16.34	8.068981259744e-6
16.35	8.055047136329978e-6
16.36	8.040817168338609e-6
16.37	8.026043724997104e-6
16.38	8.010569408640818e-6
16.39	7.994367005767304e-6
16.4	7.977546213691234e-6
16.41	7.960323893733496e-6
16.42	7.942971569921403e-6
16.43	7.92576113031113e-6
16.44	7.908924302944719e-6
16.45	7.892630400396074e-6
16.46	7.876978224331495e-6
16.47	7.86199510282797e-6
16.48	7.847637620616941e-6
16.490000000000002	7.833792357799594e-6
16.5	7.82027914956393e-6
16.51	7.806862671560524e-6
16.52	7.793278717921506e-6
16.53	7.779277252053335e-6
16.54	7.76467499029148e-6
16.55	7.749400504925207e-6
16.56	7.733512828139785e-6
16.57	7.717184779375448e-6
16.580000000000002	7.700658841389533e-6
16.59	7.684194325234524e-6
16.6	7.6680232801226e-6
16.61	7.65232308638084e-6
16.62	7.637204180670237e-6
16.63	7.622706812573703e-6
16.64	7.608801155885993e-6
16.65	7.595388363200411e-6
16.66	7.5823042590058e-6
16.67	7.5693307378144685e-6
16.68	7.556220728663725e-6
16.69	7.5427387832623375e-6
16.7	7.528710719457486e-6
16.71	7.514066520283141e-6
16.72	7.498858567700441e-6
16.73	7.483246660053387e-6
16.740000000000002	7.467456826969441e-6
16.75	7.45173142113054e-6
16.76	7.436287010524746e-6
16.77	7.421287760381415e-6
16.78	7.406833056929036e-6
16.79	7.3929538296311635e-6
16.8	7.379612502255771e-6
16.81	7.366704722452089e-6
16.82	7.354064951128901e-6
16.830000000000002	7.341480878798059e-6
16.84	7.32872150405695e-6
16.85	7.315578858784642e-6
16.86	7.301914585470745e-6
16.87	7.287695094122423e-6
16.88	7.273000008070165e-6
16.89	7.257999898033826e-6
16.9	7.2429135334216255e-6
16.91	7.227961797018288e-6
16.92	7.213331765295261e-6
16.93	7.199155503915665e-6
16.94	7.185500848790328e-6
16.95	7.1723689582015e-6
16.96	7.159694985938916e-6
16.97	7.147351738295286e-6
16.98	7.135159643213567e-6
16.990000000000002	7.122907837047418e-6
17.	7.110388721376994e-6
17.01	7.09744140471098e-6
17.02	7.083991156581026e-6
17.03	7.070068972513963e-6
17.04	7.055802236168716e-6
17.05	7.041380834189819e-6
17.06	7.027013267598906e-6
17.07	7.012887777119634e-6
17.080000000000002	6.999146363725129e-6
17.09	6.985871588745929e-6
17.1	6.973081892005952e-6
17.11	6.9607314200568445e-6
17.12	6.948713243331649e-6
17.13	6.936868234715956e-6
17.14	6.925003761852976e-6
17.150000000000002	6.912924767942227e-6
17.16	6.900473950174933e-6
17.17	6.887569965846794e-6
17.18	6.8742288007795994e-6
17.19	6.860558603465477e-6
17.2	6.846730367912989e-6
17.21	6.832937204733922e-6
17.22	6.819356633908983e-6
17.23	6.8061243090595455e-6
17.240000000000002	6.79331995797532e-6
17.25	6.780961979641062e-6
17.26	6.769007039589742e-6
17.27	6.7573536036673445e-6
17.28	6.745851497521623e-6
17.29	6.7343211638972915e-6
17.3	6.722584415427838e-6
17.31	6.710502623262585e-6
17.32	6.6980111861471396e-6
17.330000000000002	6.685136546187308e-6
17.34	6.671987998476949e-6
17.35	6.658728102488968e-6
17.36	6.645534289748231e-6
17.37	6.632564654862793e-6
17.38	6.619934778210085e-6
17.39	6.607705627484433e-6
17.400000000000002	6.59587920816337e-6
17.41	6.58439911441278e-6
17.42	6.573155782850811e-6
17.43	6.561998894130989e-6
17.44	6.550759883747539e-6
17.45	6.539284362907852e-6
17.46	6.527467923779877e-6
17.47	6.515283222453254e-6
17.48	6.502786834328424e-6
17.490000000000002	6.490102705904078e-6
17.5	6.477389700680072e-6
17.51	6.464806065699342e-6
17.52	6.45248109049054e-6
17.53	6.440497682260528e-6
17.54	6.428884336143641e-6
17.55	6.4176134459985855e-6
17.56	6.406604432543532e-6
17.57	6.3957327882259794e-6
17.580000000000002	6.3848476670571735e-6
17.59	6.373799190776761e-6
17.6	6.362471697824352e-6
17.61	6.350813192381719e-6
17.62	6.338849281034228e-6
17.63	6.326675269033012e-6
17.64	6.314430046940764e-6
17.650000000000002	6.302262721729278e-6
17.66	6.290303032018247e-6
17.67	6.278641270324776e-6
17.68	6.267317794596021e-6
17.69	6.256319637229281e-6
17.7	6.245582410427144e-6
17.71	6.234997972073986e-6
17.72	6.22442997668066e-6
17.73	6.213738546560543e-6
17.740000000000002	6.2028111190149225e-6
17.75	6.191590958508806e-6
17.76	6.180092364397379e-6
17.77	6.168395804412112e-6
17.78	6.156625236107778e-6
17.79	6.144917272270486e-6
17.8	6.133392757163279e-6
17.81	6.122136795897154e-6
17.82	6.111187935423083e-6
17.830000000000002	6.100534497078781e-6
17.84	6.0901164622557795e-6
17.85	6.0798332757697966e-6
17.86	6.069559320976711e-6
17.87	6.059167769523479e-6
17.88	6.048559462177615e-6
17.89	6.037688481080512e-6
17.900000000000002	6.0265743991859915e-6
17.91	6.015295747422686e-6
17.92	6.003967731375282e-6
17.93	5.992713535226996e-6
17.94	5.981638704075305e-6
17.95	5.9708136271190785e-6
17.96	5.960264412822861e-6
17.97	5.9499703791329715e-6
17.98	5.939867073833781e-6
17.990000000000002	5.929855521629415e-6
18.	5.919819152738043e-6
18.01	5.909648023935856e-6
18.02	5.899265624856044e-6
18.03	5.888649509794416e-6
18.04	5.877837223775124e-6
18.05	5.866914862116652e-6
18.06	5.8559934184818575e-6
18.07	5.845182222187776e-6
18.080000000000002	5.834567199479073e-6
18.09	5.824197134995214e-6
18.1	5.814077462883375e-6
18.11	5.804170170208121e-6
18.12	5.794399491780955e-6
18.13	5.784664361212975e-6
18.14	5.77485816808235e-6
18.150000000000002	5.764893394221674e-6
18.16	5.754724490156358e-6
18.17	5.7443603813687776e-6
18.18	5.733861142589545e-6
18.19	5.723320394924383e-6
18.2	5.712840883424452e-6
18.21	5.702511610185746e-6
18.22	5.692391536472901e-6
18.23	5.682500816986359e-6
18.240000000000002	5.672818522083256e-6
18.25	5.663286117859395e-6
18.26	5.653817170688196e-6
18.27	5.644313928078487e-6
18.28	5.63468936031186e-6
18.29	5.624889490330833e-6
18.3	5.614908186366542e-6
18.31	5.604788182756203e-6
18.32	5.594607951578384e-6
18.330000000000002	5.584460181055484e-6
18.34	5.57442976761847e-6
18.35	5.564576942134033e-6
18.36	5.55492737209507e-6
18.37	5.545468730770208e-6
18.38	5.536153059260459e-6
18.39	5.526905163701731e-6
18.400000000000002	5.517637525080674e-6
18.41	5.508270473959493e-6
18.42	5.498753023302386e-6
18.43	5.489077187574951e-6
18.44	5.479279801522785e-6
18.45	5.469431080783266e-6
18.46	5.459614958570387e-6
18.47	5.449908542879803e-6
18.48	5.440366162572936e-6
18.490000000000002	5.431009994742045e-6
18.5	5.421826973821949e-6
18.51	5.41277139884745e-6
18.52	5.403773377917881e-6
18.53	5.394753307256e-6
18.54	5.385640830698467e-6
18.55	5.376393640701886e-6
18.56	5.3670094551258984e-6
18.57	5.357526109038766e-6
18.580000000000002	5.348009773282244e-6
18.59	5.338536392766638e-6
18.6	5.32917305859203e-6
18.61	5.319964003033802e-6
18.62	5.310922787696415e-6
18.63	5.30203041441161e-6
18.64	5.293238990148663e-6
18.650000000000002	5.28448110616952e-6
18.66	5.275684708960336e-6
18.67	5.266791175328094e-6
18.68	5.2577715104684356e-6
18.69	5.248634551613572e-6
18.7	5.239423652513335e-6
18.71	5.2302033919326015e-6
18.72	5.221041824253185e-6
18.73	5.211994198159451e-6
18.740000000000002	5.203091680316408e-6
18.75	5.1943359809410714e-6
18.76	5.18569958678894e-6
18.77	5.1771314343300416e-6
18.78	5.1685680159794255e-6
18.79	5.15994885195587e-6
18.8	5.151232896430157e-6
18.81	5.14241041671238e-6
18.82	5.133505500375301e-6
18.830000000000002	5.124568140284779e-6
18.84	5.115659409974683e-6
18.85	5.106835385218354e-6
18.86	5.098134356578362e-6
18.87	5.08956932660712e-6
18.88	5.08112596299422e-6
18.89	5.072765768964592e-6
18.900000000000002	5.0644344213326235e-6
18.91	5.056074721600913e-6
18.92	5.047641802509871e-6
18.93	5.039116051512574e-6
18.94	5.0305087525545516e-6
18.95	5.021858017893898e-6
18.96	5.013216868402381e-6
18.97	5.004638306834174e-6
18.98	4.9961621920593725e-6
18.990000000000002	4.987806633864265e-6
19.	4.979564604030672e-6
19.01	4.9714056489344e-6
19.02	4.9632826013704756e-6
19.03	4.955142861109767e-6
19.04	4.9469423615318976e-6
19.05	4.938658295674418e-6
19.06	4.9302958510725606e-6
19.07	4.921886095196179e-6
19.080000000000002	4.913476020657779e-6
19.09	4.9051149244893176e-6
19.1	4.89684178047632e-6
19.11	4.8886765524284834e-6
19.12	4.880616404224769e-6
19.13	4.872636778154006e-6
19.14	4.864697181159942e-6
19.150000000000002	4.856751223568129e-6
19.16	4.848759214586611e-6
19.17	4.840699809654009e-6
19.18	4.832576406519503e-6
19.19	4.8244155962783615e-6
19.2	4.816258429459764e-6
19.21	4.808148186610238e-6
19.22	4.800118901054451e-6
19.23	4.792187417652817e-6
19.240000000000002	4.784349982232964e-6
19.25	4.776583418584411e-6
19.26	4.768850732907614e-6
19.27	4.76111058246591e-6
19.28	4.753328812476728e-6
19.29	4.7454886640754114e-6
19.3	4.737595772258028e-6
19.31	4.729675824431124e-6
19.32	4.7217659728612505e-6
19.330000000000002	4.7139035684825175e-6
19.34	4.706116035624398e-6
19.35	4.698414275114365e-6
19.36	4.690790412763328e-6
19.37	4.683219907582218e-6
19.38	4.675667741409107e-6
19.39	4.668097825609594e-6
19.400000000000002	4.660483503103011e-6
19.41	4.65281577331898e-6
19.42	4.6451059875069615e-6
19.43	4.63738186826641e-6
19.44	4.629678630453639e-6
19.45	4.622028712549398e-6
19.46	4.6144533222240626e-6
19.47	4.606957546981708e-6
19.48	4.5995295303725555e-6
19.490000000000002	4.5921436629521445e-6
19.5	4.584767403107854e-6
19.51	4.577370532663828e-6
19.52	4.569934356188016e-6
19.53	4.562457555184423e-6
19.54	4.55495627203363e-6
19.55	4.547458449924323e-6
19.56	4.539994896309253e-6
19.57	4.53259037412188e-6
19.580000000000002	4.525257186174778e-6
19.59	4.517992361522603e-6
19.6	4.51077865978602e-6
19.61	4.503589201338698e-6
19.62	4.496394998925608e-6
19.63	4.489173628804811e-6
19.64	4.4819162245437475e-6
19.650000000000002	4.474630022857395e-6
19.66	4.467335398458185e-6
19.67	4.460058774481048e-6
19.68	4.452824311285378e-6
19.69	4.445647094822563e-6
19.7	4.438529354644759e-6
19.71	4.4314601595812355e-6
19.72	4.42441849616222e-6
19.73	4.417379244119136e-6
19.740000000000002	4.410320798601455e-6
19.75	4.403232063938698e-6
19.76	4.396116156930556e-6
19.77	4.388989225026884e-6
19.78	4.381874929798689e-6
19.79	4.374796924830067e-6
19.8	4.3677719925182655e-6
19.81	4.360805645645228e-6
19.82	4.353890938021027e-6
19.830000000000002	4.347010563538926e-6
19.84	4.340141879000533e-6
19.85	4.333263800238873e-6
19.86	4.326363576949048e-6
19.87	4.319440953974655e-6
19.88	4.312507982090217e-6
19.89	4.305584617646236e-6
19.900000000000002	4.298692034832168e-6
19.91	4.291846139375728e-6
19.92	4.285053133119091e-6
19.93	4.278307985784818e-6
19.94	4.271595969381369e-6
19.95	4.264896947780528e-6
19.96	4.258191491827711e-6
19.97	4.251467048178805e-6
19.98	4.244721914335431e-6
19.990000000000002	4.237965393117439e-6
20.	4.231214149106006e-6