0.	0.
0.01	4.823366592870966e-6
0.02	9.647787193276812e-6
0.03	0.000014474316595087342
0.04	0.00001930401116628808
0.05	0.00002413792963965818
0.06	0.00002897713390780687
0.07	0.00003382268982404598
0.08	0.0000386756680105967
0.09	0.000043537144675656194
0.1	0.00004840820244088135
0.11	0.000053289931180885015
0.12	0.00005818342887638595
0.13	0.0000630898024827021
0.14	0.00006801016881533696
0.15	0.00007294565545446973
0.16	0.00007789740167023755
0.17	0.00008286655937077048
0.18	0.00008785429407503595
0.19	0.00009286178591264057
0.2	0.00009789023065284906
0.21	0.00010294084076519297
0.22	0.00010801484651417512
0.23	0.0001131134970907121
0.24	0.00011823806178311351
0.25	0.00012338983119056376
0.26	0.00012857011848225544
0.27	0.00013378026070552128
0.28	0.00013902162014653509
0.29	0.00014429558574738103
0.3	0.00014960357458355963
0.31	0.0001549470334062758
0.32	0.0001603274402541635
0.33	0.0001657463061394435
0.34	0.0001712051768138747
0.35000000000000003	0.000176705634620265
0.36	0.00018224930043574946
0.37	0.00018783783571352234
0.38	0.0001934729446302465
0.39	0.0001991563763469324
0.4	0.00020488992739172633
0.41000000000000003	0.00021067544417373884
0.42	0.00021651482563781642
0.43	0.0002224100260710011
0.44	0.00022836305807236005
0.45	0.00023437599569888415
0.46	0.00024045097780129768
0.47000000000000003	0.0002465902115648648
0.48	0.0002527959762716672
0.49	0.00025907062730236096
0.5	0.00026541660039711726
0.51	0.00027183641619734093
0.52	0.00027833268509186166
0.53	0.00028490811239361953
0.54	0.0002915655038754752
0.55	0.00029830777169667356
0.56	0.00030513794075473564
0.5700000000000001	0.00031205915550117834
0.58	0.0003190746872635359
0.59	0.00032618794212071155
0.6	0.00033340246938382066
0.61	0.00034072197074046094
0.62	0.0003481503101268465
0.63	0.0003556915243995893
0.64	0.0003633498348872267
0.65	0.00037112965991099335
0.66	0.0003790356283750098
0.67	0.00038707259453821984
0.68	0.0003952456540941737
0.6900000000000001	0.00040356016170056306
0.7000000000000001	0.00041202175011836764
0.71	0.0004206363511411028
0.72	0.0004294102185182665
0.73	0.00043834995310422487
0.74	0.00044746253049501384
0.75	0.0004567553314515552
0.76	0.0004662361754493929
0.77	0.00047591335774325565
0.78	0.0004857956903906182
0.79	0.0004958925477433976
0.8	0.0005062139169925528
0.81	0.0005167704544386096
0.8200000000000001	0.0005275735482643074
0.8300000000000001	0.0005386353887064207
0.84	0.0005499690466656376
0.85	0.0005615885619601182
0.86	0.0005735090426247759
0.87	0.0005857467768900371
0.88	0.0005983193597476047
0.89	0.0006112458363347992
0.9	0.0006245468647527992
0.91	0.0006382449013893083
0.92	0.0006523644123561439
0.93	0.0006669321152931043
0.9400000000000001	0.0006819772565496108
0.9500000000000001	0.0006975319296562986
0.96	0.0007136314420636127
0.97	0.0007303147383792965
0.98	0.0007476248898076146
0.99	0.0007656096612044179
1.	0.0007843221691308232
1.01	0.0008038216465160518
1.02	0.0008241743319985353
1.03	0.0008454545046223508
1.04	0.0008677456871493602
1.05	0.0008911420434782278
1.06	0.0009157499969576066
1.07	0.0009416900957481128
1.08	0.000969099147172265
1.09	0.0009981326324929108
1.1	0.0010289673924400616
1.11	0.0010618045351946286
1.12	0.0010968724517316506
1.1300000000000001	0.0011344297120599591
1.1400000000000001	0.001174767435575131
1.1500000000000001	0.0012182104444127767
1.16	0.001265116072808949
1.17	0.0013158688598499469
1.18	0.0013708684408284815
1.19	0.0014305067539380205
1.2	0.0014951292945854823
1.21	0.0015649739652483614
1.22	0.0016400810347066304
1.23	0.0017201707052899738
1.24	0.001804493747438208
1.25	0.0018916788894504917
1.26	0.001979628794859317
1.27	0.0020655464390330032
1.28	0.0021461823807033768
1.29	0.00221834687113419
1.3	0.00227961273184376
1.31	0.0023289905084269264
1.32	0.00236729599317182
1.33	0.0023970381012581327
1.34	0.002421884482989406
1.35	0.002445949593372314
1.36	0.0024731728028618088
1.37	0.002506937309534188
1.3800000000000001	0.0025499371508382624
1.3900000000000001	0.0026042132391968092
1.4000000000000001	0.002671261197389796
1.41	0.002752133967871207
1.42	0.002847490483878545
1.43	0.0029575638039403946
1.44	0.003082037595419633
1.45	0.003219835789392348
1.46	0.0033688563501676526
1.47	0.003525723965147488
1.48	0.0036856947131051073
1.49	0.003842890966317681
1.5	0.003991019251709036
1.51	0.004124567385060456
1.52	0.004240203550533462
1.53	0.004337862694939466
1.54	0.004421026443323997
1.55	0.004496047562135832
1.56	0.004570817214697971
1.57	0.0046533005712272296
1.58	0.0047503621895667435
1.59	0.004867024980660483
1.6	0.005006076658026664
1.61	0.005167860309197012
1.62	0.00535014439791221
1.6300000000000001	0.005548099937243021
1.6400000000000001	0.005754553870954084
1.6500000000000001	0.005960761923028919
1.6600000000000001	0.006157857595646358
1.67	0.006338832375219556
1.68	0.006500487712842396
1.69	0.006644566465125437
1.7	0.006777496703673052
1.71	0.006908794957474707
1.72	0.007048747447997211
1.73	0.0072061350471731315
1.74	0.007386512247199932
1.75	0.007591208254255864
1.76	0.007817051948815434
1.77	0.008056858024808327
1.78	0.008300786278961273
1.79	0.008538586489087297
1.8	0.008762367620017733
1.81	0.008969049027799934
1.82	0.009161472612552873
1.83	0.00934758512116299
1.84	0.00953794969200655
1.85	0.00974253258208315
1.86	0.00996783425510713
1.87	0.010215115000940744
1.8800000000000001	0.01048007998636567
1.8900000000000001	0.010754122407665939
1.9000000000000001	0.011026955956438936
1.9100000000000001	0.011290023923661524
1.92	0.011539553622380598
1.93	0.011777965189215665
1.94	0.012012906202661086
1.95	0.012254261501339243
1.96	0.012510389991395584
1.97	0.012785057310635135
1.98	0.013076140905528612
1.99	0.013376543522886166
2.	0.013677051945047968
2.0100000000000002	0.013970143108964817
2.02	0.014253170910780665
2.0300000000000002	0.014529423117743296
2.04	0.014806466101753766
2.05	0.01509255734430826
2.06	0.015392848572240542
2.07	0.0157071256237856
2.08	0.01603007918915349
2.09	0.016353984397028256
2.1	0.016672553978656624
2.11	0.01698404918780789
2.12	0.017291981562940987
2.13	0.017603004242213185
2.14	0.01792317990141678
2.15	0.018254703954185738
2.16	0.018594856697642395
2.17	0.018937718236700294
2.18	0.019277660159825197
2.19	0.01961257984519703
2.2	0.01994492910541202
2.21	0.020279924372445076
2.22	0.020622118930599495
2.23	0.02097254355024327
2.24	0.021328208412024086
2.25	0.021684219532668674
2.2600000000000002	0.02203706179841735
2.27	0.022386813951969207
2.2800000000000002	0.022736792851482897
2.29	0.02309095437235866
2.3000000000000003	0.02345098052748193
2.31	0.023815156520200463
2.32	0.024179783001944382
2.33	0.024541982710470367
2.34	0.024901728667903463
2.35	0.025261559102758523
2.36	0.025624301972495735
2.37	0.02599071287054019
2.38	0.026358932742156112
2.39	0.026726117254348244
2.4	0.027090776470748097
2.41	0.027453809491488408
2.42	0.027817411764642374
2.43	0.0281829285717415
2.44	0.02854961778572984
2.45	0.028915378590692226
2.46	0.029278662944589716
2.47	0.02963972580098375
2.48	0.030000077932041694
2.49	0.030360781920784206
2.5	0.030721321655593714
2.5100000000000002	0.031080116907091653
2.52	0.03143605431900478
2.5300000000000002	0.03178941212631859
2.54	0.032141272326294636
2.5500000000000003	0.0324921467896328
2.56	0.03284133019804869
2.57	0.03318761626888523
2.58	0.03353049029830109
2.59	0.0338704446682085
2.6	0.03420813718377934
2.61	0.03454344425934152
2.62	0.0348755057539726
2.63	0.0352036224451514
2.64	0.03552787111481633
2.65	0.03584872706668707
2.66	0.03616624344313222
2.67	0.03647983714097951
2.68	0.03678888999832639
2.69	0.03709332853365595
2.7	0.03739344400350219
2.71	0.03768926166069236
2.72	0.037980331608162575
2.73	0.038266175504076086
2.74	0.03854672052175074
2.75	0.038822131598767885
2.7600000000000002	0.03909233796062625
2.77	0.039356947796676534
2.7800000000000002	0.03961562882331807
2.79	0.03986835889260689
2.8000000000000003	0.04011519910737165
2.81	0.040355976689328735
2.82	0.04059035807057351
2.83	0.04081815680291038
2.84	0.041039381492242843
2.85	0.04125398187830363
2.86	0.04146172432196902
2.87	0.04166237632671749
2.88	0.04185586856021268
2.89	0.04204217727165553
2.9	0.04222115415479742
2.91	0.04239259005038462
2.92	0.042556376226001925
2.93	0.04271247978915186
2.94	0.04286080012070101
2.95	0.04300116891675729
2.96	0.04313347426329799
2.97	0.04325767437031437
2.98	0.04337369231588811
2.99	0.043481397156452904
3.	0.04358069338524926
3.0100000000000002	0.04367153989232519
3.02	0.04375387392551136
3.0300000000000002	0.043827595955773055
3.04	0.04389263504375262
3.0500000000000003	0.043948958498281704
3.06	0.04399651590658021
3.0700000000000003	0.04403523627254752
3.08	0.0440650758002033
3.09	0.044086014110062535
3.1	0.0440980147060144
3.11	0.04410103514432825
3.12	0.0440950583701553
3.13	0.044080077596551644
3.14	0.04405607374012558
3.15	0.04402303389434607
3.16	0.04398096513761765
3.17	0.04392987514995654
3.18	0.043869766929260194
3.19	0.04380065669318473
3.2	0.04372257190616428
3.21	0.043635537255586304
3.22	0.043539581864590955
3.23	0.04343474782963317
3.24	0.04332108054142757
3.25	0.04319862608615252
3.2600000000000002	0.04306744037672134
3.27	0.04292758667419936
3.2800000000000002	0.04277912935139134
3.29	0.0426221391871437
3.3000000000000003	0.04245669538480241
3.31	0.04228287999434312
3.3200000000000003	0.04210077948545902
3.33	0.04191048814453499
3.34	0.04171210447975855
3.35	0.04150573067249326
3.36	0.04129147565137155
3.37	0.04106945318658802
3.38	0.040839780569340525
3.39	0.040602580871235784
3.4	0.0403579820420506
3.41	0.04010611553921221
3.42	0.03984711784941343
3.43	0.03958113004369079
3.44	0.039308296627552704
3.45	0.03902876654166798
3.46	0.03874269285853963
3.47	0.03845023190548858
3.48	0.03815154392580096
3.49	0.037846792771995104
3.5	0.03753614527801748
3.5100000000000002	0.03721977169015255
3.52	0.036897845312047935
3.5300000000000002	0.036570542086025226
3.54	0.0362380408453565
3.5500000000000003	0.03590052292044933
3.56	0.035558171886327136
3.5700000000000003	0.03521117365631094
3.58	0.03485971608650734
3.59	0.034503988840118405
3.6	0.034144183336580425
3.61	0.03378049239954846
3.62	0.033413110179269435
3.63	0.033042231985182316
3.64	0.032668054010493226
3.65	0.032290773251955306
3.66	0.031910587275462164
3.67	0.03152769402039884
3.68	0.03114229167351302
3.69	0.030754578427253976
3.7	0.030364752333306072
3.71	0.029973011123980996
3.72	0.029579552006592076
3.73	0.029184571521298636
3.74	0.02878826534002893
3.75	0.028390828102036247
3.7600000000000002	0.02799245325030486
3.77	0.027593332846485446
3.7800000000000002	0.027193657422446595
3.79	0.02679361580544683
3.8000000000000003	0.026393394962319287
3.81	0.025993179846214885
3.8200000000000003	0.02559315323631786
3.83	0.0251934955970484
3.84	0.02479438492620866
3.85	0.024395996617578627
3.86	0.02399850332359821
3.87	0.023602074821232385
3.88	0.02320687788742627
3.89	0.02281307617285017
3.9	0.02242083008675504
3.91	0.022030296682184664
3.92	0.021641629549087004
3.93	0.02125497871191885
3.94	0.02087049053194929
3.95	0.020488307616711204
3.96	0.020108568732966455
3.97	0.01973140872738187
3.98	0.01935695845116352
3.99	0.01898534469179408
4.	0.018616690109726462
4.01	0.01825111318137235
4.0200000000000005	0.01788872814786522
4.03	0.01752964496957384
4.04	0.017173969286803828
4.05	0.016821802386015525
4.0600000000000005	0.016473241172308493
4.07	0.0161283781473741
4.08	0.015787301393600534
4.09	0.015450094563654244
4.1	0.01511683687601822
4.11	0.014787603115992655
4.12	0.0144624636424332
4.13	0.014141484399885414
4.14	0.013824726936235215
4.15	0.013512248425636218
4.16	0.01320410169673215
4.17	0.012900335265994602
4.18	0.012600993376135404
4.19	0.012306116039445165
4.2	0.012015739085986875
4.21	0.011729894216512783
4.22	0.011448609060021927
4.23	0.01117190723583691
4.24	0.010899808420114898
4.25	0.010632328416678395
4.26	0.010369479232078623
4.2700000000000005	0.01011126915477178
4.28	0.009857702838297826
4.29	0.009608781388294749
4.3	0.009364502453141355
4.3100000000000005	0.009124860317889465
4.32	0.00888984600097514
4.33	0.008659447352866079
4.34	0.008433649155307655
4.3500000000000005	0.00821243321901336
4.36	0.007995778476421442
4.37	0.0077836610642976626
4.38	0.007576054388364672
4.39	0.00737292915867892
4.4	0.00717425338041178
4.41	0.006979992281026846
4.42	0.006790108154156436
4.43	0.006604560107941222
4.44	0.006423303729608152
4.45	0.0062462907285067435
4.46	0.006073468700165161
4.47	0.005904781244192724
4.48	0.005740168705969269
4.49	0.0055795696967795615
4.5	0.005422923219526018
4.51	0.005270170796221274
4.5200000000000005	0.005121257769032872
4.53	0.004976133209213633
4.54	0.004834748526937931
4.55	0.004697055465858106
4.5600000000000005	0.004563004291842811
4.57	0.00443254267263085
4.58	0.004305615317658702
4.59	0.004182164173356835
4.6000000000000005	0.004062128902941947
4.61	0.003945447439371933
4.62	0.0038320564918981484
4.63	0.0037218919598329837
4.64	0.0036148892499284165
4.65	0.003510983512525593
4.66	0.00341010981631242
4.67	0.0033122032797038713
4.68	0.003217199172937158
4.69	0.003125033001025482
4.7	0.0030356405744913005
4.71	0.0029489580724271847
4.72	0.002864922100791384
4.73	0.0027834697477586586
4.74	0.0027045386372519117
4.75	0.0026280669813474604
4.76	0.0025539936319821654
4.7700000000000005	0.0024822581322243298
4.78	0.0024128007672511724
4.79	0.002345562615058571
4.8	0.002280485596769437
4.8100000000000005	0.0022175125261500307
4.82	0.0021565871575140888
4.83	0.002097654230483999
4.84	0.002040659508928679
4.8500000000000005	0.0019855498095843775
4.86	0.0019322730130859286
4.87	0.001880778046024257
4.88	0.0018310148168497204
4.89	0.001782934080854414
4.9	0.0017364872007705726
4.91	0.001691625762246416
4.92	0.0016483010037597976
4.93	0.001606463040402041
4.94	0.001566059919183892
4.95	0.0015270366605004365
4.96	0.001489334618736507
4.97	0.0014528916806421657
4.98	0.0014176438638617713
4.99	0.0013835285671836607
5.	0.0013504889684464378
5.01	0.0013184781685723645
5.0200000000000005	0.0012874613352864654
5.03	0.0012574148233456895
5.04	0.001228322697704109
5.05	0.001200172225928157
5.0600000000000005	0.001172950003807812
5.07	0.0011466396277472703
5.08	0.0011212209436420692
5.09	0.0010966703906972327
5.1000000000000005	0.0010729618730364982
5.11	0.0010500677400165118
5.12	0.001027959649384329
5.13	0.001006609233095046
5.14	0.0009859885673259136
5.15	0.0009660704821781842
5.16	0.0009468287534907105
5.17	0.0009282382141255021
5.18	0.0009102748134410644
5.19	0.0008929156452573623
5.2	0.0008761389576951699
5.21	0.0008599241528970896
5.22	0.0008442517803820528
5.23	0.0008291035240635196
5.24	0.0008144621791349365
5.25	0.0008003116104148513
5.26	0.0007866366776269651
5.2700000000000005	0.0007734231047631415
5.28	0.0007606572596912982
5.29	0.0007483257969456875
5.3	0.000736415103767878
5.3100000000000005	0.0007249104840540405
5.32	0.0007137950318468784
5.33	0.0007030482108844143
5.34	0.0006926443022242976
5.3500000000000005	0.0006825511275581437
5.36	0.0006727297578403961
5.37	0.0006631361006350404
5.38	0.0006537250119760596
5.39	0.0006444566418594825
5.4	0.0006353033082207071
5.41	0.0006262542149157133
5.42	0.000617315829471371
5.43	0.0006085077317011701
5.44	0.0005998558774861775
5.45	0.0005913860002274627
5.46	0.0005831190722673626
5.47	0.0005750693271455588
5.48	0.0005672442981258882
5.49	0.0005596459814027284
5.5	0.0005522723705214789
5.51	0.0005451189074754359
5.5200000000000005	0.0005381796559129787
5.53	0.0005314481626276039
5.54	0.0005249180484646711
5.55	0.000518583391463061
5.5600000000000005	0.0005124389603957791
5.57	0.0005064803420631401
5.58	0.0005007039883772889
5.59	0.0004951071919691576
5.6000000000000005	0.0004896879816799593
5.61	0.00048444491086375405
5.62	0.00047937669122662227
5.63	0.00047448160407431635
5.64	0.000469756604709531
5.65	0.0004651960378134885
5.66	0.00046078992819595957
5.67	0.000456521942578169
5.68	0.00045236737566680475
5.69	0.00044829189615459635
5.7	0.0004442521664605834
5.71	0.00044019949252343133
5.72	0.00043608692280375455
5.73	0.0004318785628761115
5.74	0.0004275580298759912
5.75	0.0004231324269658778
5.76	0.00041862993431284845
5.7700000000000005	0.00041409218963709196
5.78	0.00040956485856810367
5.79	0.00040508979277553963
5.8	0.0004007005107570942
5.8100000000000005	0.00039642092537117506
5.82	0.00039226625937930086
5.83	0.00038824497441610395
5.84	0.0003843608705808583
5.8500000000000005	0.0003806149132264545
5.86	0.0003770066339926061
5.87	0.00037353510959298175
5.88	0.00037019958021822317
5.89	0.0003669997716173599
5.9	0.00036393596013215674
5.91	0.00036100878405966
5.92	0.000358218765661136
5.93	0.00035556547222259795
5.94	0.00035304622290083167
5.95	0.0003506542634064471
5.96	0.00034837642281834534
5.97	0.0003461904898249356
5.98	0.00034406293788059124
5.99	0.00034194813632531075
6.	0.00033979054651568554
6.01	0.0003375311112262843
6.0200000000000005	0.000335117619299516
6.03	0.0003325164781134623
6.04	0.0003297214591511916
6.05	0.00032675544205882815
6.0600000000000005	0.00032366431547682173
6.07	0.00032050593842976484
6.08	0.00031733876233898156
6.09	0.0003142136450062757
6.1000000000000005	0.00031117000844326615
6.11	0.0003082355819392417
6.12	0.0003054282362399089
6.13	0.0003027585702270206
6.140000000000001	0.00030023240105406723
6.15	0.00029785275883967006
6.16	0.0002956212694150012
6.17	0.00029353893501523216
6.18	0.0002916063469839655
6.19	0.0002898233362181897
6.2	0.0002881880231359931
6.21	0.0002866952017107095
6.22	0.0002853340219889789
6.23	0.00028408507969731255
6.24	0.000282917345008726
6.25	0.00028178588719404024
6.26	0.0002806319442809702
6.2700000000000005	0.0002793871285682132
6.28	0.00027798279263203533
6.29	0.0002763634109428759
6.3	0.000274499981023397
6.3100000000000005	0.0002723979663668374
6.32	0.0002700960445308169
6.33	0.00026765628256470635
6.34	0.0002651502666626643
6.3500000000000005	0.0002626465382586918
6.36	0.00026020261536641637
6.37	0.00025786204730378283
6.38	0.00025565513533745324
6.390000000000001	0.0002536015069853341
6.4	0.0002517131148601244
6.41	0.0002499968205646084
6.42	0.0002484561841836707
6.43	0.00024709233302551116
6.44	0.00024590387671388655
6.45	0.00024488584936019624
6.46	0.0002440276743573308
6.47	0.0002433102470132574
6.48	0.00024270250301816143
6.49	0.00024215834773797648
6.5	0.00024161549846377696
6.51	0.00024099829556866178
6.5200000000000005	0.0002402261850033264
6.53	0.00023922768787455005
6.54	0.00023795648679127734
6.55	0.00023640363240177222
6.5600000000000005	0.00023460034705659287
6.57	0.00023261006975248497
6.58	0.0002305135383897363
6.59	0.00022839316654117332
6.6000000000000005	0.00022632163052904402
6.61	0.00022435634751631438
6.62	0.00022253885544522298
6.63	0.00022089702863358946
6.640000000000001	0.00021944822467286296
6.65	0.0002182020979881972
6.66	0.00021716241314636162
6.67	0.0002163275717646007
6.68	0.00021568976696165445
6.69	0.00021523281809281408
6.7	0.00021492895567516707
6.71	0.00021473524703711065
6.72	0.00021459101953585398
6.73	0.00021441836752978836
6.74	0.00021412805912420993
6.75	0.00021363204036126108
6.76	0.00021286082580345298
6.7700000000000005	0.0002117804248218237
6.78	0.00021040178793519426
6.79	0.00020877830302301715
6.8	0.00020699256851281218
6.8100000000000005	0.00020513846991080677
6.82	0.0002033053180427937
6.83	0.00020156796628130474
6.84	0.0001999832171857043
6.8500000000000005	0.0001985906133463547
6.86	0.00019741522037962746
6.87	0.00019647052180379735
6.88	0.00019576028900125122
6.890000000000001	0.000195278887894628
6.9	0.00019500990352951637
6.91	0.00019492334341387324
6.92	0.00019497219526626002
6.93	0.00019508985390063934
6.94	0.00019519073128738984
6.95	0.00019517663459322912
6.96	0.00019495031811026474
6.97	0.00019443447294169265
6.98	0.00019359041124538626
6.99	0.00019242875944337697
7.	0.0001910071127844761
7.01	0.00018941579177199716
7.0200000000000005	0.00018775818993889114
7.03	0.00018613314561004225
7.04	0.0001846237275613412
7.05	0.00018329284482404665
7.0600000000000005	0.00018218359282027013
7.07	0.0001813216606304336
7.08	0.00018071767545799647
7.09	0.00018036822273256384
7.1000000000000005	0.0001802550621086086
7.11	0.0001803427543787769
7.12	0.00018057567710523986
7.13	0.0001808763171070185
7.140000000000001	0.0001811475448455221
7.15	0.0001812815702070359
7.16	0.00018117647547251066
7.17	0.00018075738953441092
7.18	0.00017999525487351066
7.19	0.0001789151209467444
7.2	0.0001775899822052846
7.21	0.00017612311612084125
7.22	0.00017462666053419485
7.23	0.00017320388984042986
7.24	0.00017193877256989153
7.25	0.00017089233263293296
7.26	0.0001701031897938054
7.2700000000000005	0.0001695894463447422
7.28	0.00016934989993519492
7.29	0.00016936363908578701
7.3	0.000169588147770872
7.3100000000000005	0.00016995714137644737
7.32	0.000170380466433151
7.33	0.00017074912505239955
7.34	0.00017094793221157433
7.3500000000000005	0.0001708755810349952
7.36	0.0001704673655605502
7.37	0.00016971215152483028
7.38	0.00016865594049524603
7.390000000000001	0.00016739027678340258
7.4	0.0001660309153664672
7.41	0.0001646954753227648
7.42	0.00016348679068240612
7.43	0.00016248407919944137
7.44	0.0001617403172863805
7.45	0.00016128275627752095
7.46	0.00016111387548046712
7.47	0.00016121126718296659
7.48	0.0001615263769836779
7.49	0.00016198347594256537
7.5	0.00016248153759133957
7.51	0.00016290225888839237
7.5200000000000005	0.00016312628899214218
7.53	0.00016305614053903445
7.54	0.00016263937009163124
7.55	0.00016188282503095078
7.5600000000000005	0.0001608513325570392
7.57	0.0001596514128680425
7.58	0.00015840735964033005
7.59	0.0001572387101520361
7.6000000000000005	0.00015624475681480952
7.61	0.0001554968919484147
7.62	0.00015503637435227826
7.63	0.00015487435278205974
7.640000000000001	0.00015499190531232738
7.65	0.00015533950107084792
7.66	0.00015583709056403994
7.67	0.00015637756223242535
7.68	0.00015683684564865477
7.69	0.000157092439578922
7.7	0.00015704809813203222
7.71	0.00015665737175943857
7.72	0.00015593643752474806
7.73	0.00015496019887104295
7.74	0.00015384344557414588
7.75	0.00015271534126988718
7.76	0.00015169636086855603
7.7700000000000005	0.00015088280674282583
7.78	0.00015033909758472902
7.79	0.00015009513736778614
7.8	0.00015014576181933824
7.8100000000000005	0.00015045062697477342
7.82	0.00015093493185105888
7.83	0.00015149327918358046
7.84	0.0001519999165103564
7.8500000000000005	0.0001523274542661261
7.86	0.00015237229512071163
7.87	0.000152079770393658
7.88	0.00015145911349356077
7.890000000000001	0.0001505813616034233
7.9	0.00014956109133183458
7.91	0.00014853002038246906
7.92	0.0001476120850723234
7.930000000000001	0.0001469058646902411
7.94	0.00014647508524211615
7.95	0.00014634476050225895
7.96	0.00014650013959543199
7.97	0.00014688715645734914
7.98	0.0001474152993479495
7.99	0.00014796560306389606
8.	0.00014840658760918675
8.01	0.0001486183516614958
8.02	0.00014851998848511102
8.03	0.0001480909310349952
8.040000000000001	0.00014737699517350166
8.05	0.00014647818997665457
8.06	0.00014552378763223726
8.07	0.00014464460004807615
8.08	0.00014395063462438524
8.09	0.00014351717007865655
8.1	0.00014337799614896253
8.11	0.0001435231311522848
8.120000000000001	0.0001438994098748546
8.13	0.00014441454982205105
8.14	0.00014494714398425841
8.15	0.00014536498747937026
8.16	0.0001455511585760363
8.17	0.0001454320256842126
8.18	0.00014499722219551913
8.19	0.00014430283133497155
8.2	0.0001434561800550935
8.21	0.0001425889550775443
8.22	0.0001418288925859769
8.23	0.0001412776871074639
8.24	0.00014099750038464287
8.25	0.00014100462653797503
8.26	0.0001412680947712893
8.27	0.00014171252685603815
8.28	0.00014222670242325434
8.290000000000001	0.00014268015701205192
8.3	0.00014294823017012474
8.31	0.00014294123142127995
8.32	0.00014262845069083343
8.33	0.0001420470633512451
8.34	0.00014129173885709157
8.35	0.00014048954881455377
8.36	0.00013977022219141197
8.370000000000001	0.00013924082673913866
8.38	0.00013896901289023385
8.39	0.00013897449712827769
8.4	0.00013922694915751455
8.41	0.00013964956680034498
8.42	0.00014012954441312855
8.43	0.00014053720417246535
8.44	0.00014075318264083583
8.45	0.00014069806671042793
8.46	0.0001403544702894446
8.47	0.0001397721839772938
8.48	0.00013905391670243457
8.49	0.00013832783712184268
8.5	0.0001377174000835105
8.51	0.00013731688628954898
8.52	0.00013717598128752478
8.53	0.00013729289324432376
8.540000000000001	0.00013761475279466955
8.55	0.0001380454008209293
8.56	0.00013846188490320886
8.57	0.00013873986098397625
8.58	0.00013878393742640762
8.59	0.0001385539726601498
8.6	0.00013807690638814642
8.61	0.00013743873055783784
8.620000000000001	0.00013676008218175
8.63	0.0001361653066390843
8.64	0.00013575485029176818
8.65	0.00013558634216632228
8.66	0.0001356652364418075
8.67	0.00013594418079217278
8.68	0.00013633100733733894
8.69	0.0001367061672586206
8.700000000000001	0.00013694917033564336
8.71	0.0001369694130429444
8.72	0.0001367319901478895
8.73	0.00013626817906717842
8.74	0.00013566581662902095
8.75	0.00013504373204742322
8.76	0.0001345203853524692
8.77	0.00013418647492050543
8.78	0.0001340867496796052
8.790000000000001	0.00013421207261308022
8.8	0.00013450133705412078
8.81	0.00013485336089896907
8.82	0.00013514888737561052
8.83	0.0001352802433991106
8.84	0.00013518143555556105
8.85	0.00013484804825597335
8.86	0.0001343384445414505
8.870000000000001	0.00013375561236696738
8.88	0.00013321733451835015
8.89	0.0001328255049276
8.9	0.000132642691101444
8.91	0.0001326793223807798
8.92	0.00013289194332826286
8.93	0.00013319246489281957
8.94	0.0001334682709354269
8.950000000000001	0.00013361098859882234
8.96	0.00013354733383423264
8.97	0.00013326161013823415
8.98	0.0001328005088097359
8.99	0.0001322579671748544
9.	0.00013174656816529335
9.01	0.00013136628711340887
9.02	0.00013117961756038094
9.03	0.00013119755570437504
9.040000000000001	0.00013137756902091688
9.05	0.0001316335704751986
9.06	0.0001318572584763332
9.07	0.00013194768136870198
9.08	0.00013184146048607768
9.09	0.00013153294779935136
9.1	0.00013107577112102467
9.11	0.00013056499101138242
9.120000000000001	0.00013010744862957093
9.13	0.00012979124562246072
9.14	0.00012966291940073692
9.15	0.0001297164316933887
9.16	0.00012989505711970815
9.17	0.0001301059595432373
9.18	0.0001302456157125854
9.19	0.00013023067598808734
9.200000000000001	0.00013002464379436516
9.21	0.0001296498711293837
9.22	0.00012917954255131327
9.23	0.00012871314643678034
9.24	0.00012834540416806323
9.25	0.00012813911680042235
9.26	0.00012810862048645281
9.27	0.00012821652363404818
9.28	0.00012838404974127083
9.290000000000001	0.00012851348740076585
9.3	0.00012851805883488794
9.31	0.00012835029484547597
9.32	0.00012801811192721018
9.33	0.00012758158221566154
9.34	0.00012713180169633868
9.35	0.0001267607684593519
9.36	0.00012653318135046998
9.370000000000001	0.0001264680768989441
9.38	0.00012653399624521308
9.39	0.00012665837230229528
9.4	0.0001267494603348679
9.41	0.00012672573491345003
9.42	0.0001265435731363769
9.43	0.00012621246945664175
9.44	0.00012579109768941018
9.450000000000001	0.00012536597474429554
9.46	0.00012502179265673564
9.47	0.00012481431257840064
9.48	0.00012475371509544097
9.49	0.00012480207797395995
9.5	0.00012488536948189016
9.51	0.00012491735556103398
9.52	0.00012482892815555912
9.53	0.00012459270017668118
9.540000000000001	0.0001242327369383457
9.55	0.00012381504674543762
9.56	0.00012342312627149904
9.57	0.00012312876639235186
9.58	0.00012296850675879367
9.59	0.00012293245004466556
9.6	0.00012296797677057765
9.61	0.0001229974150610261
9.620000000000001	0.0001229449985607962
9.63	0.00012276434520600897
9.64	0.00012245568036261138
9.65	0.00012206520952152202
9.66	0.00012166695305107264
9.67	0.00012133511132171949
9.68	0.00012111789938026315
9.69	0.00012102152644066483
9.700000000000001	0.00012100867542705527
9.71	0.00012101174677842855
9.72	0.00012095717020695824
9.73	0.00012079286104579473
9.74	0.00012050817379166738
9.75	0.00012013760346085864
9.76	0.00011974655735527387
9.77	0.00011940573125118931
9.78	0.00011916480975675423
9.790000000000001	0.00011903496665844602
9.8	0.00011898547390207615
9.81	0.00011895524534426907
9.82	0.00011887580487462581
9.83	0.00011869781875641648
9.84	0.00011841062844229641
9.85	0.0001180460882226193
9.86	0.00011766496119074537
9.870000000000001	0.00011733224372725432
9.88	0.00011709200835526758
9.89	0.00011695120332001524
9.9	0.00011687764338540183
9.91	0.00011681267034565316
9.92	0.00011669427889281236
9.93	0.00011648217378703882
9.94	0.00011617424055063925
9.950000000000001	0.00011580686859852796
9.96	0.00011543905237447252
9.97	0.0001151277709139526
9.98	0.00011490525693370014
9.99	0.00011476679299994053
10.	0.0001146731136419482
10.01	0.00011456646578249291
10.02	0.0001143944892913139
10.03	0.00011413228406081133
10.040000000000001	0.00011379277986659853
10.05	0.0001134205024877137
10.06	0.00011307186941904193
10.07	0.00011279124770038117
10.08	0.00011259294382829073
10.09	0.00011245593304117197
10.1	0.00011233306734591125
10.11	0.00011217125595655331
10.120000000000001	0.0001119345056018388
10.13	0.00011161962130095077
10.14	0.00011125709913073717
10.15	0.00011089688074950176
10.16	0.00011058601070259056
10.17	0.00011034841629240642
10.18	0.00011017516872857229
10.19	0.00011002885496760291
10.200000000000001	0.00010986022660356556
10.21	0.00010963025343255818
10.22	0.00010932772755330027
10.23	0.00010897396296227124
10.24	0.00010861233495045727
10.25	0.00010828803156518356
10.26	0.00010802773978211775
10.27	0.00010782819677074248
10.28	0.00010765819283955886
10.290000000000001	0.00010747304940244892
10.3	0.00010723533407242817
10.31	0.0001069323030899574
10.32	0.00010658152661557449
10.33	0.00010622192545706638
10.34	0.00010589495776106254
10.35	0.00010562528789389645
10.36	0.00010540979639180367
10.370000000000001	0.00010521955894984493
10.38	0.00010501377908836997
10.39	0.00010475937245038553
10.4	0.00010444685582494163
10.41	0.00010409453399727834
10.42	0.00010373891300757935
10.43	0.00010341650348021249
10.44	0.00010314623691453617
10.450000000000001	0.0001029207817922947
10.46	0.00010271054047596408
10.47	0.00010247836549236923
10.48	0.00010219800070734789
10.49	0.00010186704399532722
10.5	0.00010150769576884812
10.51	0.00010115503688926653
10.52	0.00010083921123318513
10.53	0.00010057064563739723
10.540000000000001	0.00010033538222306913
10.55	0.00010010254372794132
10.56	0.00009984023297663536
10.57	0.00009953190353799942
10.58	0.00009918464479351381
10.59	0.00009882498026832986
10.6	0.00009848465545299803
10.61	0.000098184182592721
10.620000000000001	0.0000979226232256074
10.63	0.00009767854313145223
10.64	0.0000974214986317986
10.65	0.00009712816179732979
10.66	0.00009679456695269407
10.67	0.00009643781213862943
10.68	0.00009608640929772092
10.69	0.00009576482894189337
10.700000000000001	0.0000954806667254294
10.71	0.00009522103974460206
10.72	0.0000949598831784727
10.73	0.00009467223665564006
10.74	0.00009434782042420521
10.75	0.00009399636996565903
10.76	0.00009364180093296736
10.77	0.00009330872465309732
10.78	0.00009300899871815458
10.790000000000001	0.00009273559111795772
10.8	0.00009246686378013384
10.81	0.0000921788313916735
10.82	0.00009185859882445264
10.83	0.00009151135505241709
10.84	0.00009115694706656041
10.85	0.00009081822233149735
10.86	0.00009050803144659359
10.870000000000001	0.00009022222030937024
10.88	0.00008994234676342167
10.89	0.00008964646626941673
10.9	0.00008932181862643119
10.91	0.00008897203566374321
10.92	0.00008861466314656884
10.93	0.00008827065066463215
10.94	0.00008795219023353352
10.950000000000001	0.00008765596604068787
10.96	0.00008736552734559746
10.97	0.00008706126695675912
10.98	0.00008673210950816105
10.99	0.00008638192164500669
11.	0.00008602682565663327
11.01	0.00008568524042780625
11.02	0.00008536684913837696
11.03	0.00008506707674273096
11.040000000000001	0.0000847701939592437
11.05	0.00008445906441516893
11.06	0.0000841255947392406
11.07	0.00008377546176653952
11.08	0.00008342426186598436
11.09	0.00008308767322602804
11.1	0.0000827718664962222
11.11	0.00008247000091778344
11.120000000000001	0.00008216678708595884
11.13	0.00008184819272279568
11.14	0.0000815101950558427
11.15	0.00008116105522616033
11.16	0.0000808157792882877
11.17	0.00008048648581310393
11.18	0.00008017487182341336
11.19	0.00007987142658208031
11.200000000000001	0.00007956173175228861
11.21	0.00007923575170614992
11.22	0.00007889410800743545
11.23	0.00007854730545766492
11.24	0.00007820857707979959
11.25	0.00007788518987535401
11.26	0.00007757387661077993
11.27	0.00007726322756723872
11.28	0.00007694136282196147
11.290000000000001	0.00007660379039610238
11.3	0.00007625623505414444
11.31	0.00007591063536134281
11.32	0.00007557714522173944
11.33	0.00007525755651225125
11.34	0.00007494443587392443
11.35	0.0000746264059681187
11.36	0.00007429593828024731
11.370000000000001	0.00007395435735751259
11.38	0.00007361069689594378
11.39	0.00007327534082964586
11.4	0.0000729529393164929
11.41	0.00007263942897248107
11.42	0.00007232506899014688
11.43	0.0000720012980945431
11.44	0.00007166662033347846
11.450000000000001	0.00007132743822072478
11.46	0.00007099336564827315
11.47	0.00007067045218382544
11.48	0.00007035709824305122
11.49	0.00007004542225160704
11.5	0.00006972699777266221
11.51	0.000069398835030002
11.52	0.0000690653451271813
11.53	0.00006873496913802299
11.540000000000001	0.00006841402799116718
11.55	0.00006810226049658542
11.56	0.00006779317236785574
11.57	0.00006747882421652491
11.58	0.00006715552053681122
11.59	0.00006682625539897969
11.6	0.00006649821564452575
11.61	0.00006617732366328449
11.620000000000001	0.0000658639112181315
11.63	0.00006555265378110778
11.64	0.00006523670347111321
11.65	0.00006491287775316429
11.66	0.00006458401480924613
11.67	0.0000642567866201949
11.68	0.00006393671775504987
11.69	0.00006362420554649077
11.700000000000001	0.00006331447532434768
11.71	0.00006300139752148764
11.72	0.00006268220257447746
11.73	0.00006235949646443458
11.74	0.00006203911024180126
11.75	0.00006172555335054812
11.76	0.00006141862237717661
11.77	0.00006111372167628908
11.78	0.00006080554984819547
11.790000000000001	0.00006049222759397541
11.8	0.00006017664988898427
11.81	0.00005986408067902903
11.82	0.0000595579818122489
11.83	0.00005925738768800039
11.84	0.00005895782685778878
11.85	0.00005865496716282262
11.86	0.000058348034899337636
11.870000000000001	0.0000580402924986081
11.88	0.00005773627056538983
11.89	0.000057438058261826456
11.9	0.00005714363770830665
11.91	0.000056848531661814246
11.92	0.00005654935936721499
11.93	0.000056246396127523466
11.94	0.00005594310680601032
11.950000000000001	0.000055643144159859765
11.96	0.000055347352902438883
11.97	0.00005505322462520936
11.98	0.000054757168215981635
11.99	0.00005445763752825473
12.	0.0000541564879491802
12.01	0.00005385746569254898
12.02	0.000053563159808339314
12.030000000000001	0.000053272994313929086
12.040000000000001	0.00005298389773844351
12.05	0.00005269301402365569
12.06	0.00005240012534520284
12.07	0.00005210775499760048
12.08	0.00005181894004387613
12.09	0.00005153464427625979
12.1	0.00005125302255225387
12.11	0.00005097110474233597
12.120000000000001	0.00005068738791618171
12.13	0.000050403082403757454
12.14	0.000050120976680940606
12.15	0.00004984297907584045
12.16	0.000049568506472303235
12.17	0.00004929508431865332
12.18	0.000049020560015071664
12.19	0.00004874493824036572
12.200000000000001	0.000048470230097367824
12.21	0.00004819850809534499
12.22	0.00004792994400385305
12.23	0.00004766257147125415
12.24	0.000047393944507631705
12.25	0.00004712318203265678
12.26	0.000046851585749258284
12.27	0.000046581344545437286
12.280000000000001	0.0000463135649538328
12.290000000000001	0.000046047419204791256
12.3	0.00004578112356117779
12.31	0.00004551377498424933
12.32	0.00004524632017939495
12.33	0.00004498077903907473
12.34	0.000044718482170727954
12.35	0.00004445897134318625
12.36	0.000044200553903933236
12.370000000000001	0.000043941951356131506
12.38	0.00004368348739857043
12.39	0.000043426733280263774
12.4	0.000043173000074010617
12.41	0.00004292213047905678
12.42	0.00004267271127003993
12.43	0.00004242345793630615
12.44	0.000042174426372007965
12.450000000000001	0.00004192690930912752
12.46	0.00004168215878557083
12.47	0.00004144018634853309
12.48	0.00004119977319980223
12.49	0.000040959628509870036
12.5	0.00004071953674504181
12.51	0.00004048038477982617
12.52	0.000040243085191169956
12.530000000000001	0.00004000749161216208
12.540000000000001	0.000039772382904093894
12.55	0.00003953652520885152
12.56	0.00003929976886314676
12.57	0.000039063126050413985
12.58	0.000038827795467516746
12.59	0.00003859412126553036
12.6	0.000038361488767397304
12.61	0.00003812919160815917
12.620000000000001	0.00003789734297863685
12.63	0.00003766690042122969
12.64	0.00003743880408851517
12.65	0.000037213127061251465
12.66	0.00003698909731583998
12.67	0.00003676594538627826
12.68	0.000036543699325118375
12.69	0.00003632312999563505
12.700000000000001	0.000036104939667811984
12.71	0.00003588905282061063
12.72	0.000035674729932940105
12.73	0.000035461354697521935
12.74	0.00003524905667484367
12.75	0.00003503852808182517
12.76	0.00003483024782794966
12.77	0.00003462393065777976
12.780000000000001	0.00003441875438813234
12.790000000000001	0.000034214090476369636
12.8	0.000034009954395621716
12.81	0.000033806726434971375
12.82	0.00003360449207536989
12.83	0.0000334027498797377
12.84	0.000033200819840407036
12.85	0.000032998520863713175
12.86	0.000032796396891504256
12.870000000000001	0.000032595257288846426
12.88	0.000032395521037157014
12.89	0.00003219703607308655
12.9	0.00003199951082271137
12.91	0.000031803041426565744
12.92	0.0000316081485705803
12.93	0.00003141530444621643
12.94	0.00003122449309787133
12.950000000000001	0.00003103529237751412
12.96	0.00003084737646885785
12.97	0.00003066087883034456
12.98	0.00003047622758056286
12.99	0.000030293659501473
13.	0.000030112963115818965
13.01	0.000029933722775077347
13.02	0.00002975576563140572
13.030000000000001	0.000029579296031797297
13.040000000000001	0.000029404569288259523
13.05	0.000029231478581982355
13.06	0.000029059514280592278
13.07	0.00002888812548910981
13.08	0.0000287170722461205
13.09	0.000028546400378379136
13.1	0.000028376127482065703
13.11	0.000028206055842938825
13.120000000000001	0.00002803595402993667
13.13	0.000027865894268014598
13.14	0.00002769633625781648
13.15	0.00002752783549920053
13.16	0.0000273606830779334
13.17	0.00002719485420700023
13.18	0.00002703028267952757
13.19	0.000026867115287742984
13.200000000000001	0.000026705651636424304
13.21	0.000026546063282261273
13.22	0.000026388243639256836
13.23	0.00002623197030818483
13.24	0.00002607718255141108
13.25	0.000025924045224779685
13.26	0.000025772734071063202
13.27	0.000025623207825065512
13.280000000000001	0.000025475233149289638
13.290000000000001	0.000025328611301461323
13.3	0.00002518331324250699
13.31	0.000025039352300750623
13.32	0.000024896551486621103
13.33	0.000024754493479215042
13.34	0.000024612724104273013
13.35	0.000024470988012543867
13.36	0.00002432925896275734
13.370000000000001	0.00002418758835267785
13.38	0.00002404600095181468
13.39	0.0000239045708032082
13.4	0.000023763552438856233
13.41	0.000023623357314259575
13.42	0.000023484358518148902
13.43	0.0000233467283885389
13.44	0.00002321048094758314
13.450000000000001	0.000023075646747467774
13.46	0.000022942359433489565
13.47	0.00002281076120339668
13.48	0.00002268086776554933
13.49	0.00002255257596391064
13.5	0.000022425804848556142
13.51	0.000022300587898023334
13.52	0.000022176999812805832
13.530000000000001	0.000022055012725913112
13.540000000000001	0.000021934458184139325
13.55	0.00002181512484360444
13.56	0.00002169684649116045
13.57	0.00002157945978060597
13.58	0.000021462697653490234
13.59	0.000021346183953573645
13.6	0.00002122957659096455
13.61	0.000021112724381184194
13.620000000000001	0.00002099568807024609
13.63	0.000020878639208392802
13.64	0.000020761776575825872
13.65	0.00002064533650696672
13.66	0.000020529623863063155
13.67	0.000020414962233231206
13.68	0.00002030158588109798
13.69	0.00002018959295260255
13.700000000000001	0.00002007901236475163
13.71	0.000019969896446272643
13.72	0.0000198623273927682
13.73	0.00001975634680559826
13.74	0.000019651917197452434
13.75	0.000019548970993824967
13.76	0.000019447476115777167
13.77	0.000019347422636128588
13.780000000000001	0.000019248741776009834
13.790000000000001	0.00001915125666347459
13.8	0.000019054716364664065
13.81	0.000018958854906696393
13.82	0.000018863400465855
13.83	0.00001876805401501573
13.84	0.000018672520591161847
13.85	0.0000185766127632264
13.86	0.000018480339518807463
13.870000000000001	0.000018383892610086363
13.88	0.000018287551293874707
13.89	0.000018191602247490135
13.9	0.00001809632276282231
13.91	0.00001800198232876102
13.92	0.00001790880986914428
13.93	0.000017816948517816784
13.94	0.00001772645765072367
13.950000000000001	0.000017637365589090374
13.96	0.000017549709659483668
13.97	0.000017463520698101683
13.98	0.000017378786054888872
13.99	0.00001729544793591025
14.	0.00001721343367834846
14.01	0.000017132662726597224
14.02	0.0000170530072113188
14.030000000000001	0.000016974250853019855
14.040000000000001	0.000016896097340838686
14.05	0.000016818220199678818
14.06	0.00001674030968829645
14.07	0.00001666210414256165
14.08	0.000016583432284263748
14.09	0.00001650427111215005
14.1	0.00001642477353211971
14.11	0.00001634522482855814
14.120000000000001	0.000016265952960450213
14.13	0.00001618725907169715
14.14	0.00001610939853664534
14.15	0.000016032583122504325
14.16	0.000015956970654097867
14.17	0.00001588265234035325
14.18	0.000015809665656463205
14.19	0.000015738026404558648
14.200000000000001	0.000015667743779333016
14.21	0.000015598804515822748
14.22	0.00001553115251075176
14.23	0.00001546468833316361
14.24	0.000015399275485876887
14.25	0.000015334728243028393
14.26	0.00001527078934455929
14.27	0.000015207134104649601
14.280000000000001	0.000015143417898636749
14.290000000000001	0.000015079344136517678
14.3	0.00001501472111136641
14.31	0.000014949497622798916
14.32	0.000014883777746344779
14.33	0.000014817804467665398
14.34	0.000014751903559723107
14.35	0.000014686407716910089
14.36	0.000014621601271761888
14.370000000000001	0.000014557705267090905
14.38	0.000014494884843013393
14.39	0.000014433253400472454
14.4	0.000014372872836982276
14.41	0.000014313763382573685
14.42	0.00001425592025311253
14.43	0.00001419931821449298
14.44	0.000014143897675118461
14.450000000000001	0.000014089547833524333
14.46	0.000014036100419699106
14.47	0.000013983328996143215
14.48	0.00001393094768899722
14.49	0.000013878622780818923
14.5	0.000013826016586251672
14.51	0.000013772858393744326
14.52	0.000013719010020319425
14.530000000000001	0.000013664495818813198
14.540000000000001	0.000013609491290173897
14.55	0.000013554281315711686
14.56	0.000013499200953126256
14.57	0.000013444573830450866
14.58	0.000013390668164710169
14.59	0.000013337683036608037
14.6	0.000013285756782216492
14.61	0.000013234978147117227
14.620000000000001	0.000013185391581933086
14.63	0.000013137001942794654
14.64	0.000013089780748788392
14.65	0.000013043665747261878
14.66	0.000012998548738251027
14.67	0.000012954260187707932
14.68	0.000012910563047288327
14.69	0.000012867160080987451
14.700000000000001	0.000012823715687082378
14.71	0.000012779898062343714
14.72	0.000012735442816509883
14.73	0.000012690218690457445
14.74	0.000012644262722459188
14.75	0.000012597766770816838
14.76	0.000012551026396277444
14.77	0.00001250437767289813
14.780000000000001	0.000012458141586061882
14.790000000000001	0.00001241258592814088
14.8	0.000012367909386301632
14.81	0.0000123242454154699
14.82	0.000012281674481079224
14.83	0.000012240232840058018
14.84	0.000012199915231032808
14.85	0.000012160674655328968
14.86	0.000012122418921281355
14.870000000000001	0.000012085001251611226
14.88	0.00001204820893326011
14.89	0.000012011761550855586
14.9	0.000011975328844183017
14.91	0.000011938570839698959
14.92	0.000011901196187402012
14.93	0.000011863026277727606
14.94	0.000011824042045233174
14.950000000000001	0.000011784389814326359
14.96	0.000011744341556987954
14.97	0.000011704229879344237
14.98	0.000011664386003069439
14.99	0.000011625097231668656
15.	0.000011586585958762486
15.01	0.000011549006131997165
15.02	0.000011512450934954766
15.030000000000001	0.000011476963043469005
15.040000000000001	0.000011442539908012287
15.05	0.000011409132350394989
15.06	0.000011376639007356187
15.07	0.000011344898740174162
15.08	0.000011313683743753251
15.09	0.000011282701189833357
15.1	0.000011251614427835578
15.11	0.000011220088989568413
15.120000000000001	0.000011187856055970388
15.13	0.00001115477427891964
15.14	0.000011120866224922768
15.15	0.00001108631264051074
15.16	0.000011051406028413268
15.17	0.000011016484304062817
15.18	0.000010981871004655842
15.19	0.00001094783764582313
15.200000000000001	0.000010914588451300353
15.21	0.000010882259953713745
15.22	0.000010850927815358965
15.23	0.000010820614404825966
15.24	0.000010791291836254256
15.25	0.000010762878576444028
15.26	0.0000107352321101452
15.27	0.00001070814254491333
15.280000000000001	0.00001068133337824821
15.290000000000001	0.00001065447774084969
15.3	0.000010627237570040988
15.31	0.000010599323982954557
15.32	0.000010570562368858355
15.33	0.000010540936707056676
15.34	0.000010510593389076924
15.35	0.000010479803021869207
15.36	0.00001044889742848494
15.370000000000001	0.00001041820675763749
15.38	0.000010388015297467065
15.39	0.00001035854085931448
15.4	0.000010329931565250741
15.41	0.000010302270781990288
15.42	0.000010275583163893142
15.43	0.000010249837456855544
15.44	0.00001022494402151808
15.450000000000001	0.000010200748485906378
15.46	0.000010177026939460514
15.47	0.000010153490647785487
15.48	0.000010129808528007248
15.49	0.000010105652180239295
15.5	0.000010080758599773178
15.51	0.000010054992054993068
15.52	0.000010028379523795323
15.530000000000001	0.00001000110300972315
15.540000000000001	9.973452773980686e-6
15.55	9.945762650863398e-6
15.56	9.918351368542837e-6
15.57	9.891484304888677e-6
15.58	9.86535735508898e-6
15.59	9.840095880414e-6
15.6	9.81575955163518e-6
15.610000000000001	9.792346401013976e-6
15.620000000000001	9.769792956867852e-6
15.63	9.74797037625276e-6
15.64	9.726679850724609e-6
15.65	9.705654309440113e-6
15.66	9.68457540455775e-6
15.67	9.663112244316991e-6
15.68	9.6409799158974e-6
15.69	9.618003216190111e-6
15.700000000000001	9.594161507185482e-6
15.71	9.569594103040356e-6
15.72	9.54456348643977e-6
15.73	9.519393619626476e-6
15.74	9.494408110634604e-6
15.75	9.469885776836228e-6
15.76	9.446038251419719e-6
15.77	9.423004573205617e-6
15.780000000000001	9.400854039633669e-6
15.790000000000001	9.379589780105773e-6
15.8	9.359149085684293e-6
15.81	9.339400425763653e-6
15.82	9.32014066412901e-6
15.83	9.301099372947418e-6
15.84	9.281958968435452e-6
15.85	9.26239653640311e-6
15.860000000000001	9.24214381431699e-6
15.870000000000001	9.221048921956747e-6
15.88	9.199115712054507e-6
15.89	9.17650258757559e-6
15.9	9.153481224689241e-6
15.91	9.130374066911912e-6
15.92	9.107494777791032e-6
15.93	9.085107277743092e-6
15.94	9.063406031721469e-6
15.950000000000001	9.04251154105439e-6
15.96	9.022472548787655e-6
15.97	9.003268261487507e-6
15.98	8.984807634997285e-6
15.99	8.96692701164113e-6
16.	8.949391303601587e-6
16.01	8.931906679285954e-6
16.02	8.914152395079552e-6
16.03	8.895833301490463e-6
16.04	8.876742668931801e-6
16.05	8.856813676280407e-6
16.06	8.836137182044126e-6
16.07	8.814937275818534e-6
16.080000000000002	8.793516098892444e-6
16.09	8.772191189121113e-6
16.1	8.751245601812884e-6
16.11	8.730899006088709e-6
16.12	8.711296799804277e-6
16.13	8.692509279253013e-6
16.14	8.674533390261687e-6
16.15	8.657292900641682e-6
16.16	8.640637136212213e-6
16.17	8.624342728385417e-6
16.18	8.608125967908774e-6
16.19	8.59167335333451e-6
16.2	8.574692359310181e-6
16.21	8.556973165916062e-6
16.22	8.538440686693273e-6
16.23	8.51917454178648e-6
16.240000000000002	8.499387463304725e-6
16.25	8.479372315516651e-6
16.26	8.4594401998036e-6
16.27	8.439869955011834e-6
16.28	8.420877876137082e-6
16.29	8.402605318538268e-6
16.3	8.385116561754808e-6
16.31	8.368399690882564e-6
16.32	8.352366715403804e-6
16.330000000000002	8.336853619013846e-6
16.34	8.32162534213504e-6
16.35	8.306393390334119e-6
16.36	8.290852475172935e-6
16.37	8.274735283754368e-6
16.38	8.25787257970324e-6
16.39	8.24023660776045e-6
16.4	8.22194839577654e-6
16.41	8.203245409508332e-6
16.42	8.184424468498505e-6
16.43	8.165782679343901e-6
16.44	8.147573282392828e-6
16.45	8.1299812835328e-6
16.46	8.11311439243902e-6
16.47	8.097001614992703e-6
16.48	8.08159361391594e-6
16.490000000000002	8.06676310057456e-6
16.5	8.052308155293622e-6
16.51	8.037965030373877e-6
16.52	8.023437609781476e-6
16.53	8.008445851741626e-6
16.54	7.992785022962728e-6
16.55	7.976376524797006e-6
16.56	7.959288856842706e-6
16.57	7.941718802843614e-6
16.580000000000002	7.92394164719031e-6
16.59	7.906251543908916e-6
16.6	7.888911703068675e-6
16.61	7.872123321775525e-6
16.62	7.856011496293295e-6
16.63	7.840621230755673e-6
16.64	7.825917158028237e-6
16.65	7.811784329621098e-6
16.66	7.798032146908877e-6
16.67	7.784407381077279e-6
16.68	7.770623132185794e-6
16.69	7.756406131689255e-6
16.7	7.741554706581052e-6
16.71	7.72598892058328e-6
16.72	7.709771916177112e-6
16.73	7.693092423272354e-6
16.740000000000002	7.676216596123204e-6
16.75	7.65942959232556e-6
16.76	7.64298620374663e-6
16.77	7.627079519251013e-6
16.78	7.611826150648148e-6
16.79	7.597261545207913e-6
16.8	7.5833394941928425e-6
16.81	7.569933775127795e-6
16.82	7.556844553764094e-6
16.830000000000002	7.543815612444596e-6
16.84	7.53056827343117e-6
16.85	7.516851979113733e-6
16.86	7.502500820535456e-6
16.87	7.487476217576733e-6
16.88	7.4718771505498674e-6
16.89	7.455913066079262e-6
16.9	7.439851870428763e-6
16.91	7.423963827522503e-6
16.92	7.4084777509313825e-6
16.93	7.393554999879614e-6
16.94	7.379277952003532e-6
16.95	7.365646633917348e-6
16.96	7.3525791437350696e-6
16.97	7.339915845754142e-6
16.98	7.327431609838704e-6
16.990000000000002	7.314862178697362e-6
17.	7.301947621404549e-6
17.01	7.288487065209068e-6
17.02	7.2743884367023124e-6
17.03	7.259693120925384e-6
17.04	7.244564142992221e-6
17.05	7.229243353540801e-6
17.06	7.213995957409708e-6
17.07	7.1990613196314455e-6
17.080000000000002	7.184619974251827e-6
17.09	7.170776671077715e-6
17.1	7.1575540811069e-6
17.11	7.1448921491741425e-6
17.12	7.132651807832681e-6
17.13	7.120626147480253e-6
17.14	7.108564557996299e-6
17.150000000000002	7.096213256447795e-6
17.16	7.0833678861908336e-6
17.17	7.069923632160414e-6
17.18	7.055903296487644e-6
17.19	7.0414505597743645e-6
17.2	7.026791515819073e-6
17.21	7.012181170233829e-6
17.22	6.997853824256025e-6
17.23	6.983988367505361e-6
17.240000000000002	6.970689508882766e-6
17.25	6.957980297492344e-6
17.26	6.945801202865287e-6
17.27	6.934014504747331e-6
17.28	6.922416945533939e-6
17.29	6.91076569056071e-6
17.3	6.898820047019647e-6
17.31	6.886393389683835e-6
17.32	6.873400063211683e-6
17.330000000000002	6.859878516206222e-6
17.34	6.845980076857517e-6
17.35	6.8319285403976925e-6
17.36	6.817967716703884e-6
17.37	6.804314621729178e-6
17.38	6.7911276319537405e-6
17.39	6.778489664275895e-6
17.400000000000002	6.766401873321137e-6
17.41	6.7547840732540585e-6
17.42	6.743481783011141e-6
17.43	6.732283456030363e-6
17.44	6.7209521250693555e-6
17.45	6.709271177875619e-6
17.46	6.697094996912107e-6
17.47	6.6843872810232865e-6
17.48	6.67123071848806e-6
17.490000000000002	6.65780348565842e-6
17.5	6.644333170840344e-6
17.51	6.631046271129076e-6
17.52	6.618127786980108e-6
17.53	6.605696169856486e-6
17.54	6.593791482456434e-6
17.55	6.582372530024456e-6
17.56	6.571320984356448e-6
17.57	6.560454309028981e-6
17.580000000000002	6.549551439988309e-6
17.59	6.538392934301297e-6
17.6	6.526809961182377e-6
17.61	6.514727708195429e-6
17.62	6.5021858956696926e-6
17.63	6.4893270536686856e-6
17.64	6.4763579080436024e-6
17.650000000000002	6.463500017979923e-6
17.66	6.45094593058898e-6
17.67	6.43882928306418e-6
17.68	6.427208985867873e-6
17.69	6.41606386758036e-6
17.7	6.405295246585524e-6
17.71	6.394738305485432e-6
17.72	6.384185612452563e-6
17.73	6.373424711546941e-6
17.740000000000002	6.362285260919139e-6
17.75	6.350682644960589e-6
17.76	6.3386412111779644e-6
17.77	6.326286723601065e-6
17.78	6.313811478441193e-6
17.79	6.301426869010049e-6
17.8	6.289319586534785e-6
17.81	6.277620713211894e-6
17.82	6.2663887920582215e-6
17.830000000000002	6.255603866347096e-6
17.84	6.2451701666291044e-6
17.85	6.234928201814695e-6
17.86	6.224679150162658e-6
17.87	6.214222705382048e-6
17.88	6.203403035473389e-6
17.89	6.1921495166495794e-6
17.900000000000002	6.180496220920291e-6
17.91	6.168571400113044e-6
17.92	6.156561761585764e-6
17.93	6.144666405657411e-6
17.94	6.133055566450025e-6
17.95	6.1218422094862804e-6
17.96	6.111067036231085e-6
17.97	6.100694182171721e-6
17.98	6.090616021859636e-6
17.990000000000002	6.080668345217284e-6
18.	6.070658338796855e-6
18.01	6.060404706719951e-6
18.02	6.049782092313853e-6
18.03	6.038755236501161e-6
18.04	6.027388691572178e-6
18.05	6.01582766099854e-6
18.06	6.004258518992514e-6
18.07	5.992864450442181e-6
18.080000000000002	5.9817890538212205e-6
18.09	5.971113192185219e-6
18.1	5.960844355319907e-6
18.11	5.950916282773163e-6
18.12	5.941198484678993e-6
18.13	5.931517454942749e-6
18.14	5.921690585954346e-6
18.150000000000002	5.911568596219459e-6
18.16	5.901074968335637e-6
18.17	5.8902274727725225e-6
18.18	5.8791322993938455e-6
18.19	5.867953463008022e-6
18.2	5.856870368076052e-6
18.21	5.84603801253004e-6
18.22	5.8355585089978475e-6
18.23	5.825465624469772e-6
18.240000000000002	5.815720618660098e-6
18.25	5.806218268604536e-6
18.26	5.796804073507274e-6
18.27	5.7873038934773455e-6
18.28	5.777563486211296e-6
18.29	5.767488591151077e-6
18.3	5.757071408148326e-6
18.31	5.746392190117066e-6
18.32	5.735595257657058e-6
18.330000000000002	5.724849843455559e-6
18.34	5.714310081062865e-6
18.35	5.7040843238075664e-6
18.36	5.69421713761259e-6
18.37	5.684683067282667e-6
18.38	5.675391025942242e-6
18.39	5.666199875927344e-6
18.400000000000002	5.656946186571381e-6
18.41	5.647481882883649e-6
18.42	5.637713158884418e-6
18.43	5.627627186373534e-6
18.44	5.617295360303855e-6
18.45	5.606851636471211e-6
18.46	5.596455396698069e-6
18.47	5.586252621819327e-6
18.48	5.5763456436377124e-6
18.490000000000002	5.566775248361718e-6
18.5	5.557514648981386e-6
18.51	5.548474370099299e-6
18.52	5.539518478249865e-6
18.53	5.530492641403716e-6
18.54	5.521261014236352e-6
18.55	5.511742868282188e-6
18.56	5.501935898384997e-6
18.57	5.4919162725814445e-6
18.580000000000002	5.481815424822486e-6
18.59	5.471783543612807e-6
18.6	5.461952893242896e-6
18.61	5.452410157759789e-6
18.62	5.443180924677021e-6
18.63	5.434225869625098e-6
18.64	5.425448057198491e-6
18.650000000000002	5.416711810252314e-6
18.66	5.4078727488840646e-6
18.67	5.398814336445312e-6
18.68	5.3894805614957895e-6
18.69	5.379892299623992e-6
18.7	5.370140224035757e-6
18.71	5.360357471930839e-6
18.72	5.350683331309946e-6
18.73	5.341229982780031e-6
18.740000000000002	5.332059444404143e-6
18.75	5.323172541829572e-6
18.76	5.3145093962162885e-6
18.77	5.305961259926884e-6
18.78	5.297393840830708e-6
18.79	5.28867993525607e-6
18.8	5.279734099707021e-6
18.81	5.2705377324750684e-6
18.82	5.2611442295729345e-6
18.830000000000002	5.251661953896948e-6
18.84	5.242222473107763e-6
18.85	5.232946094977079e-6
18.86	5.223914383294241e-6
18.87	5.215153941063268e-6
18.88	5.206631917943005e-6
18.89	5.19826287381523e-6
18.900000000000002	5.189927034495779e-6
18.91	5.181498798679969e-6
18.92	5.172880297999192e-6
18.93	5.164029932938364e-6
18.94	5.15497476751251e-6
18.95	5.1458013686039385e-6
18.96	5.136629198030994e-6
18.97	5.127577303152223e-6
18.98	5.118734981734897e-6
18.990000000000002	5.110142478973751e-6
19.	5.1017833130628794e-6
19.01	5.093588066801827e-6
19.02	5.085449534086888e-6
19.03	5.077248342210323e-6
19.04	5.068884808621294e-6
19.05	5.0603080522685345e-6
19.06	5.051531425285805e-6
19.07	5.042627625230959e-6
19.080000000000002	5.033705724642078e-6
19.09	5.024879666943824e-6
19.1	5.016238950496375e-6
19.11	5.0078283436290615e-6
19.12	4.999638942039243e-6
19.13	4.9916106586895485e-6
19.14	4.983645939678321e-6
19.150000000000002	4.975633734733017e-6
19.16	4.967479685860393e-6
19.17	4.959134071716229e-6
19.18	4.950607086179636e-6
19.19	4.941964911586198e-6
19.2	4.933308402560754e-6
19.21	4.924743291105991e-6
19.22	4.916352191183351e-6
19.23	4.908175169423999e-6
19.240000000000002	4.900201363385878e-6
19.25	4.892371903519193e-6
19.26	4.884593878055964e-6
19.27	4.876764027287021e-6
19.28	4.868797689499009e-6
19.29	4.8606544355702945e-6
19.3	4.852350581192151e-6
19.31	4.843953175873189e-6
19.32	4.835558199372633e-6
19.330000000000002	4.82726194122288e-6
19.34	4.819135181578344e-6
19.35	4.811206204843152e-6
19.36	4.803454779179799e-6
19.37	4.795817300381892e-6
19.38	4.788202611371689e-6
19.39	4.780516443327496e-6
19.400000000000002	4.772688995444028e-6
19.41	4.764696722760945e-6
19.42	4.75656961745249e-6
19.43	4.748380819793425e-6
19.44	4.740223169735499e-6
19.45	4.732181955423511e-6
19.46	4.724312366976332e-6
19.47	4.716626370379516e-6
19.48	4.70909044691938e-6
19.490000000000002	4.701634196426638e-6
19.5	4.694168869063168e-6
19.51	4.686612609603514e-6
19.52	4.678915580050114e-6
19.53	4.671075896836193e-6
19.54	4.663139683784322e-6
19.55	4.655185294599561e-6
19.56	4.647298493283101e-6
19.57	4.639547703784443e-6
19.580000000000002	4.631966158039153e-6
19.59	4.6245440726015485e-6
19.6	4.617231558006639e-6
19.61	4.609951833532865e-6
19.62	4.602622762851022e-6
19.63	4.595181690633428e-6
19.64	4.5876054762093195e-6
19.650000000000002	4.579917716634752e-6
19.66	4.572180042968487e-6
19.67	4.564471420629582e-6
19.68	4.55686377985018e-6
19.69	4.5494018577554885e-6
19.7	4.542091815679767e-6
19.71	4.534900162044961e-6
19.72	4.527762919435145e-6
19.73	4.520603677933337e-6
19.740000000000002	4.513356720298357e-6
19.75	4.505988246499792e-6
19.76	4.498507586445875e-6
19.77	4.490963570107003e-6
19.78	4.483427733983832e-6
19.79	4.475971420710549e-6
19.8	4.4686448478178845e-6
19.81	4.461463651391979e-6
19.82	4.454405236547959e-6
19.830000000000002	4.447415273390031e-6
19.84	4.440423296909832e-6
19.85	4.4333641814983274e-6
19.86	4.426199250781913e-6
19.87	4.418929187919546e-6
19.88	4.411593272410211e-6
19.89	4.404255370273232e-6
19.900000000000002	4.396982726959151e-6
19.91	4.389825409343223e-6
19.92	4.38280226117959e-6
19.93	4.3758961448979645e-6
19.94	4.3690590518085785e-6
19.95	4.362226164195427e-6
19.96	4.3553358690805215e-6
19.97	4.348349895520499e-6
19.98	4.341266136734142e-6
19.990000000000002	4.334118752880063e-6
20.	4.326965624242346e-6