0.	0.
0.01	0.000011643587275000716
0.02	0.000023293051751776427
0.03	0.000034954278995348225
0.04	0.00004663317132199238
0.05	0.000058335656236904894
0.06	0.00007006769494667252
0.07	0.00008183529097209491
0.08	0.0000936444988874278
0.09	0.0001055014332127871
0.1	0.00011741227748726441
0.11	0.00012938329355127257
0.12	0.00014142083106776534
0.13	0.00015353133731327038
0.14	0.00016572136727115573
0.15	0.00017799759406122165
0.16	0.00019036681974159004
0.17	0.0002028359865209746
0.18	0.00021541218842176862
0.19	0.00022810268343700444
0.2	0.00024091490622715745
0.21	0.0002538564814059946
0.22	0.00026693523746825653
0.23	0.0002801592214159261
0.24	0.00029353671414424087
0.25	0.00030707624665347156
0.26	0.00032078661715788257
0.27	0.000334676909169265
0.28	0.00034875651063905484
0.29	0.00036303513425038896
0.3	0.0003775228389595993
0.31	0.0003922300528956981
0.32	0.0004071675977364631
0.33	0.00042234671469092855
0.34	0.0004377790922305522
0.35000000000000003	0.00045347689572524915
0.36	0.0004694527991559966
0.37	0.0004857200190931024
0.38	0.0005022923511486568
0.39	0.0005191842091335101
0.4	0.0005364106671736031
0.41000000000000003	0.0005539875050680274
0.42	0.0005719312572022416
0.43	0.0005902592653648941
0.44	0.000608989735856333
0.45	0.0006281418013217346
0.46	0.0006477355877927438
0.47000000000000003	0.0006677922874793868
0.48	0.000688334237920063
0.49	0.0007093850081727279
0.5	0.0007309694928166663
0.51	0.0007531140146331436
0.52	0.0007758464369469744
0.53	0.0007991962867421233
0.54	0.0008231948898159093
0.55	0.0008478755194118532
0.56	0.0008732735599750127
0.5700000000000001	0.0008994266879110816
0.58	0.0009263750715079295
0.59	0.0009541615925032699
0.6	0.0009828320921642934
0.61	0.0010124356451957281
0.62	0.001043024865326087
0.63	0.0010746562470552404
0.64	0.0011073905488013082
0.65	0.0011412932235882584
0.66	0.0011764349045007096
0.67	0.001212891953441587
0.68	0.0012507470833144304
0.6900000000000001	0.0012900900656826902
0.7000000000000001	0.0013310185383193084
0.71	0.001373638929961483
0.72	0.00141806752317027
0.73	0.001464431680647502
0.74	0.001512871265925434
0.75	0.0015635402963358666
0.76	0.0016166088750078043
0.77	0.0016722654599000155
0.78	0.0017307195423071178
0.79	0.0017922048259165818
0.8	0.0018569830217523636
0.81	0.0019253484061719003
0.8200000000000001	0.001997633331212534
0.8300000000000001	0.0020742149328543008
0.84	0.002155523358654377
0.85	0.0022420519396072094
0.86	0.0023343698735044964
0.87	0.0024331381855133703
0.88	0.0025391300116093863
0.89	0.00265325665052834
0.9	0.0027766014095698265
0.91	0.0029104641220815504
0.92	0.0030564204880825373
0.93	0.0032164023244241496
0.9400000000000001	0.003392807803264573
0.9500000000000001	0.0035886554732254077
0.96	0.0038078034371925294
0.97	0.004055267496776435
0.98	0.0043376929092022514
0.99	0.004664070034084407
1.	0.005046846215745799
1.01	0.005503695783652871
1.02	0.006060403406782267
1.03	0.006755646848369744
1.04	0.007648965357270311
1.05	0.008833612108413809
1.06	0.010454414029080244
1.07	0.012717846240322676
1.08	0.015822599648565246
1.09	0.01958390481633918
1.1	0.022675233189736233
1.11	0.023256956270987207
1.12	0.021834733485910814
1.1300000000000001	0.02053779315815713
1.1400000000000001	0.02053693733597482
1.1500000000000001	0.02216473098479207
1.16	0.025629773280221993
1.17	0.031049601149530284
1.18	0.03754427821518163
1.19	0.04197767438744053
1.2	0.04162475169590031
1.21	0.03882796881916108
1.22	0.037435708894835586
1.23	0.03916837110844227
1.24	0.0444101239383539
1.25	0.05238984548217108
1.26	0.05954673286930764
1.27	0.06099351367269413
1.28	0.057902153180204224
1.29	0.05598364778369757
1.3	0.058546755482815904
1.31	0.0658749419436856
1.32	0.07497061212465028
1.33	0.0794308459369414
1.34	0.07724878626281087
1.35	0.07468745830408038
1.36	0.07719640144931365
1.37	0.08526258910753046
1.3800000000000001	0.0940480047648278
1.3900000000000001	0.0963722484171212
1.4000000000000001	0.09341505493483368
1.41	0.09315425102039826
1.42	0.09934521145145231
1.43	0.10839743283754306
1.44	0.11217537778457494
1.45	0.1098254671158637
1.46	0.1096095623652624
1.47	0.11589497711934146
1.48	0.1239814523283469
1.49	0.12585702822848252
1.5	0.12365396357530871
1.51	0.12584607475742188
1.52	0.13326771448614932
1.53	0.1380230622232637
1.54	0.13669548609929494
1.55	0.13691014537201773
1.56	0.14275906639095357
1.57	0.14785400440640453
1.58	0.1471491288880988
1.59	0.1470731593052143
1.6	0.15207225328703836
1.61	0.15606507980485865
1.62	0.1550833893102655
1.6300000000000001	0.15570063921078803
1.6400000000000001	0.1602679396844664
1.6500000000000001	0.1621611444873908
1.6600000000000001	0.16090270919613486
1.67	0.16287649372817264
1.68	0.16618252516644808
1.69	0.1656444351822398
1.7	0.1654125577796002
1.71	0.16811484717659816
1.72	0.1685568270900825
1.73	0.16737569920838094
1.74	0.1688748390248448
1.75	0.16958096454601465
1.76	0.1681095957570028
1.77	0.168623311986668
1.78	0.16901177537721485
1.79	0.16737049162761697
1.8	0.16724698550487999
1.81	0.1670303740851142
1.82	0.16518550591847192
1.83	0.1646564575887805
1.84	0.16370545862372538
1.85	0.1616887420724217
1.86	0.1608188713847908
1.87	0.15910029098031336
1.8800000000000001	0.1570448174685371
1.8900000000000001	0.15571782975099885
1.9000000000000001	0.1533647354616316
1.9100000000000001	0.15137351366652074
1.92	0.1493795308771743
1.93	0.14674951078618986
1.94	0.14467106438555993
1.95	0.1420052882958207
1.96	0.1394444937909613
1.97	0.13691148829804023
1.98	0.13398888081996
1.99	0.13138591804999628
2.	0.12836863415405914
2.0100000000000002	0.12553982879684866
2.02	0.12254577200367396
2.0300000000000002	0.11950494104870417
2.04	0.11651854523202038
2.05	0.11335690091232081
2.06	0.11033720795637093
2.07	0.10713487356358212
2.08	0.10406958481313569
2.09	0.10087258753133402
2.1	0.09777796110169565
2.11	0.09460963960461086
2.12	0.09151450864883558
2.13	0.08838981060938599
2.14	0.0853239994057351
2.15	0.08225679689772135
2.16	0.07924647075744888
2.17	0.07625142508173528
2.18	0.07331824724746834
2.19	0.07041046178304353
2.2	0.06757193529369965
2.21	0.06476621755698264
2.22	0.06203614043203674
2.23	0.05934636908937964
2.24	0.05673530949513337
2.25	0.054173759352978905
2.2600000000000002	0.05168979910028944
2.27	0.049266198137376385
2.2800000000000002	0.04691602172241755
2.29	0.04463651168411253
2.3000000000000003	0.04242634171177761
2.31	0.04029314608720782
2.32	0.038228539761266216
2.33	0.036241209239822256
2.34	0.03432533652722698
2.35	0.03248305751449598
2.36	0.03071502904325354
2.37	0.02901758102346058
2.38	0.027393324666651068
2.39	0.025839183338010604
2.4	0.02435434648265381
2.41	0.022938734390877867
2.42	0.021589433606976054
2.43	0.02030585131927148
2.44	0.0190864800637857
2.45	0.017928910920068555
2.46	0.01683197978092626
2.47	0.015793749263733076
2.48	0.014811974623641373
2.49	0.013885025635455862
2.5	0.013010884924827954
2.5100000000000002	0.01218734268042867
2.52	0.011412507102589543
2.5300000000000002	0.010684382182918735
2.54	0.010000824139612657
2.5500000000000003	0.009359836873553275
2.56	0.008759475127456827
2.57	0.008197726047613936
2.58	0.007672621792972051
2.59	0.0071822850182990524
2.6	0.006724863509140033
2.61	0.006298526086075289
2.62	0.005901506966708148
2.63	0.005532110341038436
2.64	0.005188691085545525
2.65	0.004869655832548668
2.66	0.004573476299496707
2.67	0.004298692603230844
2.68	0.004043908407120923
2.69	0.003807788938280924
2.7	0.0035890631571242875
2.71	0.0033865252669645334
2.72	0.003199033650869306
2.73	0.003025508827568548
2.74	0.0028649319008084576
2.75	0.0027163434402581467
2.7600000000000002	0.0025788421599382315
2.77	0.002451583139483963
2.7800000000000002	0.002333775745158071
2.79	0.0022246814657718842
2.8000000000000003	0.0021236117478507246
2.81	0.0020299258152261294
2.82	0.0019430284463756383
2.83	0.0018623677109795953
2.84	0.0017874326889067696
2.85	0.0017177511984484018
2.86	0.001652887554329216
2.87	0.0015924403690829529
2.88	0.001536040407318586
2.89	0.0014833485007162673
2.9	0.001434053530812582
2.91	0.0013878704858361934
2.92	0.0013445385968048364
2.93	0.0013038195568954403
2.94	0.0012654958269036468
2.95	0.001229369028509648
2.96	0.0011952584260940932
2.97	0.0011629994969992246
2.98	0.0011324425893943911
2.99	0.001103451666269387
3.	0.0010759031335362866
3.0100000000000002	0.0010496847497630628
3.02	0.0010246946146858138
3.0300000000000002	0.0010008402333446333
3.04	0.0009780376524559677
3.0500000000000003	0.000956210665465463
3.06	0.0009352900826139824
3.0700000000000003	0.0009152130622892889
3.08	0.0008959224999212042
3.09	0.0008773664707027137
3.1	0.0008594977224782834
3.11	0.0008422732152279376
3.12	0.0008256537036869448
3.13	0.0008096033597714004
3.14	0.00079408943162553
3.15	0.0007790819362636054
3.16	0.0007645533829442057
3.17	0.0007504785245845294
3.18	0.0007368341346947229
3.19	0.000723598807484754
3.2	0.0007107527789673297
3.21	0.0006982777670485765
3.22	0.0006861568287624429
3.23	0.0006743742329645409
3.24	0.0006629153469557886
3.25	0.0006517665356559394
3.2600000000000002	0.0006409150720924419
3.27	0.0006303490581124476
3.2800000000000002	0.0006200573543670817
3.29	0.00061002951876018
3.3000000000000003	0.0006002557527025648
3.31	0.000590726854673902
3.3200000000000003	0.000581434180776435
3.33	0.000572369612182307
3.34	0.0005635255296492354
3.35	0.0005548947956395971
3.36	0.0005464707450748962
3.37	0.0005382471864693943
3.38	0.0005302184162395694
3.39	0.0005223792505872346
3.4	0.0005147250818506792
3.41	0.0005072519702019194
3.42	0.0004999567880682201
3.43	0.0004928374454944781
3.44	0.0004858932431193578
3.45	0.00047912543148246115
3.46	0.000472538111892182
3.47	0.00046613971443277283
3.48	0.00045994546444408417
3.49	0.0004539815363633767
3.5	0.0004482919545013781
3.5100000000000002	0.00044294917470518905
3.52	0.0004380655179443936
3.5300000000000002	0.0004337816493789259
3.54	0.0004301325806652689
3.5500000000000003	0.00042660588784501424
3.56	0.0004218583539650761
3.5700000000000003	0.00041523684160850097
3.58	0.00040789373734174543
3.59	0.0004009401765541698
3.6	0.0003946295988211157
3.61	0.0003888569371764584
3.62	0.00038348334426146813
3.63	0.00037840930273831577
3.64	0.0003735730031116919
3.65	0.0003689387689423359
3.66	0.0003644885670431797
3.67	0.0003602174387539378
3.68	0.0003561320139630673
3.69	0.00035225166577259535
3.7	0.0003486125915492782
3.71	0.0003452759863287643
3.72	0.0003423425436471548
3.73	0.0003399761536883323
3.74	0.0003384354840608167
3.75	0.00033808218985492493
3.7600000000000002	0.0003392057207218063
3.77	0.00034121098709539695
3.7800000000000002	0.0003412773093120581
3.79	0.00033625610019266244
3.8000000000000003	0.00032764722496962906
3.81	0.00031902049815413864
3.8200000000000003	0.0003118185845420409
3.83	0.00030598108731913845
3.84	0.00030114140096982553
3.85	0.0002970053980782986
3.86	0.00029338994684712926
3.87	0.00029019645447195226
3.88	0.00028738743414748923
3.89	0.0002849757974620484
3.9	0.00028302672324012943
3.91	0.0002816729269758579
3.92	0.0002811465966815741
3.93	0.0002818293052084748
3.94	0.00028429264480406584
3.95	0.0002891595324280302
3.96	0.00029617815783602634
3.97	0.00030188452716810814
3.98	0.0002999681742554393
3.99	0.0002899517483708394
4.	0.00027803608956410354
4.01	0.00026814345817838947
4.0200000000000005	0.00026074863449289924
4.03	0.0002552776419180167
4.04	0.0002511742905604369
4.05	0.00024808656592369187
4.0600000000000005	0.00024584093271036043
4.07	0.0002444057112727981
4.08	0.00024388180808130282
4.09	0.0002445265399965082
4.1	0.00024681101429881473
4.11	0.0002514847512577195
4.12	0.00025947065334759947
4.13	0.00027088460449916724
4.14	0.00028200051059691536
4.15	0.00028386096513200636
4.16	0.000273017890971245
4.17	0.00025750148958106697
4.18	0.0002442529867991337
4.19	0.00023470605550312206
4.2	0.00022817529814316774
4.21	0.00022384385479643824
4.22	0.00022119666995207353
4.23	0.00022002257691520775
4.24	0.00022037979006216032
4.25	0.000222609123136549
4.26	0.00022739826512624842
4.2700000000000005	0.00023581663264431345
4.28	0.0002489030085432874
4.29	0.00026548439768313774
4.3	0.0002776812308512732
4.3100000000000005	0.0002742513976102706
4.32	0.00025738212112330486
4.33	0.00023891507031011095
4.34	0.00022478922783073025
4.3500000000000005	0.00021531998465125577
4.36	0.0002094500910955076
4.37	0.00020633311229162655
4.38	0.00020558648387803219
4.39	0.000207280921812691
4.4	0.00021195706512527906
4.41	0.0002206728529577189
4.42	0.00023478900796354216
4.43	0.0002543442549575263
4.44	0.00027320961506787874
4.45	0.0002772827418543645
4.46	0.00026177992524665616
4.47	0.00023955251284768343
4.48	0.00022120840672019515
4.49	0.00020887032838825086
4.5	0.000201542818943204
4.51	0.00019814129157216546
4.5200000000000005	0.00019817645156697722
4.53	0.00020182324155195656
4.54	0.0002099401809153501
4.55	0.00022396299813033052
4.5600000000000005	0.0002447966389321246
4.57	0.0002685181274275193
4.58	0.0002809710582846513
4.59	0.0002700819695374052
4.6000000000000005	0.0002457271789774601
4.61	0.00022317268622867298
4.62	0.00020757876851487894
4.63	0.00019847380685617704
4.64	0.00019461144311264578
4.65	0.00019539797028736406
4.66	0.00020111825862842138
4.67	0.00021291688104669982
4.68	0.00023227639142551527
4.69	0.0002582605116769669
4.7	0.00028074594767657805
4.71	0.00028159108257550344
4.72	0.0002596230189640641
4.73	0.00023275885075315237
4.74	0.0002123357796633126
4.75	0.00019994854699701306
4.76	0.00019439821974294352
4.7700000000000005	0.00019484084673844954
4.78	0.0002014659975495035
4.79	0.0002154667825354529
4.8	0.00023810378637904132
4.8100000000000005	0.00026664824202623035
4.82	0.00028692134857882665
4.83	0.0002809271838998873
4.84	0.0002544444647919246
4.8500000000000005	0.00022712398641726978
4.86	0.00020806777292913314
4.87	0.00019780282520079606
4.88	0.00019517271637695797
4.89	0.0001998259446622521
4.9	0.0002126009414536873
4.91	0.00023476560942673968
4.92	0.00026432215019836546
4.93	0.00028807467547476036
4.94	0.00028585720639677276
4.95	0.00025982127989876327
4.96	0.00023079427614216722
4.97	0.00021022295602422868
4.98	0.00019946967005433382
4.99	0.00019754298880290204
5.	0.00020423153689237429
5.01	0.0002204872334569928
5.0200000000000005	0.0002467917442569989
5.03	0.00027717432758376154
5.04	0.00029247694171338626
5.05	0.00027793503449100395
5.0600000000000005	0.00024764419033363106
5.07	0.00022124571222517281
5.08	0.00020528032353899034
5.09	0.000199635337032861
5.1000000000000005	0.00020373156995323358
5.11	0.00021812091730171848
5.12	0.0002432971659759647
5.13	0.000274157221852265
5.14	0.00029231429722181965
5.15	0.00028052449458276226
5.16	0.0002505227007694069
5.17	0.0002233175311359974
5.18	0.00020693879263475684
5.19	0.00020177917987016593
5.2	0.00020743233881322502
5.21	0.00022441372061612598
5.22	0.00025207072912276994
5.23	0.0002812732222795918
5.24	0.0002903790873391188
5.25	0.0002701233965484446
5.26	0.00023951439387177395
5.2700000000000005	0.0002161579048602475
5.28	0.0002047071867182397
5.29	0.00020505963865078197
5.3	0.0002172649803113654
5.3100000000000005	0.0002412445428417117
5.32	0.0002711835870007146
5.33	0.00028806525399062893
5.34	0.00027533875000335074
5.3500000000000005	0.00024578161120050274
5.36	0.00022022911828845635
5.37	0.00020651849973441085
5.38	0.00020533996867857257
5.39	0.0002166534669237423
5.4	0.00024001672224089856
5.41	0.0002688978435543936
5.42	0.00028381286417274035
5.43	0.0002697241375084218
5.44	0.00024072908208577805
5.45	0.00021687207555004794
5.46	0.00020532272923126595
5.47	0.00020678557984829768
5.48	0.00022119669229027055
5.49	0.00024665904001020737
5.5	0.0002720900634583086
5.51	0.0002761379774130462
5.5200000000000005	0.00025430359221957703
5.53	0.00022673483973473135
5.54	0.00020857233591785028
5.55	0.00020354431651979684
5.5600000000000005	0.00021184496123204414
5.57	0.00023256901118019275
5.58	0.00025875235727227584
5.59	0.0002713689028456478
5.6000000000000005	0.00025709996226264587
5.61	0.00023027705256866717
5.62	0.00020959054842209968
5.63	0.00020163839600259844
5.64	0.0002072043607106081
5.65	0.00022545156578764657
5.66	0.0002501740932360753
5.67	0.00026359305230015244
5.68	0.0002514544897143802
5.69	0.0002261034984921016
5.7	0.00020618293863268304
5.71	0.00019882761249027158
5.72	0.0002049848510185163
5.73	0.00022333294911740844
5.74	0.0002460620811301006
5.75	0.0002546996727637089
5.76	0.00023943034824113927
5.7700000000000005	0.00021547610338543298
5.78	0.0001990908163018224
5.79	0.00019557112327332895
5.8	0.00020526347316408532
5.8100000000000005	0.00022517115312019732
5.82	0.00024334030846862668
5.83	0.0002418548633332269
5.84	0.00022173087668166274
5.8500000000000005	0.00020117241320036588
5.86	0.00019123371734298343
5.87	0.00019435057823884947
5.88	0.00020931845310138674
5.89	0.00022868418582199602
5.9	0.00023557975635426706
5.91	0.0002216109499695087
5.92	0.00020080760543423666
5.93	0.0001876910587990732
5.94	0.00018695068777790238
5.95	0.0001982918506236912
5.96	0.0002161893107094454
5.97	0.00022584388476617578
5.98	0.00021583015739702705
5.99	0.00019640530805664085
6.	0.00018274601482561967
6.01	0.0001807298786951735
6.0200000000000005	0.0001904317951683554
6.03	0.00020665490560816202
6.04	0.00021548500508158445
6.05	0.00020614860366787005
6.0600000000000005	0.0001882127354492919
6.07	0.00017594460419618555
6.08	0.00017486770923752197
6.09	0.00018469981013138686
6.1000000000000005	0.0001993026861643907
6.11	0.00020471035263379655
6.12	0.00019360744039178968
6.13	0.00017732385812188476
6.140000000000001	0.00016805011993317458
6.15	0.00016967461316308669
6.16	0.00018065912779348872
6.17	0.00019264085484805625
6.18	0.00019225713230703058
6.19	0.0001788125722628617
6.2	0.00016534628622997969
6.21	0.00016056987486032034
6.22	0.00016599378208565272
6.23	0.00017760815399044748
6.24	0.00018418742488440014
6.25	0.00017684525937298649
6.26	0.00016306724848982274
6.2700000000000005	0.00015441514421780329
6.28	0.0001552612807994489
6.29	0.00016416172959561305
6.3	0.0001731348731729435
6.3100000000000005	0.0001710522718308977
6.32	0.00015918701437463352
6.33	0.0001489232618322628
6.34	0.00014683417824484606
6.3500000000000005	0.00015311606372190578
6.36	0.00016202247889558947
6.37	0.00016287900635134173
6.38	0.00015325220790651792
6.390000000000001	0.00014289830109421103
6.4	0.00013941515473885456
6.41	0.00014395778138925056
6.42	0.00015197452946162063
6.43	0.0001537581312566625
6.44	0.00014564473061367213
6.45	0.0001359771483924666
6.46	0.00013231943522576018
6.47	0.0001360797930448874
6.48	0.00014308105669382992
6.49	0.00014441633401922436
6.5	0.00013692268547935263
6.51	0.00012831551858856266
6.5200000000000005	0.00012538592695477232
6.53	0.00012911657281617443
6.54	0.00013504339281565658
6.55	0.0001349832149593825
6.5600000000000005	0.00012754938581906772
6.57	0.00012033233719664849
6.58	0.00011878506468019415
6.59	0.000122885539455384
6.6000000000000005	0.0001273958343350274
6.61	0.00012530533387299114
6.62	0.00011794112400065154
6.63	0.0001125544681918506
6.640000000000001	0.00011277732044846469
6.65	0.000117113995451492
6.66	0.00011947149838424937
6.67	0.00011523998975257733
6.68	0.0001086032174019441
6.69	0.0001055523895338533
6.7	0.00010755424018140931
6.71	0.00011130377822639767
6.72	0.00011071953578734524
6.73	0.0001051290129645488
6.74	0.00010025296100353795
6.75	0.00009979386452118334
6.76	0.00010286546217686179
6.7700000000000005	0.00010454878734432666
6.78	0.00010105973939789246
6.79	0.00009578079374981865
6.8	0.00009354229348524004
6.8100000000000005	0.00009526667909795302
6.82	0.00009770900938832341
6.83	0.00009617167655135258
6.84	0.00009141888046744532
6.8500000000000005	0.00008821202346793199
6.86	0.0000887001163743222
6.87	0.00009102780599350839
6.88	0.00009077302998674252
6.890000000000001	0.0000868874144322476
6.9	0.00008334994448390461
6.91	0.00008296390982338269
6.92	0.00008484560898701128
6.93	0.00008520038041729806
6.94	0.00008209633666427458
6.95	0.00007862638473047918
6.96	0.00007777743270760092
6.97	0.00007923356075733028
6.98	0.0000797768275330766
6.99	0.00007723283805372498
7.	0.0000740307363322839
7.01	0.00007303495501955205
7.0200000000000005	0.00007417150920739288
7.03	0.00007464155199829047
7.04	0.00007240963855449116
7.05	0.00006955065145972144
7.0600000000000005	0.00006863508396706627
7.07	0.00006956796717291377
7.08	0.00006981553161686932
7.09	0.00006771560055578048
7.1000000000000005	0.00006523760899750833
7.11	0.00006455395924886258
7.12	0.00006535540094976761
7.13	0.00006528636221763452
7.140000000000001	0.00006323531331938778
7.15	0.0000611866476960264
7.16	0.00006081364714451179
7.17	0.00006146078511806135
7.18	0.00006097263084890011
7.19	0.00005894125963592152
7.2	0.000057346163924761605
7.21	0.00005728304681206379
7.22	0.00005771232975756832
7.23	0.00005681260760435183
7.24	0.00005493336089776909
7.25	0.000053870512383976926
7.26	0.000054058460267077526
7.2700000000000005	0.00005413527771932054
7.28	0.0000528826449458715
7.29	0.00005130864091770838
7.3	0.00005077440832009286
7.3100000000000005	0.00005103570384287317
7.32	0.0000506399858289985
7.33	0.000049227738214879486
7.34	0.00004811934290712939
7.3500000000000005	0.00004801850039288946
7.36	0.000048104681419763394
7.37	0.000047254599410599333
7.38	0.00004598191352045774
7.390000000000001	0.00004542017144108647
7.4	0.00004551924737107818
7.41	0.000045180632526856336
7.42	0.000044055321602140966
7.43	0.000043138400592148394
7.44	0.0000429790519195166
7.45	0.00004292218733023419
7.46	0.00004215627338605122
7.47	0.00004115724954442011
7.48	0.00004073997757198943
7.49	0.000040734730844653574
7.5	0.000040298314868517326
7.51	0.000039383806966627606
7.5200000000000005	0.00003877952153323815
7.53	0.00003869143309634981
7.54	0.000038469730866753735
7.55	0.00003772564174090258
7.5600000000000005	0.00003703884233857887
7.57	0.000036837130480623356
7.58	0.00003672146297240747
7.59	0.000036164419618703637
7.6000000000000005	0.00003549037025493093
7.61	0.000035208261529054725
7.62	0.00003512753451194376
7.63	0.00003470110997852177
7.640000000000001	0.00003403657819169007
7.65	0.0000336468562887623
7.66	0.0000335165721118055
7.67	0.000033177306630345604
7.68	0.000032591564019575395
7.69	0.00003219558096346616
7.7	0.000032059571310967575
7.71	0.000031793088026870676
7.72	0.000031282903739280585
7.73	0.0000308947888939692
7.74	0.000030746182952754204
7.75	0.0000305191412907568
7.76	0.00003007250772888619
7.7700000000000005	0.000029708722816977802
7.78	0.00002955775365723593
7.79	0.000029358385835049348
7.8	0.00002897333625077994
7.8100000000000005	0.00002865714504235787
7.82	0.00002852719910393679
7.83	0.000028348690824541256
7.84	0.000027984858457769265
7.8500000000000005	0.000027654865090376053
7.86	0.00002747249149733387
7.87	0.000027252019043336572
7.88	0.00002690703654944103
7.890000000000001	0.000026627156631870947
7.9	0.000026473943711900535
7.91	0.000026270705210885345
7.92	0.000025966920522748964
7.930000000000001	0.000025731523366680575
7.94	0.00002559189378141424
7.95	0.00002539173908873873
7.96	0.000025121077541445875
7.97	0.00002492601336126307
7.98	0.000024798703341728028
7.99	0.00002460761440843516
8.	0.00002438247256624941
8.01	0.00002424119796199255
8.02	0.000024137837742716285
8.03	0.00002395225965256702
8.040000000000001	0.00002372500317322795
8.05	0.000023547449557008404
8.06	0.0000233745993823869
8.07	0.000023150908159886235
8.08	0.00002295121553304487
8.09	0.000022812643536871786
8.1	0.00002265736346195024
8.11	0.00002246443147404299
8.120000000000001	0.000022308235811185537
8.13	0.00002218756254712692
8.14	0.00002203421279882713
8.15	0.00002186766606371931
8.16	0.000021744797573121097
8.17	0.000021634531784548854
8.18	0.000021495940966485906
8.19	0.000021374629064156806
8.2	0.00002129580512783749
8.21	0.00002120343116571175
8.22	0.000021065181884264458
8.23	0.000020916109988199142
8.24	0.000020769705518621508
8.25	0.000020606458142502968
8.26	0.000020451317372216098
8.27	0.000020328974565394113
8.28	0.000020208622770229504
8.290000000000001	0.000020074796125141507
8.3	0.000019957918123064526
8.31	0.000019857389688782663
8.32	0.000019744829303188552
8.33	0.000019632534181838792
8.34	0.000019541668588115306
8.35	0.000019454537876436327
8.36	0.000019363322792275244
8.370000000000001	0.000019292601705940923
8.38	0.000019239829511889567
8.39	0.000019169769103392466
8.4	0.000019066024778137214
8.41	0.00001894138524582001
8.42	0.000018807330620229705
8.43	0.000018675378206539688
8.44	0.000018562554563787063
8.45	0.000018461897431053175
8.46	0.00001835929019989012
8.47	0.00001826348248878562
8.48	0.000018178634417633947
8.49	0.000018092698296335606
8.5	0.00001800806661652855
8.51	0.000017935045696211348
8.52	0.000017868152983169473
8.53	0.000017805646762787335
8.540000000000001	0.000017759047523811286
8.55	0.000017724158407180444
8.56	0.000017675001198192606
8.57	0.000017589883068882826
8.58	0.00001747625292109218
8.59	0.000017355853613638513
8.6	0.000017245058863400192
8.61	0.000017149507770716083
8.620000000000001	0.000017061636116261308
8.63	0.000016977837928672005
8.64	0.000016901776339002253
8.65	0.000016830463786518714
8.66	0.00001676099250896649
8.67	0.000016698211788533683
8.68	0.000016643383876231637
8.69	0.000016595568667575973
8.700000000000001	0.000016560346172732106
8.71	0.00001653761697224904
8.72	0.000016507941312936326
8.73	0.00001644283538109538
8.74	0.000016341328791896827
8.75	0.000016230026529072022
8.76	0.000016128078051411057
8.77	0.000016039818455674097
8.78	0.000015960671012883458
8.790000000000001	0.00001588779047201126
8.8	0.000015821482261953275
8.81	0.000015759814207507794
8.82	0.0000157023250697246
8.83	0.000015651656974139105
8.84	0.000015609007385613204
8.85	0.000015576537667593632
8.86	0.000015557510110888738
8.870000000000001	0.000015544415307395572
8.88	0.00001551015415347207
8.89	0.000015432509870252637
8.9	0.000015329030361633267
8.91	0.000015227835439096626
8.92	0.00001513962980178156
8.93	0.000015063095263201625
8.94	0.000014994662706377263
8.950000000000001	0.000014932951840036782
8.96	0.000014876851346283482
8.97	0.000014825800308107499
8.98	0.000014781314452297772
8.99	0.00001474532328028895
9.	0.000014720360551794551
9.01	0.000014708560043003184
9.02	0.000014701599503168901
9.03	0.000014671289878319093
9.040000000000001	0.000014596344805455554
9.05	0.000014497122711569273
9.06	0.0000144018331388525
9.07	0.000014319683124521141
9.08	0.000014249086287340924
9.09	0.000014186984343832196
9.1	0.000014131703831848598
9.11	0.000014082310236162438
9.120000000000001	0.000014039030009869082
9.13	0.000014003519953018574
9.14	0.000013978215437259514
9.15	0.000013965799535456684
9.16	0.000013963696993229176
9.17	0.000013951575635633055
9.18	0.000013898850067052438
9.19	0.000013809368424455751
9.200000000000001	0.00001371458638972715
9.21	0.00001363135126351827
9.22	0.000013560908175233035
9.23	0.00001350033510233348
9.24	0.000013447386544510466
9.25	0.000013400980701515285
9.26	0.000013361188364450622
9.27	0.000013329464284926228
9.28	0.000013308343091443907
9.290000000000001	0.000013300281141172042
9.3	0.000013301615524801444
9.31	0.000013290411943232794
9.32	0.000013237305144461721
9.33	0.000013149956669971537
9.34	0.000013059709511179189
9.35	0.000012981531662171251
9.36	0.000012915969850947722
9.370000000000001	0.000012860212483985211
9.38	0.000012812195397029633
9.39	0.000012771131811795293
9.4	0.000012737556733446423
9.41	0.000012713372397571376
9.42	0.000012701302135152742
9.43	0.000012701759502472935
9.44	0.00001270276623983347
9.450000000000001	0.000012674161610688966
9.46	0.000012602511088816829
9.47	0.000012514143518743624
9.48	0.000012433431633669053
9.49	0.000012365916775718782
9.5	0.000012309568535634326
9.51	0.000012261929592886969
9.52	0.000012221796031651994
9.53	0.000012189360434912844
9.540000000000001	0.00001216623147292934
9.55	0.000012154985684934775
9.56	0.000012156278281633731
9.57	0.00001215939933768392
9.58	0.000012135407508794816
9.59	0.000012068945273323929
9.6	0.000011984399300283502
9.61	0.000011906643540615034
9.620000000000001	0.000011841903903607112
9.63	0.000011788427116175145
9.64	0.000011743875809127509
9.65	0.000011707174486482984
9.66	0.00001167871822154774
9.67	0.000011660314366234577
9.68	0.000011654303348641337
9.69	0.000011659057122056849
9.700000000000001	0.000011658038416010445
9.71	0.000011621992432502517
9.72	0.000011549377245568343
9.73	0.000011469062866568666
9.74	0.000011399019765538902
9.75	0.0000113415519403849
9.76	0.000011294432063358804
9.77	0.000011255859784004161
9.78	0.000011225472322066853
9.790000000000001	0.000011204408181203178
9.8	0.000011194859514440849
9.81	0.000011197297886189783
9.82	0.000011201588749540114
9.83	0.000011180636117131776
9.84	0.000011120184103990748
9.85	0.000011043093993970326
9.86	0.000010972599411345082
9.870000000000001	0.000010914555555518517
9.88	0.00001086746020802494
9.89	0.00001082936970136466
9.9	0.000010799664518207174
9.91	0.000010779247615543991
9.92	0.000010770096976765863
9.93	0.00001077255380026961
9.94	0.00001077674520323686
9.950000000000001	0.000010756640529062531
9.96	0.000010698867207026609
9.97	0.000010625496450350773
9.98	0.000010558659274226778
9.99	0.00001050389789313088
10.	0.000010459827790407482
10.01	0.000010424728053093162
10.02	0.000010398221808504379
10.03	0.000010381409264573609
10.040000000000001	0.000010376045965893317
10.05	0.00001038050849440711
10.06	0.000010380138631402082
10.07	0.000010349231832600569
10.08	0.000010286531492260267
10.09	0.000010217419037743051
10.1	0.000010157696418214523
10.11	0.000010109512937705183
10.120000000000001	0.000010071175998660902
10.13	0.000010041538720209622
10.14	0.000010020904215808777
10.15	0.000010010757886279709
10.16	0.000010011561734324084
10.17	0.000010015443570723736
10.18	9.999625866491801e-6
10.19	9.949685475034452e-6
10.200000000000001	9.88380682226132e-6
10.21	9.823066216657346e-6
10.22	9.773471844443325e-6
10.23	9.73412353644535e-6
10.24	9.703655284308916e-6
10.25	9.681973140160262e-6
10.26	9.670244654628888e-6
10.27	9.66918238293613e-6
10.28	9.672839556504588e-6
10.290000000000001	9.661081854746268e-6
10.3	9.617222076610325e-6
10.31	9.555392288774382e-6
10.32	9.496865906071765e-6
10.33	9.448835126712996e-6
10.34	9.41086814649707e-6
10.35	9.381706669638278e-6
10.36	9.361261139645782e-6
10.370000000000001	9.350586321737721e-6
10.38	9.349902749228191e-6
10.39	9.352069185863977e-6
10.4	9.3368481053656e-6
10.41	9.291675686442307e-6
10.42	9.232781273876318e-6
10.43	9.178735191593074e-6
10.44	9.134849959545404e-6
10.450000000000001	9.100465677542088e-6
10.46	9.074622356233334e-6
10.47	9.057532740962457e-6
10.48	9.050154029611182e-6
10.49	9.051054753592216e-6
10.5	9.048852590377468e-6
10.51	9.023374294674993e-6
10.52	8.973178351636964e-6
10.53	8.918043058722791e-6
10.540000000000001	8.870616829553689e-6
10.55	8.83287718554217e-6
10.56	8.803853510277247e-6
10.57	8.78313643068147e-6
10.58	8.77136472044078e-6
10.59	8.76863586140155e-6
10.6	8.768937315083017e-6
10.61	8.754862548980257e-6
10.620000000000001	8.714889239735637e-6
10.63	8.662625949205796e-6
10.64	8.614510519962463e-6
10.65	8.575486269431261e-6
10.66	8.545166397172969e-6
10.67	8.522910136174405e-6
10.68	8.509055652279235e-6
10.69	8.503949870216228e-6
10.700000000000001	8.503582107957583e-6
10.71	8.493421360128165e-6
10.72	8.459557296329378e-6
10.73	8.410995639067935e-6
10.74	8.36439162800613e-6
10.75	8.326094665266628e-6
10.76	8.296236887881618e-6
10.77	8.274204408384849e-6
10.78	8.260200910275233e-6
10.790000000000001	8.254426563944438e-6
10.8	8.252969493928036e-6
10.81	8.242197820616853e-6
10.82	8.209552897650312e-6
10.83	8.16376655506218e-6
10.84	8.12011157249356e-6
10.85	8.084294431597881e-6
10.86	8.056448569002445e-6
10.870000000000001	8.036100700896939e-6
10.88	8.023476208679212e-6
10.89	8.018327350808727e-6
10.9	8.015363365993936e-6
10.91	8.00050729324845e-6
10.92	7.965587037996925e-6
10.93	7.922058098770503e-6
10.94	7.882490244337269e-6
10.950000000000001	7.850501907888866e-6
10.96	7.825897999286273e-6
10.97	7.808439391597768e-6
10.98	7.798359431146534e-6
10.99	7.794221768548543e-6
11.	7.78774828979289e-6
11.01	7.765439544770567e-6
11.02	7.727390787214221e-6
11.03	7.687088042011006e-6
11.040000000000001	7.652652844493674e-6
11.05	7.625406647603262e-6
11.06	7.605008296093498e-6
11.07	7.591483284229521e-6
11.08	7.584528752889487e-6
11.09	7.579774984065028e-6
11.1	7.565476369713917e-6
11.11	7.5344377985084446e-6
11.120000000000001	7.496023913282761e-6
11.13	7.460960434329283e-6
11.14	7.43249003299498e-6
11.15	7.4105883979417465e-6
11.16	7.395122515453789e-6
11.17	7.386025396536306e-6
11.18	7.380683744654616e-6
11.19	7.369806942849152e-6
11.200000000000001	7.343950284291388e-6
11.21	7.308401310728957e-6
11.22	7.274173417617659e-6
11.23	7.2457628197721544e-6
11.24	7.22353477673468e-6
11.25	7.207338458172238e-6
11.26	7.197120718421301e-6
11.27	7.190856671494016e-6
11.28	7.1806505355802815e-6
11.290000000000001	7.157222210795209e-6
11.3	7.124091236123798e-6
11.31	7.0915108198881345e-6
11.32	7.0641814034449105e-6
11.33	7.0426523697714385e-6
11.34	7.026786433832255e-6
11.35	7.0164413573154065e-6
11.36	7.009506559547576e-6
11.370000000000001	6.998448442705096e-6
11.38	6.975235416756092e-6
11.39	6.94384282180175e-6
11.4	6.913457853762982e-6
11.41	6.8880216232463216e-6
11.42	6.867963741573024e-6
11.43	6.853180856806231e-6
11.44	6.843361854908263e-6
11.450000000000001	6.835748914010576e-6
11.46	6.822562247786457e-6
11.47	6.798154002999501e-6
11.48	6.768253567025597e-6
11.49	6.740508641589614e-6
11.5	6.717515016853886e-6
11.51	6.699457576861408e-6
11.52	6.686261968049706e-6
11.53	6.677192425507219e-6
11.540000000000001	6.668191771828217e-6
11.55	6.651516618964087e-6
11.56	6.625543043420262e-6
11.57	6.597506576136257e-6
11.58	6.572788754111839e-6
11.59	6.5526374245728585e-6
11.6	6.537040283605334e-6
11.61	6.525776198243359e-6
11.620000000000001	6.517067526594221e-6
11.63	6.5051347045090705e-6
11.64	6.484307777071324e-6
11.65	6.457935230001693e-6
11.66	6.432702124988666e-6
11.67	6.411369393442284e-6
11.68	6.39426836131918e-6
11.69	6.381294401012864e-6
11.700000000000001	6.371634063139433e-6
11.71	6.361555045078396e-6
11.72	6.344815882820092e-6
11.73	6.321050681783336e-6
11.74	6.2963337420516935e-6
11.75	6.2746003583329516e-6
11.76	6.256704407045273e-6
11.77	6.242643001216244e-6
11.78	6.23197160861643e-6
11.790000000000001	6.222194863660768e-6
11.8	6.207779035003732e-6
11.81	6.186361505343205e-6
11.82	6.1626972950954025e-6
11.83	6.14123814011655e-6
11.84	6.123252471775728e-6
11.85	6.108799902345856e-6
11.86	6.097556854798692e-6
11.870000000000001	6.087643372204427e-6
11.88	6.074312030155588e-6
11.89	6.05459997946367e-6
11.9	6.032194408485281e-6
11.91	6.011460058468157e-6
11.92	5.993840878184312e-6
11.93	5.979457622239596e-6
11.94	5.968023585872942e-6
11.950000000000001	5.957888650261441e-6
11.96	5.944837453270721e-6
11.97	5.92611654316259e-6
11.98	5.90491022368678e-6
11.99	5.885143708471601e-6
12.	5.868177572738136e-6
12.01	5.854154516534448e-6
12.02	5.8427608285064046e-6
12.030000000000001	5.832306777523252e-6
12.040000000000001	5.818890501523279e-6
12.05	5.8005159272444804e-6
12.06	5.780387268701109e-6
12.07	5.761825753875803e-6
12.08	5.745861867638604e-6
12.09	5.732550679527839e-6
12.1	5.721460300021129e-6
12.11	5.7106588134787335e-6
12.120000000000001	5.696549873595606e-6
12.13	5.678340373000535e-6
12.14	5.6593534339896355e-6
12.15	5.64212175807254e-6
12.16	5.627291919703349e-6
12.17	5.6148234452373575e-6
12.18	5.604053658438625e-6
12.19	5.592653050678147e-6
12.200000000000001	5.5776280505937825e-6
12.21	5.559659651974961e-6
12.22	5.541890673796595e-6
12.23	5.525996424402973e-6
12.24	5.512297510963772e-6
12.25	5.500607114573651e-6
12.26	5.489829892518319e-6
12.27	5.477290555078543e-6
12.280000000000001	5.46131432074763e-6
12.290000000000001	5.443945600727327e-6
12.3	5.427637018883647e-6
12.31	5.4132251928344935e-6
12.32	5.400752080589223e-6
12.33	5.38975115750724e-6
12.34	5.378508304684393e-6
12.35	5.364595376255945e-6
12.36	5.348275117997296e-6
12.370000000000001	5.332019525388948e-6
12.38	5.317254760641844e-6
12.39	5.304267537468421e-6
12.4	5.2928745224042205e-6
12.41	5.282076649324832e-6
12.42	5.269677885698424e-6
12.43	5.254630903090635e-6
12.44	5.238746028272354e-6
12.450000000000001	5.223853279020944e-6
12.46	5.210525276366825e-6
12.47	5.19872929960239e-6
12.48	5.187873029426318e-6
12.49	5.1762697980617485e-6
12.5	5.162373345295643e-6
12.51	5.1471758657802195e-6
12.52	5.132529720872432e-6
12.530000000000001	5.1192099831602175e-6
12.540000000000001	5.107289117300206e-6
12.55	5.09639448266403e-6
12.56	5.085250919183061e-6
12.57	5.072245002456967e-6
12.58	5.057757489432502e-6
12.59	5.0434916442060194e-6
12.6	5.0303489332438255e-6
12.61	5.0184799628829355e-6
12.620000000000001	5.0076223891304184e-6
12.63	4.996747547319782e-6
12.64	4.984321888878791e-6
12.65	4.97039688255009e-6
12.66	4.956494126592557e-6
12.67	4.943546377520201e-6
12.68	4.931737163866596e-6
12.69	4.920856868371963e-6
12.700000000000001	4.91005293533475e-6
12.71	4.897993947133811e-6
12.72	4.88463390091445e-6
12.73	4.8712623730846085e-6
12.74	4.85871735485088e-6
12.75	4.84717387640549e-6
12.76	4.836441052734824e-6
12.77	4.825746947884024e-6
12.780000000000001	4.813935484306143e-6
12.790000000000001	4.801030493534737e-6
12.8	4.788175743863213e-6
12.81	4.776084860399682e-6
12.82	4.764893013540084e-6
12.83	4.75437510033385e-6
12.84	4.743741373856043e-6
12.85	4.732006912172611e-6
12.86	4.719396612841769e-6
12.870000000000001	4.706948537830508e-6
12.88	4.69521695055073e-6
12.89	4.684272938814606e-6
12.9	4.673860922958119e-6
12.91	4.663221476364541e-6
12.92	4.6516084037444875e-6
12.93	4.6394192999910495e-6
12.94	4.6275136947839265e-6
12.950000000000001	4.616269988535278e-6
12.96	4.605692230310409e-6
12.97	4.595457860674754e-6
12.98	4.584812874892288e-6
12.99	4.5733174785042955e-6
13.	4.561554289681659e-6
13.01	4.550196215121832e-6
13.02	4.539456117780383e-6
13.030000000000001	4.529228836935918e-6
13.040000000000001	4.519060194127756e-6
13.05	4.508276397757647e-6
13.06	4.496843290477542e-6
13.07	4.485426895028788e-6
13.08	4.474477015914287e-6
13.09	4.4640756198821915e-6
13.1	4.454051979401544e-6
13.11	4.4438940409461454e-6
13.120000000000001	4.433113560560948e-6
13.13	4.421986233720581e-6
13.14	4.411079377482691e-6
13.15	4.400636249782324e-6
13.16	4.390635421026841e-6
13.17	4.380796371786547e-6
13.18	4.37059720559589e-6
13.19	4.359903973444651e-6
13.200000000000001	4.349186729577992e-6
13.21	4.338813073892509e-6
13.22	4.32883252797968e-6
13.23	4.319082933296062e-6
13.24	4.309192235949402e-6
13.25	4.2988409387099935e-6
13.26	4.288266413781841e-6
13.27	4.277892487756464e-6
13.280000000000001	4.267889695185421e-6
13.290000000000001	4.258219935429956e-6
13.3	4.2486300736798375e-6
13.31	4.238727222342581e-6
13.32	4.228495271986079e-6
13.33	4.21830980558614e-6
13.34	4.2084153824539134e-6
13.35	4.198842101112571e-6
13.36	4.189443368646487e-6
13.370000000000001	4.179888047277862e-6
13.38	4.1700144124840455e-6
13.39	4.1600870449085625e-6
13.4	4.15035801549502e-6
13.41	4.1408618882769834e-6
13.42	4.131517247824622e-6
13.43	4.122105070949192e-6
13.44	4.112421123422017e-6
13.450000000000001	4.102621055196294e-6
13.46	4.092974577431551e-6
13.47	4.083584194208719e-6
13.48	4.074405951221937e-6
13.49	4.065242355344942e-6
13.5	4.055858664430833e-6
13.51	4.0463214554754355e-6
13.52	4.036878672488863e-6
13.530000000000001	4.027654053213219e-6
13.540000000000001	4.018634245811098e-6
13.55	4.009673306200612e-6
13.56	4.000558480530661e-6
13.57	3.9912969581916425e-6
13.58	3.982070931807318e-6
13.59	3.972969056709186e-6
13.6	3.964004058281885e-6
13.61	3.955097456305031e-6
13.620000000000001	3.946075967393604e-6
13.63	3.936927495490657e-6
13.64	3.927827996957008e-6
13.65	3.918891651827976e-6
13.66	3.910120573568449e-6
13.67	3.9014148778083135e-6
13.68	3.89260946613828e-6
13.69	3.883687998582915e-6
13.700000000000001	3.874805293508507e-6
13.71	3.866067270168567e-6
13.72	3.857481251149777e-6
13.73	3.848963801552685e-6
13.74	3.8403718024450045e-6
13.75	3.831674093617585e-6
13.76	3.8229640897812195e-6
13.77	3.814325755376198e-6
13.780000000000001	3.805797505896556e-6
13.790000000000001	3.7973224456814414e-6
13.8	3.7887842130944347e-6
13.81	3.7801855678409145e-6
13.82	3.7716393180523315e-6
13.83	3.7632103775846794e-6
13.84	3.754889401311718e-6
13.85	3.746597394761959e-6
13.86	3.7382383141469178e-6
13.870000000000001	3.7298385930777343e-6
13.88	3.7215007781991086e-6
13.89	3.7132762772357372e-6
13.9	3.7051514859075587e-6
13.91	3.697045132984925e-6
13.92	3.6888595527026814e-6
13.93	3.6806010948179233e-6
13.94	3.672360485255553e-6
13.950000000000001	3.664205982009282e-6
13.96	3.6561301259199755e-6
13.97	3.6480594861370635e-6
13.98	3.6399478696872834e-6
13.99	3.631848051516031e-6
14.	3.6238208998467556e-6
14.01	3.6158779770231804e-6
14.02	3.607983519482222e-6
14.030000000000001	3.6000719872357354e-6
14.040000000000001	3.5921335942181817e-6
14.05	3.584231156311274e-6
14.06	3.576410551168276e-6
14.07	3.5686697227634303e-6
14.08	3.5609494802337485e-6
14.09	3.5531619360645538e-6
14.1	3.5453103787031834e-6
14.11	3.5374817533866652e-6
14.120000000000001	3.5297269230606893e-6
14.13	3.5220362607251586e-6
14.14	3.5143605225631824e-6
14.15	3.5066696446043087e-6
14.16	3.498996212897066e-6
14.17	3.4913779168297413e-6
14.18	3.4838206213537736e-6
14.19	3.4762991227334027e-6
14.200000000000001	3.468774651082586e-6
14.21	3.4612511056810257e-6
14.22	3.453770727944481e-6
14.23	3.4463551663338618e-6
14.24	3.4389810925336215e-6
14.25	3.4315803701970525e-6
14.26	3.424118090760264e-6
14.27	3.416649095058378e-6
14.280000000000001	3.4092297374667004e-6
14.290000000000001	3.401871078352028e-6
14.3	3.394551977586709e-6
14.31	3.3872396881173415e-6
14.32	3.379932364185695e-6
14.33	3.3726569513153446e-6
14.34	3.3654289081187107e-6
14.35	3.3582427445270687e-6
14.36	3.3510763511182414e-6
14.370000000000001	3.343918122795534e-6
14.38	3.3367887121879444e-6
14.39	3.3297042436443794e-6
14.4	3.322642410234636e-6
14.41	3.315555561859259e-6
14.42	3.3084331729207926e-6
14.43	3.3013149548081722e-6
14.44	3.294237114072895e-6
14.450000000000001	3.2872081476981145e-6
14.46	3.280216718178362e-6
14.47	3.2732417150899944e-6
14.48	3.2662768307927436e-6
14.49	3.2593375581440404e-6
14.5	3.252436072179509e-6
14.51	3.2455715293965476e-6
14.52	3.238732375799512e-6
14.530000000000001	3.2319114944381175e-6
14.540000000000001	3.225117327734411e-6
14.55	3.218344593936344e-6
14.56	3.211561908833109e-6
14.57	3.204756885484635e-6
14.58	3.197950064204163e-6
14.59	3.1911660018556298e-6
14.6	3.1844193242050643e-6
14.61	3.17771111710007e-6
14.620000000000001	3.1710323288585862e-6
14.63	3.1643702806459985e-6
14.64	3.157724293580164e-6
14.65	3.1511050896053523e-6
14.66	3.144519524821896e-6
14.67	3.1379665731284932e-6
14.68	3.131439522452175e-6
14.69	3.1249332761883585e-6
14.700000000000001	3.1184365722691826e-6
14.71	3.1119247544482367e-6
14.72	3.1053984221505486e-6
14.73	3.0988810001362954e-6
14.74	3.092385681952557e-6
14.75	3.085919843721106e-6
14.76	3.07948638170679e-6
14.77	3.0730821806944277e-6
14.780000000000001	3.066699735347301e-6
14.790000000000001	3.060334468610675e-6
14.8	3.0539914538591296e-6
14.81	3.047677789760516e-6
14.82	3.0413962025603138e-6
14.83	3.035143276355271e-6
14.84	3.028907281228949e-6
14.85	3.022665431252187e-6
14.86	3.016401928910105e-6
14.870000000000001	3.0101360480522976e-6
14.88	3.003890458630726e-6
14.89	2.9976698658406484e-6
14.9	2.99147537161346e-6
14.91	2.9853082853590555e-6
14.92	2.9791671739267528e-6
14.93	2.9730479518778155e-6
14.94	2.9669477368842464e-6
14.950000000000001	2.9608698289071195e-6
14.96	2.954819938326464e-6
14.97	2.948800517243525e-6
14.98	2.9428050459514823e-6
14.99	2.9368110573666837e-6
15.	2.930795085565197e-6
15.01	2.9247680785749613e-6
15.02	2.9187575686601878e-6
15.030000000000001	2.91277345534613e-6
15.040000000000001	2.9068138820040353e-6
15.05	2.900877956334278e-6
15.06	2.8949659761070134e-6
15.07	2.8890769628557465e-6
15.08	2.8832088130652256e-6
15.09	2.8773612077457504e-6
15.1	2.8715378817348765e-6
15.11	2.865742529508779e-6
15.120000000000001	2.8599712432895084e-6
15.13	2.8542032375448356e-6
15.14	2.848414241980978e-6
15.15	2.842613926755377e-6
15.16	2.8368290745499746e-6
15.17	2.8310704845942927e-6
15.18	2.8253365335296465e-6
15.19	2.8196244377628752e-6
15.200000000000001	2.813933852843742e-6
15.21	2.808264888570317e-6
15.22	2.802617116410733e-6
15.23	2.7969904059147912e-6
15.24	2.791386848637637e-6
15.25	2.785808749274925e-6
15.26	2.780249914814086e-6
15.27	2.7746879841715677e-6
15.280000000000001	2.7691059741309692e-6
15.290000000000001	2.763520441558678e-6
15.3	2.7579537475542185e-6
15.31	2.752412451784193e-6
15.32	2.7468945426603683e-6
15.33	2.7413972208576774e-6
15.34	2.7359197635178405e-6
15.35	2.730462575344306e-6
15.36	2.725026160302475e-6
15.370000000000001	2.719611286716656e-6
15.38	2.7142194355907653e-6
15.39	2.708849418055847e-6
15.4	2.703487811496909e-6
15.41	2.6981125990682307e-6
15.42	2.692724907240341e-6
15.43	2.6873468930209046e-6
15.44	2.6819912770332993e-6
15.450000000000001	2.6766592005149642e-6
15.46	2.671348261055335e-6
15.47	2.666056447583422e-6
15.48	2.6607834261803132e-6
15.49	2.655529946216626e-6
15.5	2.650297166676878e-6
15.51	2.6450863183250616e-6
15.52	2.6398967457795078e-6
15.530000000000001	2.6347188278021713e-6
15.540000000000001	2.62953228793763e-6
15.55	2.6243323978064733e-6
15.56	2.6191380428185504e-6
15.57	2.613963320982592e-6
15.58	2.608810868736145e-6
15.59	2.6036791105481057e-6
15.6	2.598566172196811e-6
15.610000000000001	2.593471172193483e-6
15.620000000000001	2.5883945679217454e-6
15.63	2.5833376630142376e-6
15.64	2.5783018540686708e-6
15.65	2.5732862173674982e-6
15.66	2.568281125449623e-6
15.67	2.563267914393017e-6
15.68	2.558243391274579e-6
15.69	2.55322531995194e-6
15.700000000000001	2.548226037897245e-6
15.71	2.5432476156115147e-6
15.72	2.538288720486763e-6
15.73	2.53334788899435e-6
15.74	2.528424380982934e-6
15.75	2.523518542049376e-6
15.76	2.5186316681972736e-6
15.77	2.513764993725205e-6
15.780000000000001	2.508916326435371e-6
15.790000000000001	2.504073679084324e-6
15.8	2.499220825606264e-6
15.81	2.4943615516461944e-6
15.82	2.4895130189353684e-6
15.83	2.4846835014796374e-6
15.84	2.479873412465656e-6
15.85	2.4750813950088826e-6
15.860000000000001	2.47030640826312e-6
15.870000000000001	2.465548130176619e-6
15.88	2.4608071313170516e-6
15.89	2.456084694207848e-6
15.9	2.4513811504287947e-6
15.91	2.446690921791301e-6
15.92	2.441998878688859e-6
15.93	2.4372966903575614e-6
15.94	2.4325968809813795e-6
15.950000000000001	2.4279125056301337e-6
15.96	2.4232467953757353e-6
15.97	2.4185988161006965e-6
15.98	2.4139674283838593e-6
15.99	2.409352132795947e-6
16.	2.404753135591665e-6
16.01	2.400171340532551e-6
16.02	2.395607579796012e-6
16.03	2.3910591817792516e-6
16.04	2.38651466874653e-6
16.05	2.381961769420049e-6
16.06	2.3774068146260258e-6
16.07	2.3728638045848315e-6
16.080000000000002	2.368338259248736e-6
16.09	2.3638299776192102e-6
16.1	2.3593377894829597e-6
16.11	2.3548610563930037e-6
16.12	2.350399850057341e-6
16.13	2.345954883859105e-6
16.14	2.3415269451557085e-6
16.15	2.3371142288874525e-6
16.16	2.3327073045407322e-6
16.17	2.328294044276839e-6
16.18	2.3238780726310687e-6
16.19	2.3194724191597004e-6
16.2	2.315083098917968e-6
16.21	2.3107102888473686e-6
16.22	2.3063529173022987e-6
16.23	2.3020103177615358e-6
16.240000000000002	2.2976825171976497e-6
16.25	2.2933701945168722e-6
16.26	2.2890740104115036e-6
16.27	2.2847919435305194e-6
16.28	2.2805148644276425e-6
16.29	2.2762323202959358e-6
16.3	2.2719488236599433e-6
16.31	2.2676760134832306e-6
16.32	2.2634187822859e-6
16.330000000000002	2.259177122645777e-6
16.34	2.254950100307786e-6
16.35	2.2507372131711647e-6
16.36	2.246538616114937e-6
16.37	2.242354969189525e-6
16.38	2.2381865332630962e-6
16.39	2.2340301005255874e-6
16.4	2.229875850564031e-6
16.41	2.2257168248146273e-6
16.42	2.221560469678246e-6
16.43	2.217416266040158e-6
16.44	2.213287051022908e-6
16.45	2.2091723935864035e-6
16.46	2.2050715341181125e-6
16.47	2.200984210357541e-6
16.48	2.196910741569372e-6
16.490000000000002	2.192851692726649e-6
16.5	2.188806374991052e-6
16.51	2.184769289719667e-6
16.52	2.1807307717686676e-6
16.53	2.176690224207974e-6
16.54	2.1726571266881335e-6
16.55	2.1686374198829092e-6
16.56	2.1646318910208063e-6
16.57	2.160639859052979e-6
16.580000000000002	2.1566608297512167e-6
16.59	2.152694840423442e-6
16.6	2.148742369984558e-6
16.61	2.144803551155402e-6
16.62	2.140875565636076e-6
16.63	2.1369502595096535e-6
16.64	2.1330223630523014e-6
16.65	2.1290982750695912e-6
16.66	2.1251855228616275e-6
16.67	2.121286239980055e-6
16.68	2.1174000595756975e-6
16.69	2.113526426020369e-6
16.7	2.109665217936396e-6
16.71	2.105816769585914e-6
16.72	2.1019813852040673e-6
16.73	2.0981574379855696e-6
16.740000000000002	2.0943385150119373e-6
16.75	2.0905180394714e-6
16.76	2.086699685192649e-6
16.77	2.0828910470238256e-6
16.78	2.0790950750340843e-6
16.79	2.0753117085807435e-6
16.8	2.0715404160406276e-6
16.81	2.0677810088973514e-6
16.82	2.0640337242610102e-6
16.830000000000002	2.0602988435329274e-6
16.84	2.056575120339746e-6
16.85	2.0528571417473127e-6
16.86	2.0491386756135058e-6
16.87	2.045422326020811e-6
16.88	2.041714993825925e-6
16.89	2.0380196174628816e-6
16.9	2.0343362474586248e-6
16.91	2.0306644213397567e-6
16.92	2.0270039713546547e-6
16.93	2.02335510859583e-6
16.94	2.0197180334855015e-6
16.95	2.0160914068586246e-6
16.96	2.0124700807306427e-6
16.97	2.0088488453507777e-6
16.98	2.0052306729396303e-6
16.990000000000002	2.001621556742057e-6
17.	1.99802379818956e-6
17.01	1.9944373965628894e-6
17.02	1.99086200379722e-6
17.03	1.9872975307672905e-6
17.04	1.9837441870977637e-6
17.05	1.9802019899204047e-6
17.06	1.9766690852890327e-6
17.07	1.973140208895442e-6
17.080000000000002	1.969611965141701e-6
17.09	1.9660884629727347e-6
17.1	1.9625745418582277e-6
17.11	1.959071589920221e-6
17.12	1.955579407566689e-6
17.13	1.9520977002205115e-6
17.14	1.948626470201863e-6
17.150000000000002	1.9451659178976647e-6
17.16	1.9417156803281817e-6
17.17	1.938272965143766e-6
17.18	1.9348327330746093e-6
17.19	1.931394466629013e-6
17.2	1.92796301821564e-6
17.21	1.924541549851699e-6
17.22	1.92113051520628e-6
17.23	1.9177295797360247e-6
17.240000000000002	1.9143385792698832e-6
17.25	1.9109576677993567e-6
17.26	1.907586931905872e-6
17.27	1.9042251830295001e-6
17.28	1.9008685017907968e-6
17.29	1.8975135929905066e-6
17.3	1.8941631148667714e-6
17.31	1.8908211674080287e-6
17.32	1.8874891467018995e-6
17.330000000000002	1.8841669764527029e-6
17.34	1.8808544288046725e-6
17.35	1.8775514989747518e-6
17.36	1.8742583049742363e-6
17.37	1.870974366124181e-6
17.38	1.8676970801924306e-6
17.39	1.8644225818437526e-6
17.400000000000002	1.86115131323863e-6
17.41	1.8578872068132486e-6
17.42	1.854632382068665e-6
17.43	1.8513870631898471e-6
17.44	1.8481510323893247e-6
17.45	1.8449241868869707e-6
17.46	1.8417065687634678e-6
17.47	1.8384979690925701e-6
17.48	1.8352966605722963e-6
17.490000000000002	1.8320991317216527e-6
17.5	1.8289045785652055e-6
17.51	1.8257162669927536e-6
17.52	1.8225366047568884e-6
17.53	1.8193660394293517e-6
17.54	1.8162044027629532e-6
17.55	1.8130515959427037e-6
17.56	1.8099076796029952e-6
17.57	1.806772525794004e-6
17.580000000000002	1.8036447618212872e-6
17.59	1.8005212956739435e-6
17.6	1.7974009492481397e-6
17.61	1.794286430425299e-6
17.62	1.791180086262098e-6
17.63	1.7880824480725506e-6
17.64	1.7849933950837084e-6
17.650000000000002	1.7819128376698063e-6
17.66	1.7788408183863947e-6
17.67	1.7757771856717924e-6
17.68	1.7727206449624235e-6
17.69	1.7696684350649974e-6
17.7	1.766619615890737e-6
17.71	1.763576641654394e-6
17.72	1.7605415646356003e-6
17.73	1.757514832784238e-6
17.740000000000002	1.754496333542057e-6
17.75	1.7514859877819924e-6
17.76	1.748483824226194e-6
17.77	1.745489648022838e-6
17.78	1.7425021528872528e-6
17.79	1.7395188902248093e-6
17.8	1.7365394471653216e-6
17.81	1.7335661152709227e-6
17.82	1.7306004895304912e-6
17.830000000000002	1.7276428530749435e-6
17.84	1.7246931048021654e-6
17.85	1.7217512011003923e-6
17.86	1.7188171603868666e-6
17.87	1.7158906550237358e-6
17.88	1.7129701819483301e-6
17.89	1.7100536701838047e-6
17.900000000000002	1.7071414793435717e-6
17.91	1.7042357207189134e-6
17.92	1.7013375029047235e-6
17.93	1.6984469535698872e-6
17.94	1.6955639830645903e-6
17.95	1.6926885699474576e-6
17.96	1.6898206709537256e-6
17.97	1.6869596969699036e-6
17.98	1.6841039339494865e-6
17.990000000000002	1.6812520982013672e-6
18.	1.6784054117133992e-6
18.01	1.6755655416225001e-6
18.02	1.6727330249570028e-6
18.03	1.6699078384961757e-6
18.04	1.667089921703258e-6
18.05	1.6642792742279087e-6
18.06	1.6614757194431998e-6
18.07	1.6586782873764786e-6
18.080000000000002	1.655885322943869e-6
18.09	1.6530967113572852e-6
18.1	1.6503140139318426e-6
18.11	1.6475381845791382e-6
18.12	1.6447693779714459e-6
18.13	1.642007579582306e-6
18.14	1.639252796303057e-6
18.150000000000002	1.6365049831354597e-6
18.16	1.6337636479961631e-6
18.17	1.6310274397527898e-6
18.18	1.6282954234471753e-6
18.19	1.6255685893349385e-6
18.2	1.6228481904819351e-6
18.21	1.6201346129918258e-6
18.22	1.6174278364602448e-6
18.23	1.6147278187018482e-6
18.240000000000002	1.612034541505811e-6
18.25	1.6093477603505268e-6
18.26	1.6066665241781957e-6
18.27	1.6039896672888606e-6
18.28	1.6013175528330876e-6
18.29	1.5986514176454265e-6
18.3	1.5959918225147267e-6
18.31	1.593338772364635e-6
18.32	1.5906921821970875e-6
18.330000000000002	1.588052059599317e-6
18.34	1.585418312380987e-6
18.35	1.5827902836485366e-6
18.36	1.5801668564944328e-6
18.37	1.5775479717245033e-6
18.38	1.5749346899981475e-6
18.39	1.5723276682273233e-6
18.400000000000002	1.569727007490755e-6
18.41	1.5671326678362045e-6
18.42	1.5645446275405743e-6
18.43	1.5619627916453665e-6
18.44	1.559386650395415e-6
18.45	1.5568152225198328e-6
18.46	1.5542482765249373e-6
18.47	1.551686698720042e-6
18.48	1.5491311505065903e-6
18.490000000000002	1.546581765971255e-6
18.5	1.5440385068163563e-6
18.51	1.5415013131214431e-6
18.52	1.5389700630024737e-6
18.53	1.5364443472688678e-6
18.54	1.5339233567376986e-6
18.55	1.531406860883104e-6
18.56	1.528895611111661e-6
18.57	1.526390193693629e-6
18.580000000000002	1.5238907293094528e-6
18.59	1.5213971902081873e-6
18.6	1.518909551627431e-6
18.61	1.5164277304540666e-6
18.62	1.5139513258188295e-6
18.63	1.5114795887547094e-6
18.64	1.5090123582776149e-6
18.650000000000002	1.5065503081415687e-6
18.66	1.504093928565919e-6
18.67	1.5016433173740062e-6
18.68	1.4991984557734099e-6
18.69	1.4967593215644076e-6
18.7	1.494325800478117e-6
18.71	1.4918974391707339e-6
18.72	1.4894735713781264e-6
18.73	1.4870542267368571e-6
18.740000000000002	1.4846400535644715e-6
18.75	1.482231424319775e-6
18.76	1.4798283889214106e-6
18.77	1.4774309197952242e-6
18.78	1.4750389869277772e-6
18.79	1.472652458553426e-6
18.8	1.4702708951346369e-6
18.81	1.4678937897266183e-6
18.82	1.4655213173155629e-6
18.830000000000002	1.463154007138293e-6
18.84	1.4607920948201413e-6
18.85	1.4584355987314196e-6
18.86	1.4560845002081685e-6
18.87	1.453738765821942e-6
18.88	1.4513982146321344e-6
18.89	1.449062373860535e-6
18.900000000000002	1.4467309003590428e-6
18.91	1.444404094036615e-6
18.92	1.442082386036243e-6
18.93	1.439765936663352e-6
18.94	1.4374547510626083e-6
18.95	1.4351488054156576e-6
18.96	1.4328480298802791e-6
18.97	1.4305521625270275e-6
18.98	1.4282607733847754e-6
18.990000000000002	1.4259738196873734e-6
19.	1.4236916901593938e-6
19.01	1.4214146332151374e-6
19.02	1.4191426888505275e-6
19.03	1.4168758413481448e-6
19.04	1.414614064135057e-6
19.05	1.4123572400575027e-6
19.06	1.4101050439617399e-6
19.07	1.4078572002596326e-6
19.080000000000002	1.405613891677549e-6
19.09	1.4033753962877401e-6
19.1	1.4011418061627803e-6
19.11	1.3989131549646646e-6
19.12	1.3966894557142161e-6
19.13	1.394470659015508e-6
19.14	1.392256556796919e-6
19.150000000000002	1.3900468243713338e-6
19.16	1.387841443289e-6
19.17	1.385640702953731e-6
19.18	1.3834447779638886e-6
19.19	1.381253692368172e-6
19.2	1.3790674309716936e-6
19.21	1.3768859632276133e-6
19.22	1.3747091703979202e-6
19.23	1.3725367845409282e-6
19.240000000000002	1.3703686592990348e-6
19.25	1.3682049960514456e-6
19.26	1.3660459974968882e-6
19.27	1.3638916866766579e-6
19.28	1.3617420213523431e-6
19.29	1.3595969980176214e-6
19.3	1.3574565816246625e-6
19.31	1.3553205819900443e-6
19.32	1.3531887980209503e-6
19.330000000000002	1.3510613243560752e-6
19.34	1.3489383666611054e-6
19.35	1.3468200023111388e-6
19.36	1.3447062292357323e-6
19.37	1.3425970293416168e-6
19.38	1.3404923534230286e-6
19.39	1.3383920494655982e-6
19.400000000000002	1.3362959185272086e-6
19.41	1.334203988874477e-6
19.42	1.33211644953997e-6
19.43	1.3300333956322304e-6
19.44	1.3279548265831954e-6
19.45	1.3258806974377221e-6
19.46	1.3238109396537997e-6
19.47	1.3217454525345016e-6
19.48	1.319684090962897e-6
19.490000000000002	1.3176268544452125e-6
19.5	1.3155738977165168e-6
19.51	1.3135253104600167e-6
19.52	1.3114811000681138e-6
19.53	1.3094412513252415e-6
19.54	1.3074057323600148e-6
19.55	1.305374446556108e-6
19.56	1.3033472354640697e-6
19.57	1.301324070958792e-6
19.580000000000002	1.299305084183093e-6
19.59	1.2972903635727238e-6
19.6	1.2952799235345255e-6
19.61	1.2932737526080776e-6
19.62	1.2912718098451893e-6
19.63	1.289273977216811e-6
19.64	1.287280100510828e-6
19.650000000000002	1.2852901824442865e-6
19.66	1.2833043610275335e-6
19.67	1.2813227152447701e-6
19.68	1.279345250788966e-6
19.69	1.2773719521273734e-6
19.7	1.2754027895119174e-6
19.71	1.2734376836013982e-6
19.72	1.271476515455868e-6
19.73	1.2695192715151277e-6
19.740000000000002	1.2675660471563044e-6
19.75	1.2656169000475799e-6
19.76	1.2636718362401882e-6
19.77	1.2617308464528543e-6
19.78	1.2597939045509089e-6
19.79	1.2578609282820497e-6
19.8	1.2559317918657832e-6
19.81	1.2540064735783035e-6
19.82	1.2520850712482897e-6
19.830000000000002	1.2501676558555886e-6
19.84	1.2482542380005165e-6
19.85	1.2463448033667397e-6
19.86	1.2444393172519215e-6
19.87	1.2425377015783916e-6
19.88	1.2406398781843322e-6
19.89	1.2387458709326399e-6
19.900000000000002	1.236855746148749e-6
19.91	1.234969527622251e-6
19.92	1.2330872111325176e-6
19.93	1.2312087837902194e-6
19.94	1.2293342122210998e-6
19.95	1.2274634243110222e-6
19.96	1.2255963645236346e-6
19.97	1.2237330475193669e-6
19.98	1.221873497199101e-6
19.990000000000002	1.2200177388259242e-6
20.	1.2181657931804156e-6