0.	0.
0.01	0.000014427764680799012
0.02	0.000028859155394167826
0.03	0.00004329780106432251
0.04	0.000057747336404008384
0.05	0.00007221140482187332
0.06	0.00008669366134562046
0.07	0.00010119777556628093
0.08	0.00011572743460901657
0.09	0.0001302863461359537
0.1	0.00014487824138665148
0.11	0.00015950687826193772
0.12	0.00017417604445699094
0.13	0.00018888956064971147
0.14	0.00020365128375061383
0.15	0.0002184651102206842
0.16	0.00023333497946387952
0.17	0.000248264877301201
0.18	0.0002632588395335677
0.19	0.00027832095560101995
0.2	0.0002934553723461288
0.21	0.0003086662978898641
0.22	0.0003239580056285738
0.23	0.00033933483836118007
0.24	0.000354801212556168
0.25	0.0003703616227684763
0.26	0.00038602064621695315
0.27	0.0004017829475336701
0.28	0.00041765328369703324
0.29	0.000433636509161368
0.3	0.00044973758119641887
0.31	0.00046596156545105933
0.32	0.0004823136417564088
0.33	0.0004987991101845529
0.34	0.0005154233973801174
0.35000000000000003	0.0005321920631831183
0.36	0.0005491108075627399
0.37	0.0005661854778830742
0.38	0.0005834220765232993
0.39	0.0006008267688763693
0.4	0.0006184058917520188
0.41000000000000003	0.0006361659622117337
0.42	0.0006541136868653722
0.43	0.0006722559716613095
0.44	0.0006905999322043538
0.45	0.0007091529046382563
0.46	0.0007279224571324454
0.47000000000000003	0.0007469164020156432
0.48	0.0007661428086023098
0.49	0.0007856100167614703
0.5	0.00080532665128132
0.51	0.0008253016370872659
0.52	0.0008455442153756214
0.53	0.0008660639607301533
0.54	0.0008868707992941034
0.55	0.0009079750280761456
0.56	0.0009293873354751589
0.5700000000000001	0.0009511188231155743
0.58	0.000973181029092582
0.59	0.000995585952734618
0.6	0.0010183460809993607
0.61	0.0010414744166290081
0.62	0.0010649845082009342
0.63	0.0010888904822209209
0.64	0.0011132070774182014
0.65	0.0011379496814143963
0.66	0.0011631343699522996
0.67	0.0011887779488852024
0.68	0.001214897999143203
0.6900000000000001	0.0012415129249096065
0.7000000000000001	0.0012686420052580689
0.71	0.0012963054495194579
0.72	0.0013245244566664413
0.73	0.001353321279023154
0.74	0.0013827192906269137
0.75	0.0014127430605880816
0.76	0.0014434184318125713
0.77	0.0014747726054681045
0.78	0.0015068342315892388
0.79	0.0015396335062260393
0.8	0.0015732022755452853
0.81	0.0016075741472889378
0.8200000000000001	0.0016427846099794385
0.8300000000000001	0.0016788711602313752
0.84	0.0017158734384794927
0.85	0.0017538333733577876
0.86	0.0017927953348559574
0.87	0.001832806296228202
0.88	0.0018739160044232105
0.89	0.0019161771585283363
0.9	0.001959645595356939
0.91	0.0020043804808329087
0.92	0.002050444505212825
0.93	0.002097904079400299
0.9400000000000001	0.002146829528608674
0.9500000000000001	0.002197295278369615
0.96	0.0022493800263107128
0.97	0.0023031668911721566
0.98	0.002358743528130791
0.99	0.002416202196576406
1.	0.0024756397629673117
1.01	0.0025371576172187314
1.02	0.002600861476210596
1.03	0.0026668610424508683
1.04	0.0027352694797843245
1.05	0.002806202661509528
1.06	0.002879778139759997
1.07	0.002956113779193898
1.08	0.003035325993968309
1.09	0.003117527526191425
1.1	0.0032028247087069837
1.11	0.0032913141680378476
1.12	0.0033830789482016464
1.1300000000000001	0.0034781840771065066
1.1400000000000001	0.0035766716587290926
1.1500000000000001	0.0036785556600287704
1.16	0.003783816673314974
1.17	0.00389239707027295
1.18	0.004004197114138457
1.19	0.004119072743239792
1.2	0.004236835852432938
1.21	0.004357257937548462
1.22	0.004480077883207326
1.23	0.004605014420043244
1.24	0.004731783325534346
1.25	0.004860118803052006
1.26	0.004989797710845594
1.27	0.005120664551029742
1.28	0.0052526545375498205
1.29	0.005385811816530705
1.3	0.005520300137559543
1.31	0.00565640399341
1.32	0.005794519354459974
1.33	0.005935134410444698
1.34	0.0060788019369480886
1.35	0.006226105800979366
1.36	0.006377624582609697
1.37	0.006533895317936753
1.3800000000000001	0.0066953800692376485
1.3900000000000001	0.0068624375613632995
1.4000000000000001	0.007035301641182171
1.41	0.007214067913949182
1.42	0.007398689600943412
1.43	0.007588983383697878
1.44	0.007784645637941571
1.45	0.007985278892315279
1.46	0.008190427491380922
1.47	0.00839962030734947
1.48	0.008612417060953908
1.49	0.008828453633299394
1.5	0.009047481010595845
1.51	0.009269392524648598
1.52	0.009494235031902073
1.53	0.009722201591866179
1.54	0.009953605790450085
1.55	0.010188840637382795
1.56	0.010428327410661563
1.57	0.010672461460837298
1.58	0.01092156254309906
1.59	0.011175836653043777
1.6	0.011435354724982815
1.61	0.011700051151349918
1.62	0.011969742205247602
1.6300000000000001	0.012244161447379534
1.6400000000000001	0.012523006474080578
1.6500000000000001	0.01280598935732794
1.6600000000000001	0.013092882273065501
1.67	0.0133835504267149
1.68	0.013677966531101182
1.69	0.013976204492827132
1.7	0.014278413992738428
1.71	0.014584781454385137
1.72	0.014895485619597764
1.73	0.015210656949500004
1.74	0.01553034908717403
1.75	0.015854527848807497
1.76	0.01618307925012587
1.77	0.01651583379615925
1.78	0.016852600634792273
1.79	0.017193203061188836
1.8	0.017537506809131003
1.81	0.0178854346401894
1.82	0.01823696445178792
1.83	0.018592112508484155
1.84	0.018950907265979058
1.85	0.019313361526440254
1.86	0.019679450702867047
1.87	0.020049102795066887
1.8800000000000001	0.020422201963282552
1.8900000000000001	0.02079860346368617
1.9000000000000001	0.02117815444204784
1.9100000000000001	0.021560713661410512
1.92	0.021946164072075208
1.93	0.022334414887559276
1.94	0.02272539353645705
1.95	0.023119031227773083
1.96	0.02351524774273292
1.97	0.023913940849861086
1.98	0.024314983606610593
1.99	0.024718229637771393
2.	0.02512352350930047
2.0100000000000002	0.02553071166775299
2.02	0.025939649654351644
2.0300000000000002	0.02635020321928049
2.04	0.026762243673124096
2.05	0.0271756401458147
2.06	0.027590252423354132
2.07	0.028005927368117974
2.08	0.028422500017926067
2.09	0.02883979825256143
2.1	0.029257648439602484
2.11	0.02967587934456642
2.12	0.03009432275396062
2.13	0.03051281103792836
2.14	0.030931173344923575
2.15	0.031349232574977154
2.16	0.031766804591536815
2.17	0.032183699776089716
2.18	0.03259972578763943
2.19	0.03301468991245055
2.2	0.03342839985266797
2.21	0.03384066284191504
2.22	0.03425128393867543
2.23	0.03466006469117553
2.24	0.03506680296614402
2.25	0.03547129391925417
2.2600000000000002	0.03587333140167843
2.27	0.03627270894754623
2.2800000000000002	0.036669219893832136
2.29	0.037062656813789306
2.3000000000000003	0.03745281086031703
2.31	0.03783947157416636
2.32	0.03822242730665767
2.33	0.038601465965333696
2.34	0.0389763756230937
2.35	0.03934694471319898
2.36	0.03971296188114003
2.37	0.040074215801746436
2.38	0.040430495239370305
2.39	0.040781589396327686
2.4	0.04112728836924804
2.41	0.04146738348689446
2.42	0.04180166744221039
2.43	0.04212993431381678
2.44	0.04245197964349635
2.45	0.042767600657547145
2.46	0.04307659658317983
2.47	0.04337876894195459
2.48	0.04367392174739566
2.49	0.043961861633096226
2.5	0.044242397993446904
2.5100000000000002	0.044515343189966264
2.52	0.044780512804791235
2.5300000000000002	0.04503772588300707
2.54	0.045286805128109314
2.5500000000000003	0.04552757706620012
2.56	0.045759872219591366
2.57	0.04598352531029904
2.58	0.046198375477660376
2.59	0.04640426648151878
2.6	0.04660104688111273
2.61	0.04678857020410368
2.62	0.04696669512362534
2.63	0.04713528564472008
2.64	0.04729421128705955
2.65	0.04744334725361992
2.66	0.04758257458810765
2.67	0.047711780330500476
2.68	0.04783085767420164
2.69	0.0479397061195423
2.7	0.04803823161749697
2.71	0.04812634670366762
2.72	0.04820397062685735
2.73	0.04827102947425984
2.74	0.04832745629080282
2.75	0.048373191189552224
2.7600000000000002	0.048408181453156465
2.77	0.04843238162831861
2.7800000000000002	0.04844575361395415
2.79	0.048448266741584846
2.8000000000000003	0.048439897846592535
2.81	0.048420631330566975
2.82	0.04839045921560483
2.83	0.04834938119048342
2.84	0.04829740464784234
2.85	0.04823454471192841
2.86	0.0481608242572004
2.87	0.04807627391804029
2.88	0.04798093208928163
2.89	0.047874844917169965
2.9	0.04775806628075571
2.91	0.047630657763907965
2.92	0.04749268861792765
2.93	0.047344235714581066
2.94	0.04718538348952081
2.95	0.04701622387622423
2.96	0.04683685623052764
2.97	0.04664738724573786
2.98	0.046447930858354816
2.99	0.04623860814453833
3.	0.046019547207454596
3.0100000000000002	0.045790883055593284
3.02	0.045552757472172335
3.0300000000000002	0.045305318875806376
3.04	0.04504872217262721
3.0500000000000003	0.04478312860002968
3.06	0.044508705562239625
3.0700000000000003	0.044225626457933924
3.08	0.043934070500156415
3.09	0.04363422252877393
3.1	0.04332627281573589
3.11	0.04301041686342451
3.12	0.042686855196391774
3.13	0.042355793146788716
3.14	0.04201744063380745
3.15	0.041672011937472525
3.16	0.04131972546712668
3.17	0.04096080352496511
3.18	0.040595472064985774
3.19	0.04022396044773226
3.2	0.03984650119121323
3.21	0.03946332971839085
3.22	0.039074684101637835
3.23	0.038680804804570285
3.24	0.038281934421666164
3.25	0.037878317416086466
3.2600000000000002	0.037470199856118255
3.27	0.037057829150662684
3.2800000000000002	0.03664145378419119
3.29	0.03622132305159631
3.3000000000000003	0.03579768679336134
3.31	0.03537079513147387
3.3200000000000003	0.03494089820650499
3.33	0.03450824591627403
3.34	0.03407308765651473
3.35	0.033635672063953716
3.36	0.03319624676220706
3.37	0.03275505811089371
3.38	0.032312350958357966
3.39	0.03186836839838351
3.4	0.03142335153127445
3.41	0.03097753922966658
3.42	0.030531167909423337
3.43	0.0300844713059579
3.44	0.029637680256312013
3.45	0.029191022487307226
3.46	0.02874472241007317
3.47	0.028299000921240304
3.48	0.02785407521107211
3.49	0.027410158578794787
3.5	0.02696746025536694
3.5100000000000002	0.026526185233915138
3.52	0.026086534108044807
3.5300000000000002	0.0256487029182175
3.54	0.025212883006369494
3.5500000000000003	0.024779260878926887
3.56	0.02434801807835599
3.5700000000000003	0.023919331063367872
3.58	0.023493371097878454
3.59	0.02307030414880624
3.6	0.0226502907927715
3.61	0.022233486131741708
3.62	0.021820039717649578
3.63	0.02141009548599171
3.64	0.0210037916983969
3.65	0.02060126089413568
3.66	0.020202629850524234
3.67	0.019808019552158454
3.68	0.019417545168896412
3.69	0.019031316042491152
3.7	0.018649435681758204
3.71	0.018272001766147544
3.72	0.017899106157572925
3.73	0.01753083492033784
3.74	0.017167268348981645
3.75	0.01680848100385704
3.7600000000000002	0.016454541754235698
3.77	0.01610551382872764
3.7800000000000002	0.01576145487278693
3.79	0.015422417013066705
3.8000000000000003	0.0150884469283749
3.81	0.014759585926973712
3.8200000000000003	0.014435870029956327
3.83	0.014117330060427175
3.84	0.013803991738204254
3.85	0.01349587577975635
3.86	0.013192998003082351
3.87	0.012895369437234837
3.88	0.01260299643618709
3.89	0.01231588079673891
3.9	0.012034019880155046
3.91	0.011757406737228185
3.92	0.011486030236458541
3.93	0.011219875195041374
3.94	0.010958922512355883
3.95	0.010703149305649558
3.96	0.010452529047615452
3.97	0.010207031705562336
3.98	0.009966623881882117
3.99	0.009731268955522801
4.	0.009500927224181102
4.01	0.009275556046933843
4.0200000000000005	0.009055109987034063
4.03	0.008839540954604309
4.04	0.00862879834896666
4.05	0.008422829200357085
4.0600000000000005	0.00822157831077946
4.07	0.008024988393762943
4.08	0.007833000212794969
4.09	0.007645552718211057
4.1	0.007462583182331108
4.11	0.007284027332641079
4.12	0.007109819482827343
4.13	0.006939892661479636
4.14	0.006774178738286967
4.15	0.006612608547557852
4.16	0.006455112008904007
4.17	0.0063016182449319325
4.18	0.006152055695792612
4.19	0.006006352230442599
4.2	0.005864435254472429
4.21	0.005726231814358074
4.22	0.005591668697990294
4.23	0.005460672531332315
4.24	0.005333169871050918
4.25	0.0052090872929582074
4.26	0.005088351476092864
4.2700000000000005	0.0049708892822607105
4.28	0.004856627830848181
4.29	0.004745494568720525
4.3	0.004637417335025649
4.3100000000000005	0.004532324420748599
4.32	0.004430144622911643
4.33	0.004330807293399302
4.34	0.0042342423825205335
4.3500000000000005	0.0041403804776128155
4.36	0.004049152837257277
4.37	0.003960491422014067
4.38	0.003874328922996282
4.39	0.0037905987900515707
4.4	0.003709235261759097
4.41	0.003630173399788082
4.42	0.003553349130282377
4.43	0.003478699294694182
4.44	0.0034061617117580457
4.45	0.003335675251000228
4.46	0.0032671799163550984
4.47	0.003200616936307283
4.48	0.0031359288548628364
4.49	0.0030730596160653796
4.5	0.003011954634208066
4.51	0.0029525608426876067
4.5200000000000005	0.0028948267166346874
4.53	0.002838702267698985
4.54	0.002784139013021929
4.55	0.002731089923726588
4.5600000000000005	0.0026795093605270544
4.57	0.002629353004940656
4.58	0.0025805777940716462
4.59	0.0025331418653332907
4.6000000000000005	0.002487004515259259
4.61	0.0024421261742041075
4.62	0.0023984683966080554
4.63	0.002355993864800301
4.64	0.002314666403080681
4.65	0.00227445099799586
4.66	0.0022353138202216467
4.67	0.0021972222432055572
4.68	0.0021601448536948376
4.69	0.0021240514495172854
4.7	0.0020889130205819185
4.71	0.002054701710114793
4.72	0.0020213907546851807
4.73	0.0019889544035518974
4.74	0.001957367820079933
4.75	0.0019266069701300396
4.76	0.0018966485040257661
4.7700000000000005	0.0018674696395959596
4.78	0.001839048053651896
4.79	0.0018113617880724771
4.8	0.0017843891746530877
4.8100000000000005	0.001758108780414286
4.82	0.0017324993726305423
4.83	0.0017075399008512676
4.84	0.0016832094919436626
4.8500000000000005	0.001659487453819865
4.86	0.0016363532839928218
4.87	0.0016137866802908337
4.88	0.0015917675527320186
4.89	0.0015702760374610022
4.9	0.0015492925155032042
4.91	0.0015287976405997897
4.92	0.0015087723812349427
4.93	0.0014891980818466895
4.94	0.0014700565468693946
4.95	0.001451330148582212
4.96	0.0014330019558776584
4.97	0.0014150558765026195
4.98	0.0013974768008927778
4.99	0.001380250732480722
5.	0.0013633648883347401
5.01	0.0013468077558341771
5.0200000000000005	0.0013305690957951175
5.03	0.0013146398892413245
5.04	0.0012990122324764855
5.05	0.0012836791916568183
5.0600000000000005	0.001268634632368631
5.07	0.0012538730411146201
5.08	0.001239389354206053
5.09	0.001225178806070446
5.1000000000000005	0.0012112368044514897
5.11	0.0011975588354124246
5.12	0.0011841403972059862
5.13	0.001170976959336539
5.14	0.0011580639415775783
5.15	0.001145396707158421
5.16	0.0011329705645253508
5.17	0.0011207807727286274
5.18	0.001108822546348321
5.19	0.0010970910567817032
5.2	0.0010855814275808444
5.21	0.001074288722321978
5.22	0.0010632079242260503
5.23	0.0010523339074809406
5.24	0.0010416614010034465
5.25	0.0010311849462866997
5.26	0.001020898852053239
5.2700000000000005	0.0010107971496862718
5.28	0.0010008735547928115
5.29	0.0009911214416278146
5.3	0.0009815338382380744
5.3100000000000005	0.000972103450718263
5.32	0.0009628227244790433
5.33	0.0009536839484763584
5.34	0.0009446794046426752
5.3500000000000005	0.0009358015593023368
5.36	0.0009270432866240906
5.37	0.0009183981071919074
5.38	0.0009098604190381191
5.39	0.0009014256955905113
5.4	0.0008930906261905168
5.41	0.0008848531805375179
5.42	0.0008767125878445749
5.43	0.000868669232827791
5.44	0.0008607244814946093
5.45	0.000852880457793833
5.46	0.0008451397961010798
5.47	0.0008375053939502702
5.48	0.0008299801851735558
5.49	0.0008225669471416562
5.5	0.0008152681487190597
5.51	0.0008080858391990571
5.5200000000000005	0.0008010215736873949
5.53	0.0007940763674574554
5.54	0.0007872506705960219
5.55	0.0007805443544611405
5.5600000000000005	0.000773956702680949
5.57	0.0007674864012772473
5.58	0.0007611315247378306
5.59	0.000754889517321966
5.6000000000000005	0.0007487571714644222
5.61	0.0007427306077610043
5.62	0.0007368052635459419
5.63	0.0007309758992862682
5.64	0.0007252366335658883
5.65	0.0007195810178273098
5.66	0.0007140021607248768
5.67	0.0007084929084249927
5.68	0.0007030460812384878
5.69	0.0006976547588637899
5.7	0.0006923125972189289
5.71	0.0006870141510070515
5.72	0.00068175516990009
5.73	0.0006765328345537312
5.74	0.0006713459028208691
5.75	0.0006661947463880831
5.76	0.0006610812719508839
5.7700000000000005	0.0006560087361146444
5.78	0.0006509814762477871
5.79	0.0006460045879255516
5.8	0.0006410835821308708
5.8100000000000005	0.000636224052320726
5.82	0.0006314313743551941
5.83	0.0006267104532534065
5.84	0.0006220655218480204
5.8500000000000005	0.0006174999891849315
5.86	0.0006130163317717278
5.87	0.0006086160186825754
5.88	0.0006042994617934746
5.89	0.0006000659845305033
5.9	0.0005959138058731271
5.91	0.0005918400403807708
5.92	0.0005878407191334599
5.93	0.0005839108401033163
5.94	0.0005800444589479605
5.95	0.0005762348318247421
5.96	0.0005724746198723866
5.97	0.0005687561600001879
5.98	0.00056507179852848
5.99	0.0005614142737279874
6.	0.0005577771219771916
6.01	0.0005541550724329241
6.0200000000000005	0.0005505443894388359
6.03	0.0005469431225812294
6.04	0.0005433512322660047
6.05	0.0005397705730264409
6.0600000000000005	0.000536204734774353
6.07	0.0005326587600798132
6.08	0.0005291387695603897
6.09	0.0005256515350074365
6.1000000000000005	0.0005222040402356129
6.11	0.0005188030638909287
6.12	0.0005154548088992682
6.13	0.0005121645925759642
6.140000000000001	0.0005089366019790508
6.15	0.0005057737123980311
6.16	0.0005026773635359107
6.17	0.0004996474877963806
6.18	0.0004966824874195923
6.19	0.0004937792609897311
6.2	0.000490933283877354
6.21	0.0004881387502378425
6.22	0.00048538878506860264
6.23	0.00048267573253075747
6.24	0.0004799915206909971
6.25	0.0004773280931785897
6.26	0.00047467788610036643
6.2700000000000005	0.0004720343160801173
6.28	0.0004693922354341033
6.29	0.0004667483063115879
6.3	0.0004641012493197005
6.3100000000000005	0.00046145193415924983
6.32	0.00045880329836153934
6.33	0.0004561601016772594
6.34	0.0004535285435077969
6.3500000000000005	0.0004509157849920455
6.36	0.0004483294236728736
6.37	0.0004457769669824703
6.38	0.00044326534295557185
6.390000000000001	0.0004408004755497542
6.4	0.0004383869407639029
6.41	0.00043602771074206857
6.42	0.0004337239874661813
6.43	0.00043147512557204805
6.44	0.0004292786444323136
6.45	0.0004271303314855871
6.46	0.0004250244401185318
6.47	0.0004229539845434378
6.48	0.00042091112977219353
6.49	0.0004188876664511474
6.5	0.00041687554857545013
6.51	0.00041486745880637665
6.5200000000000005	0.0004128573542457644
6.53	0.0004108409385624668
6.54	0.00040881600731268686
6.55	0.00040678262355207354
6.5600000000000005	0.0004047430994486488
6.57	0.0004027017832517488
6.58	0.0004006646748369811
6.59	0.00039863891228635913
6.6000000000000005	0.0003966321831819045
6.61	0.00039465211644063323
6.62	0.0003927057049058023
6.63	0.0003907987984352156
6.640000000000001	0.00038893569525984967
6.65	0.00038711884871962576
6.66	0.00038534869869294593
6.67	0.00038362363230458053
6.68	0.00038194007582249216
6.69	0.0003802927173071753
6.7	0.0003786748556610042
6.71	0.0003770788647760766
6.72	0.00037549675101825275
6.73	0.00037392076921572017
6.74	0.0003723440490109352
6.75	0.0003707611733350687
6.76	0.00036916864751534317
6.7700000000000005	0.0003675652037454596
6.78	0.00036595190180735583
6.79	0.0003643320108247843
6.8	0.00036271068399092095
6.8100000000000005	0.0003610944632095902
6.82	0.00035949066870241854
6.83	0.000357906737237104
6.84	0.00035634957173831934
6.8500000000000005	0.0003548249568814789
6.86	0.00035333708319346005
6.87	0.0003518882094188349
6.88	0.00035047848160219897
6.890000000000001	0.00034910591814338174
6.9	0.0003477665623051159
6.91	0.0003464547957850187
6.92	0.0003451637974525089
6.93	0.00034388611938410564
6.94	0.00034261433844583774
6.95	0.0003413417279858216
6.96	0.00034006288408346423
6.97	0.00033877423796543324
6.98	0.0003374743933965069
6.99	0.00033616424564894077
7.	0.00033484686480276117
7.01	0.00033352715595858103
7.0200000000000005	0.0003322113366825826
7.03	0.0003309062925523556
7.04	0.00032961888208594
7.05	0.0003283552624171056
7.0600000000000005	0.0003271202989461918
7.07	0.00032591710913222507
7.08	0.00032474677573677494
7.09	0.00032360825021347615
7.1000000000000005	0.0003224984531467563
7.11	0.0003214125651217685
7.12	0.0003203444871957748
7.13	0.00031928743477695155
7.140000000000001	0.00031823461296939847
7.15	0.0003171799075914526
7.16	0.00031611851752876843
7.17	0.0003150474543647998
7.18	0.0003139658465934039
7.19	0.0003128750079528993
7.2	0.0003117782594198477
7.21	0.00031068052679403176
7.22	0.00030958776450536765
7.23	0.0003085062763010662
7.24	0.0003074420123030038
7.25	0.00030639991983254363
7.26	0.0003053834147720412
7.2700000000000005	0.00030439402430795256
7.28	0.0003034312335235228
7.29	0.00030249254919708615
7.3	0.0003015737748884605
7.3100000000000005	0.00030066947197553785
7.32	0.00029977356205923404
7.33	0.0002988800084552251
7.34	0.00029798350097636714
7.3500000000000005	0.00029708006230556644
7.36	0.0002961674990399953
7.37	0.0002952456372955321
7.38	0.0002943163101841708
7.390000000000001	0.00029338309825277607
7.4	0.0002924508579824538
7.41	0.0002915251014808515
7.42	0.0002906113080216837
7.43	0.000289714253299129
7.44	0.00028883743608211173
7.45	0.00028798266706390693
7.46	0.0002871498642865105
7.47	0.00028633707622994077
7.48	0.00028554072925433566
7.49	0.0002847560717496159
7.5	0.00028397776439396293
7.51	0.00028320054642797253
7.5200000000000005	0.0002824198948078063
7.53	0.00028163258983523884
7.54	0.0002808371098634421
7.55	0.0002800337992933229
7.5600000000000005	0.000279224785733516
7.57	0.0002784136586373521
7.58	0.0002776049562969015
7.59	0.0002768035345809256
7.6000000000000005	0.00027601390517992497
7.61	0.0002752396321825746
7.62	0.00027448286494990786
7.63	0.0002737440654063684
7.640000000000001	0.000273021962320134
7.65	0.0002723137368046064
7.66	0.00027161541457304116
7.67	0.00027092241379304377
7.68	0.0002702301755128193
7.69	0.0002695347898719375
7.7	0.00026883352891207723
7.71	0.00026812520783683674
7.72	0.0002674103207363128
7.73	0.00026669093080660056
7.74	0.0002659703330939393
7.75	0.00026525254275924006
7.76	0.0002645416875099083
7.7700000000000005	0.00026384139521514865
7.78	0.00026315426581034713
7.79	0.0002624815020007608
7.8	0.0002618227491652173
7.8100000000000005	0.0002611761649360649
7.82	0.000260538706816379
7.83	0.0002599065953829466
7.84	0.0002592758847012444
7.8500000000000005	0.0002586430542869926
7.86	0.00025800553173033474
7.87	0.00025736206412510797
7.88	0.0002567128795071697
7.890000000000001	0.0002560596133701947
7.9	0.00025540501406452423
7.91	0.00025475247720996736
7.92	0.00025410548641910445
7.930000000000001	0.00025346705109595267
7.94	0.0002528392303409333
7.95	0.00025222281638870417
7.96	0.00025161722481559473
7.97	0.00025102060621533966
7.98	0.00025043015967367717
7.99	0.00024984259672132487
8.	0.00024925467999891695
8.01	0.0002486637477486326
8.02	0.0002480681364705957
8.03	0.000247467430529936
8.040000000000001	0.00024686249709485127
8.05	0.00024625530241937727
8.06	0.00024564854397965776
8.07	0.0002450451648376897
8.08	0.00024444783592532
8.09	0.00024385849567027488
8.1	0.00024327802466860024
8.11	0.00024270610871674365
8.120000000000001	0.0002421413108946604
8.13	0.00024158133777764905
8.14	0.00024102345170504654
8.15	0.00024046495560979235
8.16	0.00023990366374516394
8.17	0.00023933827370500017
8.18	0.0002387685728665803
8.19	0.0002381954430623629
8.2	0.00023762066517008
8.21	0.00023704656281688748
8.22	0.00023647555394991487
8.23	0.00023590969494321947
8.24	0.000235350301592541
8.25	0.00023479771551868623
8.26	0.00023425125661370665
8.27	0.00023370936744600675
8.28	0.00023316992005393463
8.290000000000001	0.00023263062543515297
8.3	0.00023208946675099974
8.31	0.00023154507274931766
8.32	0.0002309969596070562
8.33	0.00023044559551847255
8.34	0.000229892277858086
8.35	0.00022933885026088494
8.36	0.00022878731854789815
8.370000000000001	0.0002282394435581293
8.38	0.00022769639202379114
8.39	0.0002271585135473847
8.4	0.00022662528558144035
8.41	0.000226095434415382
8.42	0.00022556720506864658
8.43	0.00022503872335705486
8.44	0.00022450837506495658
8.45	0.000223975124038185
8.46	0.0002234387041459951
8.47	0.00022289964701365533
8.48	0.00022235914253015295
8.49	0.00022181876466726387
8.5	0.00022128012323347114
8.51	0.0002207445167796239
8.52	0.00022021266013924235
8.53	0.00021968454284204567
8.540000000000001	0.0002191594458865649
8.55	0.00021863611025703145
8.56	0.0002181130182030045
8.57	0.0002175887244072827
8.58	0.00021706216390397925
8.59	0.00021653286941125216
8.6	0.0002160010515607587
8.61	0.00021546752675724
8.620000000000001	0.00021493351189757386
8.63	0.00021440033487756958
8.64	0.00021386912788840301
8.65	0.0002133405730291106
8.66	0.00021281475653079761
8.67	0.0002122911622373939
8.68	0.0002117688028608809
8.69	0.00021124645614253797
8.700000000000001	0.00021072294942722395
8.71	0.00021019742568384917
8.72	0.00020966952920148586
8.73	0.00020913946894938576
8.74	0.00020860794722866386
8.75	0.0002080759735451019
8.76	0.00020754461067868534
8.77	0.00020701471518801652
8.78	0.0002064867345914514
8.790000000000001	0.00020596060854281067
8.8	0.0002054357953438681
8.81	0.00020491141447530724
8.82	0.0002043864678391653
8.83	0.00020386008379425063
8.84	0.00020333172335294916
8.85	0.00020280129828023028
8.86	0.0002022691737030984
8.870000000000001	0.0002017360573569522
8.88	0.00020120280614877232
8.89	0.00020067020097701217
8.9	0.00020013874765804912
8.91	0.0001996085538726531
8.92	0.0001990793115856074
8.93	0.00019855038682138618
8.94	0.000198020991087696
8.950000000000001	0.00019749038815309526
8.96	0.00019695808155550438
8.97	0.00019642393426880678
8.98	0.0001958881907379682
8.99	0.0001953513979269191
9.	0.0001948142489291092
9.01	0.0001942773927985154
9.02	0.00019374126225728136
9.03	0.0001932059649100589
9.040000000000001	0.0001926712654489896
9.05	0.00019213666116309495
9.06	0.00019160152774188728
9.07	0.0001910652937186621
9.08	0.00019052759494156022
9.09	0.00018998836701061164
9.1	0.0001894478517495427
9.11	0.00018890651829421253
9.120000000000001	0.00018836492327165664
9.13	0.00018782355105266888
9.14	0.00018728267964215661
9.15	0.00018674230937065238
9.16	0.00018620217281259825
9.17	0.00018566182078637539
9.18	0.0001851207576607957
9.19	0.00018457858565095012
9.200000000000001	0.00018403511613217577
9.21	0.00018349041658111554
9.22	0.00018294478132211791
9.23	0.00018239863691584516
9.24	0.00018185241200231937
9.25	0.00018130641112724122
9.26	0.00018076072983627767
9.27	0.00018021523504035676
9.28	0.0001796696145219125
9.290000000000001	0.00017912347861004496
9.3	0.00017857648176336467
9.31	0.00017802842659089498
9.32	0.00017747931915169403
9.33	0.00017692936010002072
9.34	0.00017637887638154563
9.35	0.00017582821640968647
9.36	0.00017527764232347834
9.370000000000001	0.00017472725288255358
9.38	0.00017417696004384624
9.39	0.000173626524805985
9.4	0.00017307563911935766
9.41	0.00017252402648186059
9.42	0.00017197152867709666
9.43	0.00017141815145256255
9.44	0.00017086405588273007
9.450000000000001	0.00017030950005226844
9.46	0.0001697547516411823
9.47	0.00016920000084208676
9.48	0.00016864530206101437
9.49	0.000168090562594781
9.5	0.0001675355805151281
9.51	0.0001669801176958428
9.52	0.00016642398267973645
9.53	0.0001658670955275561
9.540000000000001	0.00016530951360474978
9.55	0.00016475141097032172
9.56	0.00016419301986198234
9.57	0.000163634555307242
9.58	0.0001630761489429199
9.59	0.0001625178141550616
9.6	0.00016195945323855656
9.61	0.00016140090251555135
9.620000000000001	0.00016084199840200164
9.63	0.00016028264070691415
9.64	0.00015972283117903334
9.65	0.00015916267468686578
9.66	0.00015860234396041528
9.67	0.00015804202165341236
9.68	0.0001574818410705232
9.69	0.00015692184668078128
9.700000000000001	0.00015636198778925538
9.71	0.00015580214643097317
9.72	0.0001552421882178424
9.73	0.00015468201695615638
9.74	0.00015412161311740134
9.75	0.0001535610427824827
9.76	0.00015300043491893589
9.77	0.0001524399365419127
9.78	0.00015187966312597346
9.790000000000001	0.00015131966278568936
9.8	0.00015075990698362233
9.81	0.00015020031018958256
9.82	0.00014964076999258042
9.83	0.00014908121177164066
9.84	0.00014852162085908263
9.85	0.00014796205046123905
9.86	0.00014740260323512945
9.870000000000001	0.00014684339455513224
9.88	0.0001462845122363681
9.89	0.00014572598831498495
9.9	0.00014516779326886076
9.91	0.0001446098539941496
9.92	0.00014405208757354185
9.93	0.00014349443701258273
9.94	0.00014293689488316117
9.950000000000001	0.00014237950613167424
9.96	0.0001418223499159049
9.97	0.00014126550870678726
9.98	0.00014070903768847225
9.99	0.00014015294689346362
10.	0.00013959720291938224
10.01	0.00013904174889518484
10.02	0.0001384865339873294
10.03	0.00013793154013781156
10.040000000000001	0.00013737679526668422
10.05	0.00013682236807116143
10.06	0.00013626834725584928
10.07	0.00013571481429941408
10.08	0.00013516182114933366
10.09	0.00013460938171575555
10.1	0.00013405747991558368
10.11	0.00013350608997864523
10.120000000000001	0.00013295519975828313
10.13	0.00013240482691933357
10.14	0.00013185502134119352
10.15	0.00013130585325267933
10.16	0.0001307573927727341
10.17	0.00013020969001984286
10.18	0.00012966276435643975
10.19	0.00012911660704712606
10.200000000000001	0.0001285711956168719
10.21	0.00012802651316710714
10.22	0.00012748256401257086
10.23	0.00012693937896892434
10.24	0.0001263970084540183
10.25	0.0001258555070276443
10.26	0.00012531491663637709
10.27	0.00012477525609023407
10.28	0.00012423652117811042
10.290000000000001	0.00012369869484971124
10.3	0.00012316176236409145
10.31	0.00012262572426347782
10.32	0.00012209060131746448
10.33	0.00012155642949397702
10.34	0.0001210232476660761
10.35	0.00012049108399314105
10.36	0.00011995994728365699
10.370000000000001	0.00011942982708919182
10.38	0.00011890070209132
10.39	0.00011837255253785264
10.4	0.00011784537082757587
10.41	0.0001173191655300668
10.42	0.00011679395748821761
10.43	0.00011626977050591242
10.44	0.00011574662161303916
10.450000000000001	0.00011522451588157903
10.46	0.00011470344833984418
10.47	0.00011418341195447567
10.48	0.00011366440769460625
10.49	0.0001131464517738079
10.5	0.00011262957666140207
10.51	0.00011211382555345455
10.52	0.00011159924312602399
10.53	0.00011108586702634242
10.540000000000001	0.00011057372394988021
10.55	0.00011006283169312777
10.56	0.00010955320555532676
10.57	0.0001090448654081165
10.58	0.00010853783964278872
10.59	0.00010803216401034236
10.6	0.0001075278760958608
10.61	0.0001070250083937347
10.620000000000001	0.0001065235835607231
10.63	0.00010602361417281144
10.64	0.00010552510691526793
10.65	0.00010502806887144892
10.66	0.00010453251260727643
10.67	0.00010403845752427825
10.68	0.00010354592700156676
10.69	0.00010305494304838461
10.700000000000001	0.00010256552138819953
10.71	0.00010207766950712626
10.72	0.00010159138849658143
10.73	0.00010110667745953758
10.74	0.00010062353794110456
10.75	0.00010014197595387772
10.76	0.00009966200057960038
10.77	0.0000991836200312136
10.78	0.00009870683741064499
10.790000000000001	0.00009823164849332614
10.8	0.00009775804271303337
10.81	0.00009728600679177906
10.82	0.00009681552912233918
10.83	0.00009634660277266676
10.84	0.00009587922591445989
10.85	0.00009541340000532273
10.86	0.00009494912729389835
10.870000000000001	0.00009448640948760264
10.88	0.00009402524861419815
10.89	0.0000935656497259738
10.9	0.00009310762394994385
10.91	0.00009265119012722198
10.92	0.00009219637403227742
10.93	0.00009174320546367708
10.94	0.00009129171459913894
10.950000000000001	0.00009084192929756279
10.96	0.00009039387438290255
10.97	0.00008994757277196404
10.98	0.00008950304730375216
10.99	0.00008906032185495888
11.	0.00008861942089766038
11.01	0.00008818036768818707
11.02	0.00008774318213653914
11.03	0.00008730787959185464
11.040000000000001	0.00008687447121174518
11.05	0.0000864429656336765
11.06	0.00008601337091841076
11.07	0.0000855856956271266
11.08	0.0000851599484620718
11.09	0.00008473613677524019
11.1	0.000084314264892846
11.11	0.00008389433324165639
11.120000000000001	0.00008347633870644451
11.13	0.00008306027586711521
11.14	0.00008264613825011668
11.15	0.0000822339187862621
11.16	0.00008182360923523651
11.17	0.00008141519904212155
11.18	0.0000810086744903227
11.19	0.00008060401887312007
11.200000000000001	0.00008020121383184049
11.21	0.00007980024137250128
11.22	0.00007940108576311913
11.23	0.00007900373469413492
11.24	0.00007860817960235255
11.25	0.00007821441555985974
11.26	0.00007782244129337084
11.27	0.00007743225964437855
11.28	0.00007704387830423066
11.290000000000001	0.00007665731029691382
11.3	0.00007627257368464165
11.31	0.00007588969033821249
11.32	0.00007550868410577391
11.33	0.00007512957901400492
11.34	0.00007475239806091364
11.35	0.00007437716277248239
11.36	0.00007400389325528552
11.370000000000001	0.00007363260826191421
11.38	0.00007326332491075603
11.39	0.00007289605805241002
11.4	0.00007253081959671887
11.41	0.0000721676181883409
11.42	0.00007180645940703887
11.43	0.0000714473463303514
11.44	0.00007109028006933335
11.450000000000001	0.00007073525992450474
11.46	0.00007038228307503679
11.47	0.00007003134402148341
11.48	0.00006968243414468071
11.49	0.00006933554163824996
11.5	0.00006899065181116577
11.51	0.00006864774753372514
11.52	0.00006830680957081478
11.53	0.00006796781672141568
11.540000000000001	0.00006763074592721977
11.55	0.00006729557264525039
11.56	0.00006696227170202713
11.57	0.00006663081861080064
11.58	0.00006630119109590578
11.59	0.00006597337047917171
11.6	0.00006564734268265123
11.61	0.0000653230988006569
11.620000000000001	0.00006500063534698084
11.63	0.00006467995429654033
11.64	0.00006436106293553163
11.65	0.0000640439734214147
11.66	0.00006372870194456298
11.67	0.0000634152675024238
11.68	0.00006310369046618532
11.69	0.00006279399121793562
11.700000000000001	0.00006248618909027894
11.71	0.00006218030167923525
11.72	0.00006187634443237382
11.73	0.0000615743303435612
11.74	0.00006127426964266769
11.75	0.00006097616948998677
11.76	0.00006068003376855291
11.77	0.000060385863049983224
11.78	0.00006009365471173479
11.790000000000001	0.000059803403089032235
11.8	0.00005951509953139225
11.81	0.000059228732314809124
11.82	0.00005894428647722999
11.83	0.00005866174371414949
11.84	0.000058381082450561355
11.85	0.00005810227812249141
11.86	0.000057825303626974484
11.870000000000001	0.00005755012988964366
11.88	0.000057276726551240176
11.89	0.00005700506283147904
11.9	0.00005673510862776152
11.91	0.00005646683582943252
11.92	0.00005620021971781609
11.93	0.00005593524024799235
11.94	0.00005567188301556933
11.950000000000001	0.000055410139790493755
11.96	0.0000551500085973617
11.97	0.000054891493385269726
11.98	0.00005463460334559925
11.99	0.000054379351930101274
12.	0.00005412575563171886
12.01	0.00005387383262856352
12.02	0.00005362360143251838
12.030000000000001	0.00005337507968901818
12.040000000000001	0.00005312828322577553
12.05	0.00005288322536668767
12.06	0.00005263991645815882
12.07	0.000052398363533487495
12.08	0.000052158570065842273
12.09	0.000051920535798960197
12.1	0.00005168425666151646
12.11	0.000051449724756505856
12.120000000000001	0.00005121692839231142
12.13	0.00005098585211846724
12.14	0.00005075647675911195
12.15	0.000050528779484137814
12.16	0.000050302733990615974
12.17	0.00005007831086504139
12.18	0.00004985547816620507
12.19	0.000049634202232870755
12.200000000000001	0.000049414448699031284
12.21	0.000049196183690660496
12.22	0.000048979375163369195
12.23	0.000048763994305714356
12.24	0.000048550016884619334
12.25	0.0000483374243737253
12.26	0.00004812620470937186
12.27	0.000047916352568915306
12.280000000000001	0.000047707869143366994
12.290000000000001	0.00004750076145040362
12.3	0.000047295041283085234
12.31	0.000047090723911839115
12.32	0.00004688782666310349
12.33	0.00004668636749646477
12.34	0.00004648636369185724
12.35	0.00004628783073244022
12.36	0.000046090781426239594
12.370000000000001	0.00004589522526206323
12.38	0.000045701167960565895
12.39	0.000045508611171027373
12.4	0.000045317552274986925
12.41	0.00004512798427523666
12.42	0.00004493989576040637
12.43	0.00004475327094017736
12.44	0.00004456808975215824
12.450000000000001	0.000044384328055836674
12.46	0.00004420195794922486
12.47	0.00004402094825825431
12.48	0.00004384126524621532
12.49	0.00004366287356807013
12.5	0.00004348573745945956
12.51	0.00004330982211261597
12.52	0.00004313509515690878
12.530000000000001	0.00004296152813149657
12.540000000000001	0.00004278909781365881
12.55	0.000042617787256569934
12.56	0.00004244758640536728
12.57	0.000042278492205654866
12.58	0.000042110508186833436
12.59	0.000041943643575417664
12.6	0.0000417779120505711
12.61	0.00004161333028364204
12.620000000000001	0.00004144991640564556
12.63	0.00004128768852907779
12.64	0.00004112666342136028
12.65	0.00004096685539195554
12.66	0.00004080827541793271
12.67	0.00004065093049932476
12.68	0.000040494823213088445
12.69	0.00004033995142738361
12.700000000000001	0.00004018630814487263
12.71	0.000040033881458448625
12.72	0.00003988265461842512
12.73	0.000039732606223479556
12.74	0.00003958371055863283
12.75	0.00003943593811214749
12.76	0.00003928925630608545
12.77	0.000039143630466746
12.780000000000001	0.00003899902503753058
12.790000000000001	0.00003885540499967309
12.8	0.0000387127374230155
12.81	0.00003857099302940501
12.82	0.000038430147624388255
12.83	0.00003829018324554398
12.84	0.0000381510888924125
12.85	0.000038012860744437214
12.86	0.000037875501834836306
12.870000000000001	0.000037739021218344504
12.88	0.000037603432733473694
12.89	0.000037468753501053396
12.9	0.00003733500231333434
12.91	0.000037202198054123287
12.92	0.00003707035825898855
12.93	0.0000369394978858112
12.94	0.0000368096283281867
12.950000000000001	0.000036680756673053575
12.96	0.00003655288518315132
12.97	0.00003642601097648929
12.98	0.0000363001258785053
12.99	0.000036175216434695366
13.	0.000036051264087044676
13.01	0.000035928245531478875
13.02	0.0000358061332820486
13.030000000000001	0.00003568489646805375
13.040000000000001	0.00003556450188049099
13.05	0.000035444915262191694
13.06	0.00003532610280205288
13.07	0.000035208032752166734
13.08	0.00003509067704611842
13.09	0.000034974012768220645
13.1	0.00003485802331670781
13.11	0.00003474269912412764
13.120000000000001	0.00003462803784422008
13.13	0.00003451404397889213
13.14	0.000034400727988956575
13.15	0.000034288104993628044
13.16	0.000034176193203995716
13.17	0.00003406501224839121
13.18	0.00003395458153402134
13.19	0.00003384491875719068
13.200000000000001	0.0000337360386345578
13.21	0.00003362795188991725
13.22	0.00003352066450159852
13.23	0.000033414177197859544
13.24	0.00003330848518194192
13.25	0.000033203578072869575
13.26	0.00003309944005891152
13.27	0.00003299605027290963
13.280000000000001	0.00003289338340709155
13.290000000000001	0.0000327914105849912
13.3	0.00003269010049666855
13.31	0.00003258942077956894
13.32	0.000032489339592719607
13.33	0.00003238982729146665
13.34	0.0000322908580720096
13.35	0.000032192411430101223
13.36	0.00003209447327607911
13.370000000000001	0.00003199703657397969
13.38	0.00003190010142386731
13.39	0.000031803674574478606
13.4	0.000031707768423871456
13.41	0.00003161239962437084
13.42	0.00003151758744372396
13.43	0.000031423352042507864
13.44	0.000031329712811145895
13.450000000000001	0.00003123668687655858
13.46	0.00003114428784900773
13.47	0.000031052524843601475
13.48	0.00003096140178450469
13.49	0.000030870916985559074
13.5	0.00003078106299786202
13.51	0.000030691826719614934
13.52	0.000030603189771496374
13.530000000000001	0.000030515129146546774
13.540000000000001	0.000030427618141938313
13.55	0.000030340627567312842
13.56	0.00003025412719937715
13.57	0.000030168087417286212
13.58	0.000030082480913837268
13.59	0.000029997284342590025
13.6	0.00002991247974105993
13.61	0.00002982805557391816
13.620000000000001	0.000029744007271637697
13.63	0.000029660337196058477
13.64	0.00002957705403462278
13.65	0.00002949417169497888
13.66	0.000029411707826893073
13.67	0.000029329682129117
13.68	0.000029248114602220222
13.69	0.000029167023888556413
13.700000000000001	0.00002908642580634372
13.71	0.00002900633214662559
13.72	0.000028926749768417068
13.73	0.000028847680003954025
13.74	0.00002876911837399926
13.75	0.000028691054610565863
13.76	0.000028613472986838964
13.77	0.000028536352956064237
13.780000000000001	0.000028459670097356733
13.790000000000001	0.000028383397352687143
13.8	0.00002830750651418728
13.81	0.00002823196988639693
13.82	0.000028156762010104097
13.83	0.000028081861302136526
13.84	0.000028007251449092808
13.85	0.000027932922400846198
13.86	0.000027858870844850458
13.870000000000001	0.000027785100100825496
13.88	0.00002771161944651463
13.89	0.000027638442954266574
13.9	0.000027565587971262428
13.91	0.000027493073404241957
13.92	0.000027420917970715045
13.93	0.000027349138557745825
13.94	0.000027277748795597203
13.950000000000001	0.000027206757916860244
13.96	0.000027136169940234637
13.97	0.000027065983196285227
13.98	0.000026996190200684345
13.99	0.000026926777875750574
14.	0.00002685772811856342
14.01	0.00002678901870805099
14.02	0.00002672062452964412
14.030000000000001	0.000026652519072142973
14.040000000000001	0.000026584676118629113
14.05	0.000026517071516835406
14.06	0.00002644968488298339
14.07	0.000026382501076694547
14.08	0.0000263155112914577
14.09	0.000026248713638627332
14.1	0.000026182113159406996
14.11	0.00002611572126842069
14.120000000000001	0.000026049554700100456
14.13	0.000025983634081571146
14.14	0.000025917982284096774
14.15	0.000025852622707652287
14.16	0.00002578757763473427
14.17	0.000025722866759271983
14.18	0.000025658505964345434
14.19	0.000025594506395951277
14.200000000000001	0.000025530873862789874
14.21	0.00002546760858312054
14.22	0.000025404705294876653
14.23	0.000025342153738510392
14.24	0.00002527993950787596
14.25	0.00002521804523957646
14.26	0.000025156452076030173
14.27	0.000025095141296809227
14.280000000000001	0.000025034095975090262
14.290000000000001	0.000024973302491748168
14.3	0.000024912751738066508
14.31	0.000024852439864209965
14.32	0.000024792368482711604
14.33	0.00002473254430538417
14.34	0.00002467297826451777
14.35	0.000024613684230472926
14.36	0.000024554677476954225
14.370000000000001	0.000024495973058041896
14.38	0.000024437584250104205
14.39	0.00002437952118465153
14.4	0.00002432178976444638
14.41	0.00002426439092285002
14.42	0.00002420732026019131
14.43	0.000024150568071655167
14.44	0.00002409411976626064
14.450000000000001	0.00002403795666156599
14.46	0.00002398205711946685
14.47	0.000023926397962395172
14.48	0.000023870956077243108
14.49	0.000023815710081193092
14.5	0.000023760641897327087
14.51	0.00002370573807757776
14.52	0.00002365099072352983
14.530000000000001	0.00002359639789405699
14.540000000000001	0.000023541963448328177
14.55	0.00002348769634271384
14.56	0.000023433609466751105
14.57	0.00002337971815383697
14.58	0.00002332603852884314
14.59	0.00002327258585624406
14.6	0.00002321937303352676
14.61	0.00002316640934398432
14.620000000000001	0.000023113699549095406
14.63	0.000023061243369774967
14.64	0.000023009035380367167
14.65	0.000022957065318297213
14.66	0.000022905318792441716
14.67	0.00002285377835070292
14.68	0.000022802424839669774
14.69	0.000022751238957382998
14.700000000000001	0.000022700202868584825
14.71	0.000022649301728007538
14.72	0.000022598524949845786
14.73	0.000022547867077182097
14.74	0.000022497328145457728
14.75	0.00002244691349423712
14.76	0.000022396633050827105
14.77	0.000022346500174299374
14.780000000000001	0.000022296530196990554
14.790000000000001	0.000022246738825407094
14.8	0.00002219714056294084
14.81	0.000022147747297868345
14.82	0.000022098567169774712
14.83	0.000022049603793754468
14.84	0.00002200085588995439
14.85	0.0000219523173381618
14.86	0.000021903977651988554
14.870000000000001	0.000021855822841861776
14.88	0.000021807836607892073
14.89	0.000021760001772292567
14.9	0.000021712301829229004
14.91	0.000021664722463943235
14.92	0.00002161725288068022
14.93	0.000021569886787478433
14.94	0.000021522622918510517
14.950000000000001	0.00002147546502867086
14.96	0.000021428421361728473
14.97	0.000021381503660003966
14.98	0.00002133472583759271
14.99	0.000021288102471819086
15.	0.00002124164727606894
15.01	0.00002119537170450168
15.02	0.000021149283812288978
15.030000000000001	0.000021103387461675206
15.040000000000001	0.000021057681930241342
15.05	0.00002101216194608134
15.06	0.000020966818144956075
15.07	0.000020921637914941897
15.08	0.000020876606562895934
15.09	0.000020831708704476592
15.1	0.000020786929748814302
15.11	0.000020742257326420757
15.120000000000001	0.00002069768250198942
15.13	0.000020653200628346835
15.14	0.000020608811735685108
15.15	0.000020564520407155352
15.16	0.000020520335158281316
15.17	0.000020476267400950898
15.18	0.000020432330121372747
15.19	0.000020388536428064483
15.200000000000001	0.00002034489812929864
15.21	0.000020301424483374473
15.22	0.00002025812123643649
15.23	0.000020214990028257956
15.24	0.00002017202821130108
15.25	0.0000201292290944202
15.26	0.000020086582589432114
15.27	0.000020044076205322068
15.280000000000001	0.00002000169630104638
15.290000000000001	0.000019959429476148228
15.3	0.00001991726395388045
15.31	0.000019875190800996854
15.32	0.000019833204837891052
15.33	0.000019791305124943772
15.34	0.00001974949496301567
15.35	0.00001970778140972654
15.36	0.000019666174376762173
15.370000000000001	0.000019624685425216907
15.38	0.000019583326407642308
15.39	0.0000195421081142156
15.4	0.00001950103906878754
15.41	0.00001946012459443287
15.42	0.000019419366234149068
15.43	0.000019378761575674977
15.44	0.000019338304492673863
15.450000000000001	0.000019297985778293204
15.46	0.0000192577941112061
15.47	0.00001921771725947391
15.48	0.000019177743396955064
15.49	0.000019137862385800696
15.5	0.000019098066873109137
15.51	0.000019058353064998718
15.52	0.000019018721078321693
15.530000000000001	0.000018979174824784626
15.540000000000001	0.000018939721445265788
15.55	0.000018900370371997803
15.56	0.000018861132142276353
15.57	0.000018822017112662206
15.58	0.000018783034225802076
15.59	0.000018744189966261853
15.6	0.00001870548761301187
15.610000000000001	0.000018666926860432717
15.620000000000001	0.000018628503841299155
15.63	0.000018590211546404665
15.64	0.000018552040597207587
15.65	0.000018513980291092123
15.66	0.00001847601980598525
15.67	0.00001843814942659166
15.68	0.000018400361644121547
15.69	0.000018362651990190232
15.700000000000001	0.00001832501949567154
15.71	0.00001828746671402814
15.72	0.00001824999930841582
15.73	0.000018212625261865674
15.74	0.000018175353819171855
15.75	0.000018138194299850553
15.76	0.000018101154930642786
15.77	0.000018064241835287495
15.780000000000001	0.00001802745829362144
15.790000000000001	0.000017990804347257743
15.8	0.000017954276789937952
15.81	0.000017917869540199367
15.82	0.000017881574354044573
15.83	0.000017845381797605968
15.84	0.000017809282367273906
15.85	0.000017773267621908525
15.860000000000001	0.000017737331183916452
15.870000000000001	0.00001770146947750187
15.88	0.000017665682104495202
15.89	0.000017629971807389325
15.9	0.00001759434402760498
15.91	0.000017558806123963033
15.92	0.000017523366361619696
15.93	0.00001748803280828405
15.94	0.00001745281228006259
15.950000000000001	0.000017417709465854425
15.96	0.000017382726331675537
15.97	0.000017347861870056685
15.98	0.00001731311221924603
15.99	0.000017278471135502247
16.	0.000017243930761677862
16.01	0.00001720948259928398
16.02	0.000017175118563143424
16.03	0.00001714083198243998
16.04	0.0000171066184141151
16.05	0.000017072476156667482
16.06	0.00001703840639308974
16.07	0.00001700441294501315
16.080000000000002	0.00001697050167675
16.09	0.000016936679637465404
16.1	0.000016902954063746373
16.11	0.0000168693313789447
16.12	0.0000168358163199463
16.13	0.000016802411299992907
16.14	0.000016769116082947574
16.15	0.000016735927804891002
16.16	0.00001670284133710995
16.17	0.000016669849943546322
16.18	0.000016636946148778233
16.19	0.000016604122703513507
16.2	0.00001657137351804576
16.21	0.000016538694434543987
16.22	0.000016506083728833214
16.23	0.000016473542270249696
16.240000000000002	0.000016441073318720623
16.25	0.000016408681992547003
16.26	0.000016376374488495217
16.27	0.000016344157169411734
16.28	0.000016312035649058357
16.29	0.000016280013998911757
16.3	0.000016248094180370013
16.31	0.00001621627577297083
16.32	0.000016184556029777905
16.330000000000002	0.000016152930249298064
16.34	0.000016121392412841645
16.35	0.00001608993600087588
16.36	0.00001605855487590841
16.37	0.0000160272441073075
16.38	0.000015996000618900328
16.39	0.000015964823564398835
16.4	0.00001593371437614252
16.41	0.000015902676482842906
16.42	0.00001587171474288255
16.43	0.000015840834681942535
16.44	0.000015810041650248408
16.45	0.00001577934002229978
16.46	0.000015748732551295336
16.47	0.00001571821996513785
16.48	0.0000156878008557093
16.490000000000002	0.000015657471872855388
16.5	0.00001562722819354707
16.51	0.00001559706419909502
16.52	0.00001556697426335857
16.53	0.00001553695353709461
16.54	0.00001550699861187585
16.55	0.00001547710796341419
16.56	0.00001544728210745269
16.57	0.00001541752344662288
16.580000000000002	0.00001538783583575537
16.59	0.00001535822393695728
16.6	0.000015328692466567116
16.61	0.000015299245449327764
16.62	0.00001526988559010281
16.63	0.00001524061385273309
16.64	0.000015211429303554534
16.65	0.000015182329238578781
16.66	0.000015153309573092095
16.67	0.000015124365434957701
16.68	0.0000150954918727198
16.69	0.000015066684571198523
16.7	0.000015037940464445815
16.71	0.000015009258150633241
16.72	0.000014980638044484628
16.73	0.000014952082245465386
16.740000000000002	0.00001492359414642035
16.75	0.00001489517784898625
16.76	0.00001486683748140173
16.77	0.000014838576526829809
16.78	0.000014810397265198103
16.79	0.000014782300411182438
16.8	0.000014754284999526449
16.81	0.00001472634853131629
16.82	0.000014698487356014977
16.830000000000002	0.000014670697228767893
16.84	0.00001464297395538477
16.85	0.0000146153140228346
16.86	0.00001458771511431726
16.87	0.0000145601764260225
16.88	0.000014532698735385318
16.89	0.000014505284212491845
16.9	0.000014477936009478408
16.91	0.000014450657699113908
16.92	0.000014423452656803322
16.93	0.000014396323486683365
16.94	0.000014369271582433772
16.95	0.000014342296889761938
16.96	0.000014315397904659882
16.97	0.000014288571904470729
16.98	0.00001426181537254747
16.990000000000002	0.00001423512454673373
17.	0.000014208496001633324
17.01	0.000014181927168431574
17.02	0.00001415541670587788
17.03	0.000014128964661155936
17.04	0.000014102572395740994
17.05	0.000014076242292251001
17.06	0.000014049977295852255
17.07	0.000014023780370923064
17.080000000000002	0.00001399765396588836
17.09	0.000013971599575174173
17.1	0.000013945617468872483
17.11	0.000013919706631782071
17.12	0.000013893864918845955
17.13	0.000013868089398767996
17.14	0.000013842376826811875
17.150000000000002	0.000013816724166172584
17.16	0.000013791129068727552
17.17	0.000013765590232613696
17.18	0.000013740107575541178
17.19	0.000013714682195582054
17.2	0.000013689316129237736
17.21	0.000013664011952444773
17.22	0.000013638772296932447
17.23	0.000013613599367313935
17.240000000000002	0.000013588494541885075
17.25	0.000013563458123682702
17.26	0.000013538489281453293
17.27	0.00001351358618750353
17.28	0.00001348874632607331
17.29	0.000013463966916963363
17.3	0.000013439245379309865
17.31	0.000013414579753281917
17.32	0.00001338996900493644
17.330000000000002	0.00001336541316074887
17.34	0.000013340913249776064
17.35	0.000013316471066931886
17.36	0.000013292088803379937
17.37	0.000013267768613233669
17.38	0.000013243512195524168
17.39	0.000013219320465629976
17.400000000000002	0.000013195193372726512
17.41	0.000013171129892963701
17.42	0.00001314712819677393
17.43	0.000013123185958065948
17.44	0.000013099300748044418
17.45	0.000013075470441330578
17.46	0.00001305169355994341
17.47	0.000013027969492426314
17.48	0.000013004298549160126
17.490000000000002	0.000012980681846204575
17.5	0.00001295712104254883
17.51	0.000012933617982817762
17.52	0.000012910174314001322
17.53	0.000012886791147886334
17.54	0.000012863468830657922
17.55	0.00001284020686011824
17.56	0.000012817003963268008
17.57	0.000012793858317512268
17.580000000000002	0.000012770767872498967
17.59	0.000012747730711139061
17.6	0.000012724745381184344
17.61	0.000012701811134547592
17.62	0.000012678928029596595
17.63	0.000012656096878568778
17.64	0.000012633319052579203
17.650000000000002	0.000012610596184137287
17.66	0.000012587929826081055
17.67	0.000012565321132857611
17.68	0.000012542770624274159
17.69	0.000012520278074895194
17.7	0.00001249784254772571
17.71	0.000012475462563302484
17.72	0.000012453136369743779
17.73	0.000012430862260279607
17.740000000000002	0.000012408638875932979
17.75	0.00001238646543429233
17.76	0.000012364341840356593
17.77	0.000012342268659369485
17.78	0.000012320246959434882
17.79	0.000012298278057610023
17.8	0.000012276363221707739
17.81	0.000012254503387615825
17.82	0.000012232698947472747
17.830000000000002	0.000012210949648914476
17.84	0.000012189254623114212
17.85	0.000012167612533886194
17.86	0.0000121460218164826
17.87	0.000012124480957313185
17.88	0.000012102988758081104
17.89	0.000012081544531467861
17.900000000000002	0.000012060148189977457
17.91	0.000012038800211945432
17.92	0.000012017501494246707
17.93	0.000011996253124358269
17.94	0.000011975056120242423
17.95	0.000011953911191912322
17.96	0.00001193281857281095
17.97	0.000011911777953872239
17.98	0.000011890788531670233
17.990000000000002	0.000011869849158717545
18.	0.000011848958563288094
18.01	0.000011828115592176363
18.02	0.000011807319425443604
18.03	0.00001178656971849461
18.04	0.000011765866642587668
18.05	0.000011745210816751597
18.06	0.000011724603147235745
18.07	0.000011704044609923535
18.080000000000002	0.000011683536022459186
18.09	0.000011663077853982474
18.1	0.000011642670111458452
18.11	0.000011622312324813384
18.12	0.000011602003632075032
18.13	0.000011581742944775783
18.14	0.000011561529157243834
18.150000000000002	0.000011541361354511687
18.16	0.00001152123897435434
18.17	0.000011501161889370957
18.18	0.000011481130392819677
18.19	0.00001146114509312128
18.2	0.000011441206741750448
18.21	0.000011421316033208688
18.22	0.000011401473420976325
18.23	0.000011381678988922827
18.240000000000002	0.000011361932404890095
18.25	0.000011342232964995654
18.26	0.000011322579717548349
18.27	0.00001130297163844903
18.28	0.000011283407819143417
18.29	0.000011263887625948788
18.3	0.000011244410796437629
18.31	0.000011224977453033351
18.32	0.00001120558803274649
18.330000000000002	0.00001118624315069734
18.34	0.000011166943429424948
18.35	0.000011147689332808362
18.36	0.000011128481041415833
18.37	0.000011109318395985109
18.38	0.000011090200919978467
18.39	0.00001107112791429982
18.400000000000002	0.000011052098601212026
18.41	0.000011033112283748423
18.42	0.000011014168483863647
18.43	0.0000109952670279326
18.44	0.000010976408060764731
18.45	0.000010957591986093279
18.46	0.000010938819348515643
18.47	0.000010920090685072909
18.48	0.000010901406381047753
18.490000000000002	0.000010882766562843355
18.5	0.000010864171051618648
18.51	0.000010845619386986194
18.52	0.000010827110913867205
18.53	0.000010808644911205174
18.54	0.000010790220731903213
18.55	0.000010771837921198427
18.56	0.00001075349628623158
18.57	0.000010735195901496847
18.580000000000002	0.00001071693705027846
18.59	0.000010698720117336612
18.6	0.000010680545459338702
18.61	0.000010662413284241454
18.62	0.000010644323568073307
18.63	0.000010626276028203186
18.64	0.000010608270158551843
18.650000000000002	0.000010590305317537244
18.66	0.000010572380847245565
18.67	0.00001055449619523229
18.68	0.000010536651010140954
18.69	0.000010518845189023965
18.7	0.000010501078866211213
18.71	0.000010483352347816491
18.72	0.00001046566600895271
18.73	0.000010448020179268408
18.740000000000002	0.000010430415044543223
18.75	0.000010412850587455628
18.76	0.000010395326580569463
18.77	0.000010377842631620594
18.78	0.000010360398268470521
18.79	0.000010342993041671009
18.8	0.000010325626618696642
18.81	0.000010308298846468949
18.82	0.000010291009767135932
18.830000000000002	0.000010273759584040397
18.84	0.000010256548587329165
18.85	0.000010239377058541136
18.86	0.000010222245178327462
18.87	0.000010205152960130843
18.88	0.00001018810022568368
18.89	0.000010171086627443173
18.900000000000002	0.00001015411171128936
18.91	0.000010137175002890283
18.92	0.000010120276095524372
18.93	0.0000101034147172191
18.94	0.000010086590760763104
18.95	0.000010069804269973643
18.96	0.000010053055386964993
18.97	0.000010036344275091832
18.98	0.000010019671038187294
18.990000000000002	0.000010003035657236662
19.	9.986437960724064e-6
19.01	9.969877635938149e-6
19.02	9.95335427787293e-6
19.03	9.936867462735677e-6
19.04	9.920416826909751e-6
19.05	9.904002131067299e-6
19.06	9.887623293250507e-6
19.07	9.871280383018085e-6
19.080000000000002	9.854973578959724e-6
19.09	9.838703101286456e-6
19.1	9.822469137342293e-6
19.11	9.806271779219915e-6
19.12	9.790110988981893e-6
19.13	9.773986599383626e-6
19.14	9.757898348530342e-6
19.150000000000002	9.74184593806872e-6
19.16	9.725829098595159e-6
19.17	9.709847644467562e-6
19.18	9.693901503473e-6
19.19	9.677990713895167e-6
19.2	9.662115390472024e-6
19.21	9.646275669077918e-6
19.22	9.630471645459486e-6
19.23	9.614703324587724e-6
19.240000000000002	9.598970593946113e-6
19.25	9.58327322734322e-6
19.26	9.56761091750223e-6
19.27	9.55198332799955e-6
19.28	9.536390150148762e-6
19.29	9.520831149461247e-6
19.3	9.505306189570583e-6
19.31	9.489815228029678e-6
19.32	9.474358286316014e-6
19.330000000000002	9.458935403474858e-6
19.34	9.443546587131788e-6
19.35	9.428191775984314e-6
19.36	9.412870824330637e-6
19.37	9.397583512786929e-6
19.38	9.382329581910055e-6
19.39	9.36710877904625e-6
19.400000000000002	9.351920905122066e-6
19.41	9.336765848248419e-6
19.42	9.32164359483763e-6
19.43	9.306554215315346e-6
19.44	9.291497828604749e-6
19.45	9.27647455535276e-6
19.46	9.261484472749292e-6
19.47	9.246527583021062e-6
19.48	9.231603803566902e-6
19.490000000000002	9.216712980470436e-6
19.5	9.2018549205634e-6
19.51	9.187029432158645e-6
19.52	9.172236362418353e-6
19.53	9.157475620632004e-6
19.54	9.142747181020382e-6
19.55	9.128051064753588e-6
19.56	9.113387306887544e-6
19.57	9.098755918145939e-6
19.580000000000002	9.084156852731502e-6
19.59	9.069589991360469e-6
19.6	9.05505514413811e-6
19.61	9.0405520721119e-6
19.62	9.026080521040715e-6
19.63	9.011640257619046e-6
19.64	8.997231098008255e-6
19.650000000000002	8.982852921105344e-6
19.66	8.968505663701157e-6
19.67	8.954189300095545e-6
19.68	8.939903813221144e-6
19.69	8.925649166570371e-6
19.7	8.9114252856217e-6
19.71	8.897232054279153e-6
19.72	8.883069327089713e-6
19.73	8.868936953132412e-6
19.740000000000002	8.854834803935535e-6
19.75	8.84076279660851e-6
19.76	8.82672090489199e-6
19.77	8.812709154539836e-6
19.78	8.798727604195767e-6
19.79	8.784776317258371e-6
19.8	8.770855332834439e-6
19.81	8.75696464400811e-6
19.82	8.743104189314153e-6
19.830000000000002	8.729273859254353e-6
19.84	8.715473515186266e-6
19.85	8.701703014309209e-6
19.86	8.687962232844253e-6
19.87	8.674251080312459e-6
19.88	8.660569500770568e-6
19.89	8.646917461018073e-6
19.900000000000002	8.633294929843817e-6
19.91	8.619701855086275e-6
19.92	8.606138145842142e-6
19.93	8.592603665456003e-6
19.94	8.579098237538605e-6
19.95	8.5656216632717e-6
19.96	8.552173744896475e-6
19.97	8.538754308565061e-6
19.98	8.525363220148485e-6
19.990000000000002	8.51200038995718e-6
20.	8.498665765853845e-6