0.	0.
0.01	6.865798702824135e-6
0.02	0.000013734419468391126
0.03	0.000020608687791101508
0.04	0.000027491436037761922
0.05	0.00003438550690655921
0.06	0.00004129375691348302
0.07	0.00004821905991555439
0.08	0.0000551643106803956
0.09	0.00006213242851190564
0.1	0.00006912636094208075
0.11	0.00007614908749934885
0.12	0.00008320362356416696
0.13	0.00009029302432307379
0.14	0.00009742038883288626
0.15	0.00010458886420729867
0.16	0.00011180164993877607
0.17	0.00011906200236934523
0.18	0.00012637323932468165
0.19	0.00013373874492676876
0.2	0.00014116197460138744
0.21	0.00014864646029777155
0.22	0.00015619581593897294
0.23	0.00016381374312279413
0.24	0.00017150403709462138
0.25	0.0001792705930151044
0.26	0.00018711741254742126
0.27	0.0001950486107908429
0.28	0.00020306842358950528
0.29	0.00021118121524770712
0.3	0.00021939148668574388
0.31	0.00022770388407325134
0.32	0.00023612320798032668
0.33	0.00024465442309035655
0.34	0.000253302668522541
0.35000000000000003	0.00026207326881663294
0.36	0.00027097174563744117
0.37	0.0002800038302622782
0.38	0.00028917547692080403
0.39	0.00029849287706374956
0.4	0.0003079624746448704
0.41000000000000003	0.0003175909825093177
0.42	0.00032738539999153764
0.43	0.00033735303183700046
0.44	0.0003475015085746594
0.45	0.0003578388084812989
0.46	0.00036837328129507433
0.47000000000000003	0.00037911367385383383
0.48	0.00039006915785465225
0.49	0.0004012493599546905
0.5	0.00041266439446059866
0.51	0.0004243248988846363
0.52	0.00043624207268125055
0.53	0.0004484277195187091
0.54	0.0004608942934875226
0.55	0.00047365494970184386
0.56	0.0004867235998131879
0.5700000000000001	0.0005001149730291902
0.58	0.0005138446833156911
0.59	0.0005279293035604759
0.6	0.0005423864475943853
0.61	0.0005572348611036438
0.62	0.0005724945226304217
0.63	0.0005881867560520077
0.64	0.0006043343561590433
0.65	0.0006209617292280128
0.66	0.0006380950508126347
0.67	0.0006557624433755136
0.68	0.0006739941768612348
0.6900000000000001	0.0006928228958950105
0.7000000000000001	0.000712283878002739
0.71	0.0007324153281215307
0.72	0.000753258715746857
0.73	0.0007748591623982246
0.74	0.0007972658887515029
0.75	0.0008205327328769694
0.76	0.0008447187536627853
0.77	0.0008698889368608567
0.78	0.0008961150254901862
0.79	0.0009234765018766427
0.8	0.0009520617558142122
0.81	0.0009819694827770803
0.8200000000000001	0.0010133103685973628
0.8300000000000001	0.0010462091336812653
0.84	0.001080807032278361
0.85	0.0011172649328653093
0.86	0.001155767147740227
0.87	0.001196526238441742
0.88	0.0012397891060802603
0.89	0.001285844793437956
0.9	0.0013350345962237853
0.91	0.0013877653314894847
0.92	0.0014445269854010143
0.93	0.0015059165307084882
0.9400000000000001	0.0015726705824292003
0.9500000000000001	0.0016457109434735427
0.96	0.0017262093142855588
0.97	0.0018156810854209127
0.98	0.0019161242366099334
0.99	0.002030229802439212
1.	0.0021617085401517263
1.01	0.002315810504116244
1.02	0.0025001708306603425
1.03	0.0027262118641695836
1.04	0.003011478163028408
1.05	0.00338340166143318
1.06	0.003884533916117406
1.07	0.004575505358318923
1.08	0.005514737701086519
1.09	0.006648600416866626
1.1	0.007589679472578902
1.11	0.007800711789743084
1.12	0.007430686228217732
1.1300000000000001	0.007103960971679677
1.1400000000000001	0.007165424520717282
1.1500000000000001	0.0077160404890948145
1.16	0.00882180566098529
1.17	0.010521045834382976
1.18	0.012549397873279492
1.19	0.013958569990273588
1.2	0.013925329447368623
1.21	0.013163566101317333
1.22	0.012845340153029076
1.23	0.013499797858815566
1.24	0.015251381323020842
1.25	0.017863864386574967
1.26	0.020222170145725252
1.27	0.020793542506018795
1.28	0.019955054874479888
1.29	0.019515962369780464
1.3	0.020530897026599056
1.31	0.023095120689883904
1.32	0.0262370335674736
1.33	0.02786930014845517
1.34	0.02734756379167651
1.35	0.026742458721962008
1.36	0.027858425714557388
1.37	0.03085632338611344
1.3800000000000001	0.03409707628611278
1.3900000000000001	0.03514473743960805
1.4000000000000001	0.03442621466735728
1.41	0.03469557965185361
1.42	0.03724826556000628
1.43	0.040810164948929924
1.44	0.04250047514767603
1.45	0.04204681482657562
1.46	0.042435022025060234
1.47	0.04523303120269215
1.48	0.04869106449413306
1.49	0.04984854650384015
1.5	0.049547046348661535
1.51	0.05098883186097108
1.52	0.054455978094138296
1.53	0.05688081820780445
1.54	0.05697578717022643
1.55	0.057777410617531826
1.56	0.06087877332887278
1.57	0.06366349924487338
1.58	0.06411349143026618
1.59	0.0649293867743938
1.6	0.06792702303687587
1.61	0.07048534717460968
1.62	0.07095482172006577
1.6300000000000001	0.07223194522571268
1.6400000000000001	0.07529065691780737
1.6500000000000001	0.07714464548195124
1.6600000000000001	0.07765233481852535
1.67	0.0797465096933338
1.68	0.08246560038409895
1.69	0.08339075563340632
1.7	0.08457760822324122
1.71	0.08724182837482776
1.72	0.08878191926189417
1.73	0.08959992822596338
1.74	0.0918673155790588
1.75	0.09371414181080433
1.76	0.09448081957427451
1.77	0.09640629830704783
1.78	0.09825862924844098
1.79	0.09903801015195343
1.8	0.10076764630500307
1.81	0.10243915073187479
1.82	0.10320817408872497
1.83	0.10484375686917503
1.84	0.10621326221775274
1.85	0.1069804635375338
1.86	0.10853123820321094
1.87	0.10952251555346088
1.8800000000000001	0.1103596588432549
1.8900000000000001	0.11170931847109816
1.9000000000000001	0.11235405932330109
1.9100000000000001	0.11331483823773791
1.92	0.11426024649888424
1.93	0.11476516511521065
1.94	0.11570914666744109
1.95	0.11618096817214275
1.96	0.11677137543857799
1.97	0.11735980491904245
1.98	0.11763175012321132
1.99	0.11817001047630689
2.	0.11831808078860982
2.0100000000000002	0.11863759508777239
2.02	0.11875877737186034
2.0300000000000002	0.11882644202267609
2.04	0.1188979809329316
2.05	0.1187627585663976
2.06	0.1187250286673208
2.07	0.11844001163685937
2.08	0.11825245450973539
2.09	0.11784472953756088
2.1	0.11749486404656279
2.11	0.11697008528986487
2.12	0.11646239255544225
2.13	0.11581730676078385
2.14	0.11516218928358213
2.15	0.11439297605812597
2.16	0.11360113597013459
2.17	0.1127067141717527
2.18	0.11178740258505332
2.19	0.11077010588150946
2.2	0.1097309042962027
2.21	0.10859637024582518
2.22	0.10744329126295386
2.23	0.10620017378311773
2.24	0.10493798355753546
2.25	0.10359719928733782
2.2600000000000002	0.10223049127267372
2.27	0.10080342604898064
2.2800000000000002	0.09933881644374576
2.29	0.09783462386361158
2.3000000000000003	0.09628315439341263
2.31	0.09470700116133046
2.32	0.0930840976738843
2.33	0.09143923392689154
2.34	0.08976017066610181
2.35	0.08805374148873213
2.36	0.08632787918170373
2.37	0.08457399502271873
2.38	0.08280585713299375
2.39	0.0810196153457313
2.4	0.07921744305297874
2.41	0.07740724835596222
2.42	0.0755853309583627
2.43	0.07375727173273962
2.44	0.07192676304247025
2.45	0.07009258364296765
2.46	0.06825981975426432
2.47	0.06643089003263565
2.48	0.0646059782883175
2.49	0.06278896656573543
2.5	0.06098219395904938
2.5100000000000002	0.059186394202795624
2.52	0.05740433150446902
2.5300000000000002	0.055638427827863796
2.54	0.05388973455086545
2.5500000000000003	0.0521600738613081
2.56	0.050451668377243505
2.57	0.04876588901225068
2.58	0.04710395533362754
2.59	0.045467519258206975
2.6	0.04385806769864393
2.61	0.04227666793663193
2.62	0.04072437343697741
2.63	0.039202348500762096
2.64	0.03771161722133087
2.65	0.03625297875243591
2.66	0.03482714979032463
2.67	0.033434836808192314
2.68	0.03207666895181899
2.69	0.03075314064540047
2.7	0.029464633767867825
2.71	0.028211460016222076
2.72	0.026993868372488784
2.73	0.0258120277973872
2.74	0.02466601690954722
2.75	0.023555830038116808
2.7600000000000002	0.022481388858139262
2.77	0.02144254933079219
2.7800000000000002	0.020439103106215908
2.79	0.019470777609339397
2.8000000000000003	0.018537237900478495
2.81	0.01763809050845598
2.82	0.01677288800492082
2.83	0.01594113331183913
2.84	0.015142283480740476
2.85	0.014375753147679443
2.86	0.013640917928971484
2.87	0.01293711788976251
2.88	0.012263661085802272
2.89	0.011619827119577581
2.9	0.011004870651298265
2.91	0.01041802482679575
2.92	0.009858504604309235
2.93	0.009325509972894306
2.94	0.008818229058460483
2.95	0.008335841113177714
2.96	0.00787751938287379
2.97	0.007442433846510069
2.98	0.007029753822000931
2.99	0.006638650433310704
3.	0.0062682989347491915
3.0100000000000002	0.00591788088938444
3.02	0.005586586199525671
3.0300000000000002	0.005273614988158926
3.04	0.004978179331101297
3.0500000000000003	0.0046995048404774005
3.06	0.004436832100893593
3.0700000000000003	0.004189417960405089
3.08	0.003956536679033614
3.09	0.0037374809382136457
3.1	0.003531562715097757
3.11	0.0033381140261026206
3.12	0.003156487544542607
3.13	0.002986057097512195
3.14	0.0028262180475218616
3.15	0.0026763875647109066
3.16	0.002536004795764015
3.17	0.002404530935925025
3.18	0.002281449210651887
3.19	0.0021662647734591745
3.2	0.0020585045263495846
3.21	0.0019577168690492635
3.22	0.0018634713832252534
3.23	0.0017753584580182688
3.24	0.0016929888633800503
3.25	0.0016159932775801115
3.2600000000000002	0.0015440217747492984
3.27	0.0014767432777754758
3.2800000000000002	0.001413844981696038
3.29	0.0013550317529181526
3.3000000000000003	0.0013000255095849621
3.31	0.001248564587854022
3.3200000000000003	0.0012004030982048274
3.33	0.0011553102757705651
3.34	0.0011130698288747364
3.35	0.0010734792897219032
3.36	0.0010363493706441666
3.37	0.0010015033292194641
3.38	0.0009687763459302725
3.39	0.0009380149181771013
3.4	0.0009090762746706342
3.41	0.0008818278152850219
3.42	0.0008561465833343579
3.43	0.0008319187801081165
3.44	0.0008090393368388637
3.45	0.0007874115689307448
3.46	0.0007669469541474768
3.47	0.0007475651066790995
3.48	0.000729194072265393
3.49	0.0007117711566124894
3.5	0.0006952446086421461
3.5100000000000002	0.0006795764419105265
3.52	0.000664745535417774
3.5300000000000002	0.0006507437887509777
3.54	0.0006375351283745683
3.5500000000000003	0.000624921127839393
3.56	0.0006124547254028191
3.5700000000000003	0.0005999015034762818
3.58	0.0005875779475459678
3.59	0.0005757907549409794
3.6	0.0005645888423654218
3.61	0.0005539146347588669
3.62	0.0005437024238237481
3.63	0.0005339003816494522
3.64	0.0005244699091852916
3.65	0.0005153819787884546
3.66	0.0005066144278727856
3.67	0.0004981504585922921
3.68	0.0004899780917171877
3.69	0.00048209044553812025
3.7	0.0004744869358055817
3.71	0.00046717576709721524
3.72	0.0004601784209670091
3.73	0.00045353704482522443
3.74	0.0004473243252468891
3.75	0.00044164599223204626
3.7600000000000002	0.00043658551359684357
3.77	0.00043194797925233803
3.7800000000000002	0.0004268373885134393
3.79	0.0004202549023062523
3.8000000000000003	0.00041266805534146013
3.81	0.0004051991757127712
3.8200000000000003	0.0003983011349084203
3.83	0.0003919511500187601
3.84	0.00038602834081286454
3.85	0.00038043472928818076
3.86	0.0003751080273302292
3.87	0.0003700133216667297
3.88	0.0003651356079812102
3.89	0.0003604763976171156
3.9	0.00035605439326590624
3.91	0.00035191053010180185
3.92	0.0003481184678421339
3.93	0.0003448009711549769
3.94	0.00034214324207106257
3.95	0.0003403474225728544
3.96	0.0003393288093699988
3.97	0.00033794906740051885
3.98	0.00033413620036538174
3.99	0.00032773183408525247
4.	0.00032076844461420865
4.01	0.00031453116250851224
4.0200000000000005	0.00030917434282644367
4.03	0.0003045084821576459
4.04	0.00030035014312106416
4.05	0.0002965831829977851
4.0600000000000005	0.0002931504649676945
4.07	0.00029004207982082726
4.08	0.00028729270292188647
4.09	0.0002849900691776574
4.1	0.00028329479740510637
4.11	0.00028246261573852617
4.12	0.00028280850138877556
4.13	0.000284371314766925
4.14	0.00028587551634890764
4.15	0.00028425587740314707
4.16	0.0002783320872859543
4.17	0.00027085087781178924
4.18	0.0002641865679069607
4.19	0.0002588294457779402
4.2	0.00025454512855197165
4.21	0.0002510547117594445
4.22	0.00024818324459202666
4.23	0.00024586085392090424
4.24	0.00024411162676112852
4.25	0.00024305924757179334
4.26	0.00024295054320603383
4.2700000000000005	0.0002441682847031867
4.28	0.0002470840110244344
4.29	0.0002512785738934545
4.3	0.0002539356900450751
4.3100000000000005	0.0002510372520175808
4.32	0.00024336520320814592
4.33	0.00023515239349425267
4.34	0.0002285222215653752
4.3500000000000005	0.0002235885646267023
4.36	0.00021997544198769275
4.37	0.00021738343119783436
4.38	0.00021568087125095842
4.39	0.00021490132127401413
4.4	0.00021525138301537854
4.41	0.00021712950589721723
4.42	0.00022104642573788524
4.43	0.00022701790046099997
4.44	0.00023275266025607968
4.45	0.00023297727176538663
4.46	0.00022590358575956356
4.47	0.00021633928445082603
4.48	0.00020825344721142172
4.49	0.00020244242467003717
4.5	0.00019853760914659914
4.51	0.00019613911491979884
4.5200000000000005	0.000195073078244825
4.53	0.00019541952354733228
4.54	0.0001975221830228886
4.55	0.00020194847942730504
4.5600000000000005	0.00020905633107869644
4.57	0.00021731064371383814
4.58	0.00022116517908352628
4.59	0.00021589001500236602
4.6000000000000005	0.0002053582188444257
4.61	0.00019555584470222752
4.62	0.0001885093553404826
4.63	0.00018403981639409362
4.64	0.00018166781561478604
4.65	0.00018117494039123714
4.66	0.00018269528386233704
4.67	0.0001867104280591271
4.68	0.0001938372570971666
4.69	0.00020369573246363946
4.7	0.00021212634674190486
4.71	0.00021167145286312395
4.72	0.00020185220851583554
4.73	0.00019004154810162944
4.74	0.00018090766915831064
4.75	0.0001751144264099941
4.76	0.00017218084110035505
4.7700000000000005	0.0001717787139447369
4.78	0.00017401530293285937
4.79	0.00017942262096052529
4.8	0.00018855623680289827
4.8100000000000005	0.00020024462187186187
4.82	0.0002083668194307616
4.83	0.00020515181037542487
4.84	0.00019310221070743236
4.8500000000000005	0.00018071615531497435
4.86	0.00017193591135066907
4.87	0.0001670026284985095
4.88	0.00016543721067006442
4.89	0.0001671196321044736
4.9	0.00017245799187163855
4.91	0.00018204634429386422
4.92	0.00019498866778247306
4.93	0.00020529564478198952
4.94	0.00020380831143313615
4.95	0.00019151252784549845
4.96	0.00017788498209078216
4.97	0.0001681414891247196
4.98	0.0001629196692404936
4.99	0.00016179690158538607
5.	0.0001647195203974112
5.01	0.00017217612239720206
5.0200000000000005	0.0001844191538361974
5.03	0.0001986054849640399
5.04	0.00020557543988170346
5.05	0.00019827144005345025
5.0600000000000005	0.00018345272985317238
5.07	0.00017053632463755273
5.08	0.00016267346150201074
5.09	0.00015984022945569743
5.1000000000000005	0.000161804634129743
5.11	0.00016889191890766514
5.12	0.0001813829299818794
5.13	0.00019672375271310397
5.14	0.0002056505574570372
5.15	0.00019947424159564065
5.16	0.0001841323888625092
5.17	0.00017024668072901874
5.18	0.0001618954407969591
5.19	0.00015931489087445694
5.2	0.00016235582846042864
5.21	0.00017134670614611221
5.22	0.00018597696126927197
5.23	0.00020140910140918993
5.24	0.00020613498797210757
5.25	0.00019523766354724418
5.26	0.0001788623003859556
5.2700000000000005	0.00016641294116036354
5.28	0.00016040542908451937
5.29	0.0001608398951068013
5.3	0.00016781546874628897
5.3100000000000005	0.00018134077422786476
5.32	0.00019818037217480985
5.33	0.0002076599758340604
5.34	0.00020048908551637996
5.3500000000000005	0.00018388202323684532
5.36	0.00016959321493748329
5.37	0.00016207452439176754
5.38	0.00016177471764547478
5.39	0.00016874976599993174
5.4	0.00018280027296096186
5.41	0.00020008438847037433
5.42	0.00020904134300220098
5.43	0.0002007513699758358
5.44	0.0001836329270479876
5.45	0.00016965062474516332
5.46	0.00016312257393896832
5.47	0.00016454102086721338
5.48	0.00017395120728329303
5.49	0.00019022600395867054
5.5	0.00020643394421182427
5.51	0.00020916469356304626
5.5200000000000005	0.0001956186988889725
5.53	0.00017852358302751682
5.54	0.00016746508003086203
5.55	0.0001648611979763759
5.5600000000000005	0.00017092305503600905
5.57	0.00018513287639296773
5.58	0.00020290871059759408
5.59	0.0002116044013161887
5.6000000000000005	0.0002023746149208436
5.61	0.0001848238783565696
5.62	0.000171475445817478
5.63	0.0001668040590086322
5.64	0.0001714255062800241
5.65	0.00018484423538318246
5.66	0.00020274689252262673
5.67	0.00021261398276041588
5.68	0.0002044102672868541
5.69	0.0001869178842491442
5.7	0.0001733852421783725
5.71	0.0001689405549142473
5.72	0.00017435239276769496
5.73	0.00018873085126721044
5.74	0.00020629671819518764
5.75	0.00021324694447934166
5.76	0.00020226835683396276
5.7700000000000005	0.00018484534678300454
5.78	0.00017325127773552425
5.79	0.00017155664934393166
5.8	0.00018011838266333765
5.8100000000000005	0.00019665308508882314
5.82	0.00021171534213199194
5.83	0.00021108927016768916
5.84	0.00019564702150317345
5.8500000000000005	0.00017997135312014875
5.86	0.00017296480234722434
5.87	0.00017667588244956524
5.88	0.0001901921831711006
5.89	0.0002073016138543629
5.9	0.00021379320421848803
5.91	0.00020262481736485474
5.92	0.0001857574807897751
5.93	0.00017558529247401044
5.94	0.00017619120355874752
5.95	0.00018740063113885155
5.96	0.00020434900296401084
5.97	0.00021379301131176968
5.98	0.0002055151696783518
5.99	0.0001888392166230525
6.	0.00017753741249831094
6.01	0.0001770201878605603
6.0200000000000005	0.00018743357569094604
6.03	0.00020391350060108135
6.04	0.0002132153335540692
6.05	0.00020509169663588818
6.0600000000000005	0.00018880772411934026
6.07	0.0001781525102400151
6.08	0.0001785424582155126
6.09	0.00018976660180715994
6.1000000000000005	0.00020567815344811174
6.11	0.00021211439090846826
6.12	0.00020169452438074131
6.13	0.00018609286160756647
6.140000000000001	0.00017787959424634634
6.15	0.00018114468096102924
6.16	0.00019431310566245635
6.17	0.00020840401208108129
6.18	0.00020897264218892064
6.19	0.00019536251532053026
6.2	0.00018188512990751743
6.21	0.00017815335017795964
6.22	0.0001859014099856118
6.23	0.0002005960968632366
6.24	0.00020932202106716728
6.25	0.00020186574159384224
6.26	0.0001870348531701225
6.2700000000000005	0.00017838656077038648
6.28	0.0001811199733835462
6.29	0.0001935296038909489
6.3	0.00020585304573278256
6.3100000000000005	0.00020441231287822797
6.32	0.00019090189515674617
6.33	0.00017956435712303108
6.34	0.00017868004401027103
6.3500000000000005	0.0001885268233091179
6.36	0.0002016287729139999
6.37	0.000203979937238356
6.38	0.00019247963033139918
6.390000000000001	0.00018017858632732818
6.4	0.00017727402876279753
6.41	0.0001853536449123965
6.42	0.00019810239672916476
6.43	0.00020191790312534325
6.44	0.00019174265675621317
6.45	0.0001795200678576595
6.46	0.000176094333110861
6.47	0.00018351692851862844
6.48	0.0001955877977470034
6.49	0.00019896614707746535
6.5	0.00018899839971781704
6.51	0.0001775037791331655
6.5200000000000005	0.00017489994852881667
6.53	0.00018270976552750825
6.54	0.00019382831159621124
6.55	0.00019514448021106347
6.5600000000000005	0.00018455151281230984
6.57	0.0001744901348764471
6.58	0.00017392385354275986
6.59	0.0001827954772375293
6.6000000000000005	0.00019215888173123831
6.61	0.00019000449789304287
6.62	0.00017877785558429943
6.63	0.00017120123573180027
6.640000000000001	0.00017367804156358317
6.65	0.00018347615990139032
6.66	0.00018941930736473807
6.67	0.0001830901689137649
6.68	0.00017241474995284418
6.69	0.00016867048130511905
6.7	0.00017461976696980683
6.71	0.00018378521357540717
6.72	0.00018420354232038638
6.73	0.00017468740269051196
6.74	0.00016678728794577763
6.75	0.0001679894892627995
6.76	0.00017640624805730817
6.7700000000000005	0.00018166835930540323
6.78	0.00017584438788831807
6.79	0.0001663188566127611
6.8	0.00016355308451667945
6.8100000000000005	0.00016951823619234475
6.82	0.0001768816986580296
6.83	0.00017502472993853314
6.84	0.0001658576055465432
6.8500000000000005	0.00016045076346326876
6.86	0.00016379521186145823
6.87	0.00017137674477028575
6.88	0.00017245561897155477
6.890000000000001	0.00016461590076081303
6.9	0.00015782476679910697
6.91	0.00015908108472934942
6.92	0.00016602951084966286
6.93	0.00016876188590240815
6.94	0.00016232518256640338
6.95	0.00015506323666363624
6.96	0.000154990324119773
6.97	0.00016115315857966625
6.98	0.00016452747846502707
6.99	0.00015908766463577296
7.	0.00015190301913787114
7.01	0.00015123543229469524
7.0200000000000005	0.00015677414195229287
7.03	0.0001600765022532757
7.04	0.00015507349687548822
7.05	0.0001482719902797585
7.0600000000000005	0.0001476461928381132
7.07	0.00015279657017432618
7.08	0.00015549872189700098
7.09	0.000150437435082606
7.1000000000000005	0.00014425283364973075
7.11	0.00014419307714253672
7.12	0.0001490957994307187
7.13	0.00015073015713503062
7.140000000000001	0.0001453124806423998
7.15	0.00014003821852750758
7.16	0.00014093658756589446
7.17	0.00014549840553503208
7.18	0.00014560015124006755
7.19	0.00013981611418956502
7.2	0.00013584078581506035
7.21	0.00013788718693105294
7.22	0.00014170730183517822
7.23	0.00013994693707869844
7.24	0.00013420131352581544
7.25	0.00013198424447974694
7.26	0.00013503750058278642
7.2700000000000005	0.00013739213049105884
7.28	0.0001337882210114235
7.29	0.00012884829827546234
7.3	0.00012869360264890843
7.3100000000000005	0.00013208453481434085
7.32	0.00013217758428264045
7.33	0.0001274000903952088
7.34	0.0001242029528856219
7.3500000000000005	0.0001259570938401495
7.36	0.00012844678334951375
7.37	0.00012599513920658536
7.38	0.00012139765950289659
7.390000000000001	0.00012061297515600495
7.4	0.00012331059919695883
7.41	0.00012350276873080235
7.42	0.00011934801689582687
7.43	0.00011646425612160262
7.44	0.00011789363507601703
7.45	0.00011971441697120789
7.46	0.00011716868780257908
7.47	0.00011326709343438538
7.48	0.00011299156123838327
7.49	0.00011516853024763036
7.5	0.00011440414096541053
7.51	0.00011052894580597833
7.5200000000000005	0.00010878088829971545
7.53	0.00011044389670299541
7.54	0.00011099539943981823
7.55	0.00010782223346904146
7.5600000000000005	0.00010512344884799133
7.57	0.00010591515871031151
7.58	0.00010715345039345784
7.59	0.00010492127170215822
7.6000000000000005	0.00010180276621505447
7.61	0.00010172910099800445
7.62	0.000103151459735936
7.63	0.00010177272546546842
7.640000000000001	0.00009860149369057528
7.65	0.00009781625097546003
7.66	0.00009910862248166348
7.67	0.00009836240640120802
7.68	0.00009537347693245594
7.69	0.00009413096416556993
7.7	0.00009519604223513104
7.71	0.00009485221461808839
7.72	0.0000921193716833408
7.73	0.00009062382853950818
7.74	0.00009145154246219584
7.75	0.00009130836731709745
7.76	0.00008881826703671891
7.7700000000000005	0.00008723467797357901
7.78	0.00008787502133850775
7.79	0.00008778722686605119
7.8	0.0000854923014730188
7.8100000000000005	0.00008394864630878739
7.82	0.00008447248881533656
7.83	0.0000843355366260694
7.84	0.00008216685511268606
7.8500000000000005	0.0000807269739962533
7.86	0.00008115711067530819
7.87	0.00008086828462347434
7.88	0.00007878794791175521
7.890000000000001	0.00007754836920197426
7.9	0.00007794786493753975
7.91	0.00007746955844185819
7.92	0.00007547839996297249
7.930000000000001	0.00007449361127784188
7.94	0.00007485232314671218
7.95	0.00007413079641126682
7.96	0.0000722531827708263
7.97	0.00007156167552105373
7.98	0.0000718364676356872
7.99	0.00007084966968996063
8.	0.00006915505757888938
8.01	0.00006877406531733279
8.02	0.00006889049517820836
8.03	0.00006765358641550548
8.040000000000001	0.00006621157678301181
8.05	0.00006606643214714308
8.06	0.00006588442803153367
8.07	0.00006445618475364468
8.08	0.00006337022800384054
8.09	0.00006339308328461603
8.1	0.00006286689445732069
8.11	0.00006142211533418295
8.120000000000001	0.00006074955188708346
8.13	0.00006076575428941015
8.14	0.000059875693943213106
8.15	0.000058601997311811636
8.16	0.000058301985883105245
8.17	0.00005811288926720452
8.18	0.00005696923391518266
8.19	0.00005604787603580768
8.2	0.000055971765416675154
8.21	0.00005543721767465841
8.22	0.00005425451306050842
8.23	0.00005372347091118665
8.24	0.0000535726871214104
8.25	0.00005266127434308102
8.26	0.000051690324650429825
8.27	0.00005147507811028418
8.28	0.00005105581566711195
8.290000000000001	0.00005001456448405684
8.3	0.000049438616834662114
8.31	0.000049276750033298755
8.32	0.00004851648603019615
8.33	0.00004764135429671325
8.34	0.0000473941636933886
8.35	0.000047001094376550086
8.36	0.00004609679949356453
8.370000000000001	0.000045592018345093544
8.38	0.000045406151163752446
8.39	0.00004470648376791199
8.4	0.000043959680645233904
8.41	0.00004370459125139231
8.42	0.000043237905902350015
8.43	0.00004241572552740451
8.44	0.00004199708623589872
8.45	0.00004172586313730119
8.46	0.00004101654871978399
8.47	0.00004043148875680726
8.48	0.000040207382332103256
8.49	0.000039682708867443284
8.5	0.00003900874350828456
8.51	0.000038721638008798954
8.52	0.00003836935257584897
8.53	0.000037713058186194466
8.540000000000001	0.00003732824662646429
8.55	0.00003708867246361541
8.56	0.000036519739805074305
8.57	0.000036019374411512694
8.58	0.000035763883547287284
8.59	0.00003526931416362499
8.6	0.00003470421369591389
8.61	0.000034430220654110144
8.620000000000001	0.00003405404192765633
8.63	0.00003349880764593056
8.64	0.00003318477717570555
8.65	0.000032890711010950344
8.66	0.00003237519469175579
8.67	0.00003201901015977505
8.68	0.000031775255903786415
8.69	0.000031322669767768044
8.700000000000001	0.00003094581261385062
8.71	0.000030734998825812865
8.72	0.000030348016217428796
8.73	0.00002993780494231684
8.74	0.00002968502949359275
8.75	0.000029305779678144514
8.76	0.00002887450885844168
8.77	0.000028621312412545912
8.78	0.000028300951302983365
8.790000000000001	0.00002789525357621614
8.8	0.000027645225748778307
8.81	0.000027366193087231996
8.82	0.000026985900727535313
8.83	0.000026738335129486588
8.84	0.00002649324838472025
8.85	0.000026147070867196696
8.86	0.00002591495571617536
8.870000000000001	0.000025703334007430056
8.88	0.00002537684635145581
8.89	0.000025113722656291946
8.9	0.000024863875784539157
8.91	0.00002451965223055115
8.92	0.000024256048722793313
8.93	0.000024030760398169698
8.94	0.00002372309833591143
8.950000000000001	0.000023482657482700997
8.96	0.000023276393786681007
8.97	0.000022995094536360476
8.98	0.00002277487686240054
8.99	0.000022586410762499362
9.	0.000022335367346240004
9.01	0.00002214601699518421
9.02	0.00002197965393335882
9.03	0.00002173924035679641
9.040000000000001	0.000021524760207134807
9.05	0.000021307746801203774
9.06	0.00002104209423338897
9.07	0.000020835800399498463
9.08	0.00002063893433413601
9.09	0.000020406165810564017
9.1	0.00002022788622983814
9.11	0.000020046178892188434
9.120000000000001	0.000019838303968628445
9.13	0.000019683090367979163
9.14	0.000019518285655460686
9.15	0.00001934367545450737
9.16	0.00001921858964872665
9.17	0.000019064016600180034
9.18	0.00001887873108978039
9.19	0.00001870596955419233
9.200000000000001	0.000018502345490289386
9.21	0.000018312848604516877
9.22	0.000018156733105660434
9.23	0.000017978905040057183
9.24	0.00001782296700555597
9.25	0.000017684438272706313
9.26	0.000017526401492470917
9.27	0.000017397227194155947
9.28	0.000017275891211472198
9.290000000000001	0.00001714771555871656
9.3	0.000017050798076833573
9.31	0.00001693609552755307
9.32	0.000016789057845360427
9.33	0.000016640256496631728
9.34	0.000016474245434549134
9.35	0.00001632269017985408
9.36	0.00001619189765389227
9.370000000000001	0.00001605250048435898
9.38	0.00001593249479150132
9.39	0.000015819098912621558
9.4	0.000015701544700186964
9.41	0.00001560677738813445
9.42	0.000015513700294749634
9.43	0.000015429144516456623
9.44	0.000015357106458809266
9.450000000000001	0.000015253933543645156
9.46	0.000015128435197819916
9.47	0.000014995255349530423
9.48	0.000014859992918751793
9.49	0.00001474554837251718
9.5	0.000014635301561114089
9.51	0.000014530800380930418
9.52	0.000014440584672246699
9.53	0.000014348986887729434
9.540000000000001	0.000014270513283628664
9.55	0.00001420311601875549
9.56	0.000014140698094998202
9.57	0.000014088047419818612
9.58	0.000014011551580045322
9.59	0.000013905010430780932
9.6	0.000013790031728828471
9.61	0.000013675506372178514
9.620000000000001	0.000013576784680453862
9.63	0.000013485952117745663
9.64	0.00001340108439989639
9.65	0.000013327673470716431
9.66	0.000013257133691387386
9.67	0.000013198305240083892
9.68	0.00001315031705700335
9.69	0.000013109213508293511
9.700000000000001	0.00001306828857829566
9.71	0.000012997233654089752
9.72	0.000012899624683078844
9.73	0.000012797570615273837
9.74	0.000012702119619804284
9.75	0.00001262060548710766
9.76	0.000012545817620789232
9.77	0.0000124796901901416
9.78	0.000012421837184987742
9.790000000000001	0.000012370499959805872
9.8	0.00001233193204549589
9.81	0.000012302259614535333
9.82	0.000012275628543557361
9.83	0.000012228904291364006
9.84	0.000012148152105309459
9.85	0.000012055916564897592
9.86	0.000011968328102452025
9.870000000000001	0.000011892788563214141
9.88	0.000011827247299227587
9.89	0.000011769170003320617
9.9	0.000011720309559620346
9.91	0.000011678846801815769
9.92	0.000011648913732357141
9.93	0.000011629504420996361
9.94	0.000011611846127228874
9.950000000000001	0.000011573721472049586
9.96	0.00001150133064550638
9.97	0.00001141643903743767
9.98	0.000011337256744052805
9.99	0.000011269636111522272
10.	0.000011212385631594364
10.01	0.000011163207405725659
10.02	0.000011123160919562979
10.03	0.000011091902903948093
10.040000000000001	0.000011072392885737827
10.05	0.000011062330128886815
10.06	0.000011047944621796499
10.07	0.000011005125182573502
10.08	0.000010931881664200932
10.09	0.00001085342856671594
10.1	0.00001078385154905985
10.11	0.000010726006182026003
10.120000000000001	0.00001067788396892576
10.13	0.000010638522841086607
10.14	0.000010608623637209788
10.15	0.000010589203256726345
10.16	0.00001058145239310887
10.17	0.000010576721074360954
10.18	0.00001055247466711602
10.19	0.000010493710904458349
10.200000000000001	0.000010419049314958502
10.21	0.000010349983358567775
10.22	0.000010292374158085187
10.23	0.000010245746989205962
10.24	0.000010208341250817044
10.25	0.00001018061319227356
10.26	0.0000101635389418865
10.27	0.000010158195877674354
10.28	0.00001015805429766143
10.290000000000001	0.000010141356391749084
10.3	0.000010090180833168957
10.31	0.000010019636607913437
10.32	9.953012611503055e-6
10.33	9.89785546641939e-6
10.34	9.854015389895488e-6
10.35	9.819991634817726e-6
10.36	9.795978073892604e-6
10.370000000000001	9.783167402877782e-6
10.38	9.781911952641715e-6
10.39	9.784028301734898e-6
10.4	9.766128185064791e-6
10.41	9.713847546885908e-6
10.42	9.645802640805909e-6
10.43	9.583592340107724e-6
10.44	9.533244507436569e-6
10.450000000000001	9.49419578299114e-6
10.46	9.465323215652019e-6
10.47	9.447111216553189e-6
10.48	9.440756873462785e-6
10.49	9.444594027820671e-6
10.5	9.444631507345651e-6
10.51	9.416054753697604e-6
10.52	9.357141911668869e-6
10.53	9.292233823080994e-6
10.540000000000001	9.236994089048913e-6
10.55	9.193855130054925e-6
10.56	9.161770141719206e-6
10.57	9.140302086460461e-6
10.58	9.130465593717739e-6
10.59	9.132406857007684e-6
10.6	9.138321776983e-6
10.61	9.125315642384171e-6
10.620000000000001	9.07830737510989e-6
10.63	9.015189794043906e-6
10.64	8.957639903142226e-6
10.65	8.91220017485279e-6
10.66	8.87846598489925e-6
10.67	8.855709603143722e-6
10.68	8.844532802157363e-6
10.69	8.84550841642061e-6
10.700000000000001	8.853057083283922e-6
10.71	8.846814872619161e-6
10.72	8.807265790624426e-6
10.73	8.747109554696704e-6
10.74	8.689777054101343e-6
10.75	8.644258174232302e-6
10.76	8.610809045378855e-6
10.77	8.588704462334505e-6
10.78	8.578384631399003e-6
10.790000000000001	8.580262169657825e-6
10.8	8.588514785775522e-6
10.81	8.582723015287648e-6
10.82	8.544048174251065e-6
10.83	8.485657842716193e-6
10.84	8.43053221830034e-6
10.85	8.387315977109686e-6
10.86	8.356291963080207e-6
10.870000000000001	8.33689234501968e-6
10.88	8.329617773616287e-6
10.89	8.334176367419931e-6
10.9	8.342123737361056e-6
10.91	8.330887756625924e-6
10.92	8.287367280700247e-6
10.93	8.230023038067892e-6
10.94	8.179111154549878e-6
10.950000000000001	8.140541588779928e-6
10.96	8.114118686313279e-6
10.97	8.099604261995414e-6
10.98	8.0975129755154e-6
10.99	8.105461723374537e-6
11.	8.10926745136505e-6
11.01	8.085753984137101e-6
11.02	8.035129787128027e-6
11.03	7.980654307556547e-6
11.040000000000001	7.936366464135252e-6
11.05	7.90463337478149e-6
11.06	7.885000755254005e-6
11.07	7.877682001404882e-6
11.08	7.882235433634383e-6
11.09	7.890685898590075e-6
11.1	7.881440110934472e-6
11.11	7.841283354419059e-6
11.120000000000001	7.787528442517325e-6
11.13	7.74000664849293e-6
11.14	7.704779430491933e-6
11.15	7.681922001771587e-6
11.16	7.671352160929183e-6
11.17	7.673072304599824e-6
11.18	7.682012000765106e-6
11.19	7.679877884198994e-6
11.200000000000001	7.648060012499934e-6
11.21	7.597055393487705e-6
11.22	7.548695215614606e-6
11.23	7.51197242260815e-6
11.24	7.487743302780883e-6
11.25	7.475844623655131e-6
11.26	7.476283592167046e-6
11.27	7.484864884029742e-6
11.28	7.4849320520689586e-6
11.290000000000001	7.456881415952787e-6
11.3	7.40822755603138e-6
11.31	7.3607613649678e-6
11.32	7.324526518481001e-6
11.33	7.300805908751055e-6
11.34	7.289466524185556e-6
11.35	7.290336287396556e-6
11.36	7.298721251452959e-6
11.370000000000001	7.297565090130031e-6
11.38	7.268663326692814e-6
11.39	7.221112927694705e-6
11.4	7.17587629025046e-6
11.41	7.142010765741272e-6
11.42	7.120619702249941e-6
11.43	7.111625360165472e-6
11.44	7.114410818897967e-6
11.450000000000001	7.1223415009504105e-6
11.46	7.116492649607585e-6
11.47	7.083132437909477e-6
11.48	7.036317193068047e-6
11.49	6.994828005594413e-6
11.5	6.965142124907786e-6
11.51	6.947828773275417e-6
11.52	6.94281639648287e-6
11.53	6.948290837294437e-6
11.540000000000001	6.953707937478564e-6
11.55	6.9388357322985655e-6
11.56	6.899481788399322e-6
11.57	6.854692091395592e-6
11.58	6.818666491590392e-6
11.59	6.794794806382035e-6
11.6	6.783197499681947e-6
11.61	6.7834131888971105e-6
11.620000000000001	6.790549633430652e-6
11.63	6.788399351612761e-6
11.64	6.761046334964259e-6
11.65	6.717994699053586e-6
11.66	6.6781648046851434e-6
11.67	6.649439621435653e-6
11.68	6.632888905642553e-6
11.69	6.628361921761404e-6
11.700000000000001	6.633526417314471e-6
11.71	6.637159965439855e-6
11.72	6.620410944108142e-6
11.73	6.58225034283436e-6
11.74	6.541222725720252e-6
11.75	6.509408396664669e-6
11.76	6.489487094566746e-6
11.77	6.481532018570292e-6
11.78	6.484217765701839e-6
11.790000000000001	6.4895186094792414e-6
11.8	6.479474244312605e-6
11.81	6.446453848931075e-6
11.82	6.406043728971505e-6
11.83	6.372855800976851e-6
11.84	6.35114781691866e-6
11.85	6.341261453012255e-6
11.86	6.342218364515206e-6
11.870000000000001	6.347536724881559e-6
11.88	6.340633237417433e-6
11.89	6.311175391062158e-6
11.9	6.272182291237419e-6
11.91	6.239066287036241e-6
11.92	6.217010798751533e-6
11.93	6.206577886479455e-6
11.94	6.2068321903878925e-6
11.950000000000001	6.211644800003153e-6
11.96	6.205158033228609e-6
11.97	6.177062903277181e-6
11.98	6.139571205060031e-6
11.99	6.107678316361168e-6
12.	6.086571726455139e-6
12.01	6.076843105505377e-6
12.02	6.07734157702803e-6
12.030000000000001	6.081308168153047e-6
12.040000000000001	6.072940937889477e-6
12.05	6.044187600382451e-6
12.06	6.008189085360453e-6
12.07	5.978577194615587e-6
12.08	5.959674174820534e-6
12.09	5.95183956425354e-6
12.1	5.953324110163839e-6
12.11	5.955753423775651e-6
12.120000000000001	5.943410379709693e-6
12.13	5.912883385907469e-6
12.14	5.878851605927091e-6
12.15	5.852537911049298e-6
12.16	5.836901703275196e-6
12.17	5.8318715239501085e-6
12.18	5.834431073385117e-6
12.19	5.8336455682873615e-6
12.200000000000001	5.815474341530088e-6
12.21	5.783363584686541e-6
12.22	5.7523323559151265e-6
12.23	5.730295919699441e-6
12.24	5.718801823955072e-6
12.25	5.717018076932472e-6
12.26	5.719481461774066e-6
12.27	5.712617706663683e-6
12.280000000000001	5.687948989776542e-6
12.290000000000001	5.656017915811013e-6
12.3	5.629467167756503e-6
12.31	5.6126957911290736e-6
12.32	5.606035274315117e-6
12.33	5.607047005928874e-6
12.34	5.6063730781448945e-6
12.35	5.590686287148261e-6
12.36	5.5615108298686385e-6
12.370000000000001	5.532577020394798e-6
12.38	5.5118551772047686e-6
12.39	5.501033597969294e-6
12.4	5.4991318555084405e-6
12.41	5.500322740341092e-6
12.42	5.491713909041535e-6
12.43	5.467330809285464e-6
12.44	5.438053221376712e-6
12.450000000000001	5.414699559265474e-6
12.46	5.400687719831163e-6
12.47	5.395900505721718e-6
12.48	5.396667801144478e-6
12.49	5.3922364249358204e-6
12.5	5.372732338028526e-6
12.51	5.344638973809008e-6
12.52	5.319993309812084e-6
12.530000000000001	5.303904244487146e-6
12.540000000000001	5.296941480882167e-6
12.55	5.2966339533845894e-6
12.56	5.294197108502924e-6
12.57	5.278463702730183e-6
12.58	5.252156467267076e-6
12.59	5.227219167757122e-6
12.6	5.210017202654076e-6
12.61	5.201681280392691e-6
12.620000000000001	5.200371693071305e-6
12.63	5.198600230124803e-6
12.64	5.18515316451904e-6
12.65	5.160488974312931e-6
12.66	5.135900033132985e-6
12.67	5.11836786349703e-6
12.68	5.109365188571498e-6
12.69	5.107324798703092e-6
12.700000000000001	5.105425752481001e-6
12.71	5.092908989739309e-6
12.72	5.069487227996905e-6
12.73	5.045771485793917e-6
12.74	5.028699975169929e-6
12.75	5.019798829905996e-6
12.76	5.017489126461141e-6
12.77	5.015052549706e-6
12.780000000000001	5.002351680422806e-6
12.790000000000001	4.979655954459515e-6
12.8	4.957123899692478e-6
12.81	4.941123067090461e-6
12.82	4.932937588203456e-6
12.83	4.930678264058363e-6
12.84	4.9272439670641026e-6
12.85	4.913402477814677e-6
12.86	4.891058023262836e-6
12.870000000000001	4.869968589402829e-6
12.88	4.855486300373183e-6
12.89	4.848398501146598e-6
12.9	4.846198395606688e-6
12.91	4.841135304059321e-6
12.92	4.825568670794607e-6
12.93	4.8037049786393035e-6
12.94	4.784543144720276e-6
12.950000000000001	4.772099499136233e-6
12.96	4.766464247393825e-6
12.97	4.764105673891284e-6
12.98	4.756622065973331e-6
12.99	4.739117950306343e-6
13.	4.718175381496155e-6
13.01	4.70140772119988e-6
13.02	4.6913588565343435e-6
13.030000000000001	4.687175443598846e-6
13.040000000000001	4.6838338666104666e-6
13.05	4.673032083021235e-6
13.06	4.653966674265128e-6
13.07	4.6346387019928846e-6
13.08	4.62062192818849e-6
13.09	4.61303140312529e-6
13.1	4.609741950871517e-6
13.11	4.604099964446279e-6
13.120000000000001	4.5897409462679914e-6
13.13	4.570390426260464e-6
13.14	4.553630693220045e-6
13.15	4.542756098475192e-6
13.16	4.537493780365436e-6
13.17	4.53388581169465e-6
13.18	4.524483637716008e-6
13.19	4.507381202938961e-6
13.200000000000001	4.48935805670554e-6
13.21	4.475879274845689e-6
13.22	4.468173911139627e-6
13.23	4.4642914722343776e-6
13.24	4.45821653623183e-6
13.25	4.444458120109491e-6
13.26	4.426568691890697e-6
13.27	4.4112469853067825e-6
13.280000000000001	4.4012864818506795e-6
13.290000000000001	4.396142810624122e-6
13.3	4.391648862252273e-6
13.31	4.381247376502223e-6
13.32	4.3647413822832574e-6
13.33	4.348558498148018e-6
13.34	4.33690276300271e-6
13.35	4.33029955284961e-6
13.36	4.326086930712758e-6
13.370000000000001	4.3181850914479795e-6
13.38	4.303618940577167e-6
13.39	4.287371065262636e-6
13.4	4.274587481970633e-6
13.41	4.266672007251291e-6
13.42	4.2620273001245125e-6
13.43	4.255564367431039e-6
13.44	4.242821445389974e-6
13.450000000000001	4.226938856106548e-6
13.46	4.213455592132313e-6
13.47	4.2045524883504e-6
13.48	4.199368898366861e-6
13.49	4.193712388279468e-6
13.5	4.182557025460276e-6
13.51	4.167412879396405e-6
13.52	4.153723967258753e-6
13.530000000000001	4.1442113866333965e-6
13.540000000000001	4.1385247289339675e-6
13.55	4.133193417282535e-6
13.56	4.123175240349567e-6
13.57	4.108838926556583e-6
13.58	4.095255074746381e-6
13.59	4.085410811249876e-6
13.6	4.0792837053974394e-6
13.61	4.073918063714264e-6
13.620000000000001	4.064490073695083e-6
13.63	4.0507567447774145e-6
13.64	4.037412717953174e-6
13.65	4.027540479722338e-6
13.66	4.021256029678661e-6
13.67	4.015850561497508e-6
13.68	4.006766306275701e-6
13.69	3.993592874185408e-6
13.700000000000001	3.980698792075458e-6
13.71	3.971050196037259e-6
13.72	3.9647658249095646e-6
13.73	3.959244197185804e-6
13.74	3.950229363295662e-6
13.75	3.937487362039114e-6
13.76	3.925111281188081e-6
13.77	3.915787763039062e-6
13.780000000000001	3.90952612362172e-6
13.790000000000001	3.90370053189323e-6
13.8	3.894407212257386e-6
13.81	3.8819130860768076e-6
13.82	3.870143644580735e-6
13.83	3.861382195615245e-6
13.84	3.855344516471011e-6
13.85	3.849234742097592e-6
13.86	3.839611487716928e-6
13.870000000000001	3.827443109926123e-6
13.88	3.816420432028729e-6
13.89	3.808324141363058e-6
13.9	3.8025085701885626e-6
13.91	3.795974757235372e-6
13.92	3.7859374622446568e-6
13.93	3.7741233880466933e-6
13.94	3.7638567095800283e-6
13.950000000000001	3.7563635610470798e-6
13.96	3.7505534708116093e-6
13.97	3.7432838166133014e-6
13.98	3.7327730114481297e-6
13.99	3.7214844406336558e-6
14.	3.7121748868783977e-6
14.01	3.7053979801615436e-6
14.02	3.6995151688698417e-6
14.030000000000001	3.6914571401601097e-6
14.040000000000001	3.6807309195349875e-6
14.05	3.670205206633879e-6
14.06	3.661910286762428e-6
14.07	3.6557283618074857e-6
14.08	3.6494672402568116e-6
14.09	3.6405370819558613e-6
14.1	3.6298227945913512e-6
14.11	3.620142217017849e-6
14.120000000000001	3.6127189325752385e-6
14.13	3.606731876662922e-6
14.14	3.5996297068456576e-6
14.15	3.589964470759414e-6
14.16	3.5797374761490327e-6
14.17	3.571169370875803e-6
14.18	3.564610138460463e-6
14.19	3.558513882574114e-6
14.200000000000001	3.5504502038092807e-6
14.21	3.540530273175714e-6
14.22	3.5311735408947577e-6
14.23	3.523735962050459e-6
14.24	3.517714593625119e-6
14.25	3.5109604866417235e-6
14.26	3.5019454089082356e-6
14.27	3.4922183566766462e-6
14.280000000000001	3.483841201827585e-6
14.290000000000001	3.4772348078204557e-6
14.3	3.4710946140879015e-6
14.31	3.4633041628647364e-6
14.32	3.4539240147743077e-6
14.33	3.4450401204182936e-6
14.34	3.4378161124102442e-6
14.35	3.4317566348267066e-6
14.36	3.424975369324131e-6
14.370000000000001	3.4163378633291786e-6
14.38	3.4073114054030726e-6
14.39	3.3995605339424935e-6
14.4	3.3932433234096934e-6
14.41	3.3869952313189957e-6
14.42	3.379122418541292e-6
14.43	3.370151092469659e-6
14.44	3.361906230948401e-6
14.450000000000001	3.3551267062037487e-6
14.46	3.3490623192122458e-6
14.47	3.3419839330613006e-6
14.48	3.3334681486485253e-6
14.49	3.325080579264802e-6
14.5	3.3179689209643578e-6
14.51	3.311890776662501e-6
14.52	3.3053898661022674e-6
14.530000000000001	3.2974400151098013e-6
14.540000000000001	3.2891122547173422e-6
14.55	3.2817634252898274e-6
14.56	3.2755174972042756e-6
14.57	3.269266863803949e-6
14.58	3.2617374495290642e-6
14.59	3.2534628802236674e-6
14.6	3.2458711453138676e-6
14.61	3.239432610955261e-6
14.620000000000001	3.2333775210449714e-6
14.63	3.2263483241481337e-6
14.64	3.218363112130845e-6
14.65	3.2107497494086485e-6
14.66	3.2042053659262047e-6
14.67	3.1982496941531857e-6
14.68	3.1916156062746595e-6
14.69	3.183960414661233e-6
14.700000000000001	3.1764064261185846e-6
14.71	3.1697486253753114e-6
14.72	3.1637266970391283e-6
14.73	3.1572443721751364e-6
14.74	3.1497596936908232e-6
14.75	3.14221547441281e-6
14.76	3.1355050048754274e-6
14.77	3.1295223245806215e-6
14.780000000000001	3.1232725217286092e-6
14.790000000000001	3.116078104174803e-6
14.8	3.108695841800813e-6
14.81	3.1020346407855566e-6
14.82	3.096101753476604e-6
14.83	3.0900286915860228e-6
14.84	3.0830904472724807e-6
14.85	3.0758653497524063e-6
14.86	3.069206312694188e-6
14.870000000000001	3.0632020691119883e-6
14.88	3.0571132025116055e-6
14.89	3.0502476525100363e-6
14.9	3.0431202449539767e-6
14.91	3.036557845799593e-6
14.92	3.0306436724072355e-6
14.93	3.024671926790687e-6
14.94	3.0179847910356467e-6
14.950000000000001	3.0110500793722e-6
14.96	3.0046393837337917e-6
14.97	2.9988307605041394e-6
14.98	2.992959797125382e-6
14.99	2.986408535677383e-6
15.	2.97959403563023e-6
15.01	2.973225174076103e-6
15.02	2.967378888928513e-6
15.030000000000001	2.9614408799881756e-6
15.040000000000001	2.95490872774672e-6
15.05	2.9482430533682838e-6
15.06	2.9420594379389266e-6
15.07	2.936339312661608e-6
15.08	2.930469277032519e-6
15.09	2.924055794402222e-6
15.1	2.917591497827077e-6
15.11	2.9116079670402637e-6
15.120000000000001	2.9060114116723402e-6
15.13	2.900177781138169e-6
15.14	2.8938045842208463e-6
15.15	2.887417910981868e-6
15.16	2.8814825915631167e-6
15.17	2.8758467485708174e-6
15.18	2.869943359839331e-6
15.19	2.8636464386773973e-6
15.200000000000001	2.857476605180389e-6
15.21	2.851745494483499e-6
15.22	2.8462023203954893e-6
15.23	2.840335416284591e-6
15.24	2.834180609469888e-6
15.25	2.8282435580853544e-6
15.26	2.822701553706639e-6
15.27	2.817193441040116e-6
15.280000000000001	2.8112702877413618e-6
15.290000000000001	2.805138680432919e-6
15.3	2.799280365235472e-6
15.31	2.793762771797884e-6
15.32	2.7882018380002875e-6
15.33	2.7823038078642205e-6
15.34	2.776365784739227e-6
15.35	2.7707413242803776e-6
15.36	2.7653596660736455e-6
15.370000000000001	2.759824322677234e-6
15.38	2.754017615678422e-6
15.39	2.7482992663035644e-6
15.4	2.7428757736914242e-6
15.41	2.7375216688031802e-6
15.42	2.7318816882834093e-6
15.43	2.7260530350632247e-6
15.44	2.720412923791649e-6
15.450000000000001	2.7150528687572167e-6
15.46	2.709693981689845e-6
15.47	2.7040852432076946e-6
15.48	2.6984341534067672e-6
15.49	2.6930242824073454e-6
15.5	2.6878079473376075e-6
15.51	2.682480047375196e-6
15.52	2.676957004357922e-6
15.530000000000001	2.6715043360701278e-6
15.540000000000001	2.666246539504798e-6
15.55	2.6610059210370202e-6
15.56	2.6555561036033955e-6
15.57	2.650014539837645e-6
15.58	2.644652219974438e-6
15.59	2.6394882130377635e-6
15.6	2.6342784250999244e-6
15.610000000000001	2.628889557937218e-6
15.620000000000001	2.62353245484008e-6
15.63	2.6183831937308587e-6
15.64	2.6133374929437722e-6
15.65	2.608161965233567e-6
15.66	2.602874544333871e-6
15.67	2.597667006182426e-6
15.68	2.5925765446381415e-6
15.69	2.5874456437667885e-6
15.700000000000001	2.582170546249991e-6
15.71	2.576919916267698e-6
15.72	2.571845125426489e-6
15.73	2.566860296696105e-6
15.74	2.5617697248555592e-6
15.75	2.556602667547297e-6
15.76	2.551552336391145e-6
15.77	2.5466539839605508e-6
15.780000000000001	2.5417389075200722e-6
15.790000000000001	2.5366852584664054e-6
15.8	2.5316040013236945e-6
15.81	2.5266217830149235e-6
15.82	2.5216902021498416e-6
15.83	2.5166708339400583e-6
15.84	2.511612350608384e-6
15.85	2.5066667521779017e-6
15.860000000000001	2.5018350290169646e-6
15.870000000000001	2.496970013208425e-6
15.88	2.492023263009777e-6
15.89	2.4871336698959804e-6
15.9	2.4823755460563977e-6
15.91	2.4776394173514843e-6
15.92	2.472781050841971e-6
15.93	2.4678589736171146e-6
15.94	2.463015416476313e-6
15.950000000000001	2.4582447355111503e-6
15.96	2.453429223636066e-6
15.97	2.4485731209751243e-6
15.98	2.443794411253751e-6
15.99	2.439113472678383e-6
16.	2.434425055284653e-6
16.01	2.4296795406622626e-6
16.02	2.4249765354408978e-6
16.03	2.4203725973699266e-6
16.04	2.41577032580751e-6
16.05	2.411055252990095e-6
16.06	2.406299964021596e-6
16.07	2.401623911306389e-6
16.080000000000002	2.39701021723392e-6
16.09	2.392365115139133e-6
16.1	2.3876995985942805e-6
16.11	2.383102316640321e-6
16.12	2.3785785385109246e-6
16.13	2.3740460326395007e-6
16.14	2.3694842241602517e-6
16.15	2.3649683242514325e-6
16.16	2.3605057897402854e-6
16.17	2.3559995710646293e-6
16.18	2.3514119785745375e-6
16.19	2.346837411904983e-6
16.2	2.342340782338431e-6
16.21	2.3378782645053627e-6
16.22	2.3333877692351147e-6
16.23	2.3289060897677776e-6
16.240000000000002	2.3244915698493027e-6
16.25	2.3201220878974375e-6
16.26	2.3157372883729082e-6
16.27	2.3113488316565446e-6
16.28	2.30699098435769e-6
16.29	2.3026277168297585e-6
16.3	2.2982129074139575e-6
16.31	2.293778933217424e-6
16.32	2.2893956209499553e-6
16.330000000000002	2.2850691135589753e-6
16.34	2.2807449706794393e-6
16.35	2.2764092887859904e-6
16.36	2.272112571423476e-6
16.37	2.2678722432870016e-6
16.38	2.2636451732388714e-6
16.39	2.2594009972809266e-6
16.4	2.2551528837963566e-6
16.41	2.250901278207478e-6
16.42	2.2466322301089187e-6
16.43	2.2423487081277264e-6
16.44	2.23809444370931e-6
16.45	2.233892565539331e-6
16.46	2.2297114494261723e-6
16.47	2.2255231511777417e-6
16.48	2.2213576669280737e-6
16.490000000000002	2.217242477787998e-6
16.5	2.213151639596921e-6
16.51	2.2090401271598994e-6
16.52	2.2049004351117536e-6
16.53	2.200755834908822e-6
16.54	2.196617164396159e-6
16.55	2.1924773148058517e-6
16.56	2.188358642092899e-6
16.57	2.184283041264643e-6
16.580000000000002	2.180232389486978e-6
16.59	2.1761825217960784e-6
16.6	2.1721522598379353e-6
16.61	2.168164338673906e-6
16.62	2.1641943860603894e-6
16.63	2.1601919620133513e-6
16.64	2.156154202277805e-6
16.65	2.1521233179943297e-6
16.66	2.1481118726459652e-6
16.67	2.1441074703136827e-6
16.68	2.140123297819211e-6
16.69	2.136175165775647e-6
16.7	2.1322498185477637e-6
16.71	2.1283314026455537e-6
16.72	2.1244351059076315e-6
16.73	2.1205699863767647e-6
16.740000000000002	2.1166994103676887e-6
16.75	2.1127846082618594e-6
16.76	2.1088531994726562e-6
16.77	2.104945699722558e-6
16.78	2.101060100385426e-6
16.79	2.0971847135759527e-6
16.8	2.0933315630900427e-6
16.81	2.0895095702833493e-6
16.82	2.085706761015481e-6
16.830000000000002	2.0819159277403697e-6
16.84	2.078145909457899e-6
16.85	2.0743815194050948e-6
16.86	2.0705847641956696e-6
16.87	2.0667609020920734e-6
16.88	2.0629510275422196e-6
16.89	2.0591704692433365e-6
16.9	2.055406894016501e-6
16.91	2.0516565418445647e-6
16.92	2.0479313565493095e-6
16.93	2.0442329229027055e-6
16.94	2.040550515342985e-6
16.95	2.0368794829861346e-6
16.96	2.0332086034534623e-6
16.97	2.0295131693764494e-6
16.98	2.0257960089901752e-6
16.990000000000002	2.0220870942308894e-6
17.	2.018405534252946e-6
17.01	2.0147467388386336e-6
17.02	2.011101230009408e-6
17.03	2.007474683997082e-6
17.04	2.0038746880732417e-6
17.05	2.000295214715397e-6
17.06	1.9967225178669633e-6
17.07	1.9931392652204632e-6
17.080000000000002	1.989533266822113e-6
17.09	1.985916685295153e-6
17.1	1.9823100400240206e-6
17.11	1.978727226539189e-6
17.12	1.9751681070624155e-6
17.13	1.971624560288627e-6
17.14	1.9680976388163623e-6
17.150000000000002	1.9645949338529376e-6
17.16	1.961112813479633e-6
17.17	1.9576316441624725e-6
17.18	1.9541293709317893e-6
17.19	1.9506080699222016e-6
17.2	1.9470884032966326e-6
17.21	1.9435828542061985e-6
17.22	1.940098601025224e-6
17.23	1.9366365638947404e-6
17.240000000000002	1.933191393926237e-6
17.25	1.929762936384136e-6
17.26	1.9263565056317934e-6
17.27	1.9229655291794184e-6
17.28	1.9195644081779712e-6
17.29	1.91613682053414e-6
17.3	1.9127011531513616e-6
17.31	1.909277572565549e-6
17.32	1.9058707825915919e-6
17.330000000000002	1.902483603179631e-6
17.34	1.8991169693575235e-6
17.35	1.895767778469995e-6
17.36	1.8924359974922016e-6
17.37	1.889122448333698e-6
17.38	1.8858118795420073e-6
17.39	1.882478520216852e-6
17.400000000000002	1.8791262153978127e-6
17.41	1.8757808392596583e-6
17.42	1.8724531467288712e-6
17.43	1.8691426127382153e-6
17.44	1.8658505819034856e-6
17.45	1.8625779367390515e-6
17.46	1.8593229043829775e-6
17.47	1.8560841572812672e-6
17.48	1.8528531086899088e-6
17.490000000000002	1.8496068435639247e-6
17.5	1.8463382677083294e-6
17.51	1.8430696397866813e-6
17.52	1.8398179154640633e-6
17.53	1.8365843562530559e-6
17.54	1.8333673077251036e-6
17.55	1.8301683890203126e-6
17.56	1.8269883050039894e-6
17.57	1.8238245183973874e-6
17.580000000000002	1.8206684758678482e-6
17.59	1.8175006361431574e-6
17.6	1.8143119066741484e-6
17.61	1.8111200299619466e-6
17.62	1.8079427531129756e-6
17.63	1.8047841999351411e-6
17.64	1.8016422096209645e-6
17.650000000000002	1.7985167083509832e-6
17.66	1.7954095666312417e-6
17.67	1.7923192131754568e-6
17.68	1.7892356724703724e-6
17.69	1.786139921839647e-6
17.7	1.7830252142321113e-6
17.71	1.7799084398549763e-6
17.72	1.776805122441874e-6
17.73	1.773719861777104e-6
17.740000000000002	1.7706514593342323e-6
17.75	1.7675988893709286e-6
17.76	1.7645635814444157e-6
17.77	1.7615444704043722e-6
17.78	1.7585303066700158e-6
17.79	1.7555018274017932e-6
17.8	1.7524567173012864e-6
17.81	1.7494129791283364e-6
17.82	1.7463830671597233e-6
17.830000000000002	1.7433702189458206e-6
17.84	1.7403739646514015e-6
17.85	1.7373934365265504e-6
17.86	1.7344292842042635e-6
17.87	1.7314794410109866e-6
17.88	1.7285305585467339e-6
17.89	1.7255647985197494e-6
17.900000000000002	1.7225865036586233e-6
17.91	1.719614100463885e-6
17.92	1.7166564305765094e-6
17.93	1.7137149560373063e-6
17.94	1.7107895037971424e-6
17.95	1.7078797100135052e-6
17.96	1.7049853851615637e-6
17.97	1.702101756042561e-6
17.98	1.699212729156442e-6
17.990000000000002	1.696306061115763e-6
18.	1.6933938301921257e-6
18.01	1.6904920472999475e-6
18.02	1.6876055333219881e-6
18.03	1.6847344192316169e-6
18.04	1.6818787522997242e-6
18.05	1.679038504627338e-6
18.06	1.6762119372289783e-6
18.07	1.6733897203538068e-6
18.080000000000002	1.6705550987634915e-6
18.09	1.667706814242291e-6
18.1	1.664861465779177e-6
18.11	1.6620295957360202e-6
18.12	1.6592127374655844e-6
18.13	1.6564105941814391e-6
18.14	1.6536235082280449e-6
18.150000000000002	1.6508510285055988e-6
18.16	1.6480878831439767e-6
18.17	1.6453196868652395e-6
18.18	1.64253632669625e-6
18.19	1.6397487447064197e-6
18.2	1.636971172119211e-6
18.21	1.6342082069116597e-6
18.22	1.6314596671290703e-6
18.23	1.628725424964049e-6
18.240000000000002	1.6260057263016039e-6
18.25	1.6232977382515265e-6
18.26	1.6205902271714734e-6
18.27	1.6178696124980946e-6
18.28	1.6151403479019556e-6
18.29	1.6124172894734765e-6
18.3	1.6097076391767253e-6
18.31	1.607012190062686e-6
18.32	1.604330493991318e-6
18.330000000000002	1.6016627345654203e-6
18.34	1.5990075242870263e-6
18.35	1.5963562552475374e-6
18.36	1.5936946897400245e-6
18.37	1.5910224700546824e-6
18.38	1.588353561641998e-6
18.39	1.585696715237297e-6
18.400000000000002	1.583053640861654e-6
18.41	1.5804240904569642e-6
18.42	1.5778080085132994e-6
18.43	1.5752044407158351e-6
18.44	1.572606479101572e-6
18.45	1.5700004417613067e-6
18.46	1.5673833392484223e-6
18.47	1.5647679062419758e-6
18.48	1.5621635681314104e-6
18.490000000000002	1.5595724549252561e-6
18.5	1.5569944924222131e-6
18.51	1.5544295646661797e-6
18.52	1.5518766910923748e-6
18.53	1.5493296885671703e-6
18.54	1.5467757399451932e-6
18.55	1.5442112714462465e-6
18.56	1.5416481057263146e-6
18.57	1.5390955260978563e-6
18.580000000000002	1.5365556710476205e-6
18.59	1.5340285121014618e-6
18.6	1.531514014925999e-6
18.61	1.5290110798831546e-6
18.62	1.5265133800837577e-6
18.63	1.5240087654241228e-6
18.64	1.5214947726367702e-6
18.650000000000002	1.5189828617232892e-6
18.66	1.5164814433318107e-6
18.67	1.5139923402238399e-6
18.68	1.5115154969957064e-6
18.69	1.509050879936266e-6
18.7	1.5065970003244924e-6
18.71	1.5041467241280348e-6
18.72	1.5016887259434363e-6
18.73	1.4992231605060852e-6
18.740000000000002	1.4967613718538162e-6
18.75	1.494310257134045e-6
18.76	1.4918710694221623e-6
18.77	1.4894437093396781e-6
18.78	1.4870280402655537e-6
18.79	1.4846218387570132e-6
18.8	1.4822167990226143e-6
18.81	1.4798033098461682e-6
18.82	1.477385094185166e-6
18.830000000000002	1.4749728052061951e-6
18.84	1.4725713745416558e-6
18.85	1.470181455225548e-6
18.86	1.4678029523927356e-6
18.87	1.465435448899229e-6
18.88	1.46307537731343e-6
18.89	1.4607131858326195e-6
18.900000000000002	1.4583426631446859e-6
18.91	1.4559711411270235e-6
18.92	1.4536075473940521e-6
18.93	1.4512548341480718e-6
18.94	1.4489132115272316e-6
18.95	1.4465825555616855e-6
18.96	1.4442617279901564e-6
18.97	1.4419450979747949e-6
18.98	1.4396230771306069e-6
18.990000000000002	1.4372950235066867e-6
19.	1.4349702910269985e-6
19.01	1.4326549770168514e-6
19.02	1.4303503500271108e-6
19.03	1.4280563896532435e-6
19.04	1.4257727757850172e-6
19.05	1.4234968464274285e-6
19.06	1.4212206494815152e-6
19.07	1.418937555828923e-6
19.080000000000002	1.4166529125808204e-6
19.09	1.4143750693229714e-6
19.1	1.4121071428669112e-6
19.11	1.4098495041346347e-6
19.12	1.4076020780494485e-6
19.13	1.4053637276147646e-6
19.14	1.4031292047802758e-6
19.150000000000002	1.4008900650655157e-6
19.16	1.3986462407762859e-6
19.17	1.3964060953630136e-6
19.18	1.3941748247434216e-6
19.19	1.391953487437605e-6
19.2	1.389742062001111e-6
19.21	1.3875400451570619e-6
19.22	1.3853442487612847e-6
19.23	1.3831469710186413e-6
19.240000000000002	1.3809441073898429e-6
19.25	1.37874198523617e-6
19.26	1.3765472676979862e-6
19.27	1.374361954102411e-6
19.28	1.3721861463731444e-6
19.29	1.3700196156422014e-6
19.3	1.367860457081918e-6
19.31	1.3657024300571305e-6
19.32	1.3635394190777529e-6
19.330000000000002	1.361375041718557e-6
19.34	1.359216512318731e-6
19.35	1.357066835330616e-6
19.36	1.3549264110872953e-6
19.37	1.3527950929501528e-6
19.38	1.3506715944138615e-6
19.39	1.348550936679675e-6
19.400000000000002	1.3464264350660247e-6
19.41	1.344299436870809e-6
19.42	1.3421769660152965e-6
19.43	1.3400627466025892e-6
19.44	1.3379574412008284e-6
19.45	1.3358609234633563e-6
19.46	1.333772204705024e-6
19.47	1.3316872218206701e-6
19.48	1.3295994610340158e-6
19.490000000000002	1.327508836880756e-6
19.5	1.3254218323964972e-6
19.51	1.323342524266215e-6
19.52	1.321271784528832e-6
19.53	1.3192095709099529e-6
19.54	1.317155097609055e-6
19.55	1.315104798966221e-6
19.56	1.313052460776941e-6
19.57	1.3109973425721412e-6
19.580000000000002	1.3089453985551649e-6
19.59	1.3069007410019816e-6
19.6	1.304864334596079e-6
19.61	1.3028361610407817e-6
19.62	1.300815456327392e-6
19.63	1.2987988252486004e-6
19.64	1.2967804200051552e-6
19.650000000000002	1.294759578145619e-6
19.66	1.2927419123912747e-6
19.67	1.290731289361364e-6
19.68	1.2887286137279198e-6
19.69	1.286733850428043e-6
19.7	1.2847461974206456e-6
19.71	1.2827622924605691e-6
19.72	1.280776732549224e-6
19.73	1.2787893805635661e-6
19.740000000000002	1.2768055505657935e-6
19.75	1.2748286302494986e-6
19.76	1.2728593734239195e-6
19.77	1.2708977125855587e-6
19.78	1.2689426967076038e-6
19.79	1.2669907441709935e-6
19.8	1.265036959530607e-6
19.81	1.263082151386364e-6
19.82	1.2611313967700792e-6
19.830000000000002	1.259187497906586e-6
19.84	1.2572510053932955e-6
19.85	1.255321763376103e-6
19.86	1.2533985231281605e-6
19.87	1.251477377016097e-6
19.88	1.249554343380215e-6
19.89	1.2476315100464543e-6
19.900000000000002	1.2457134771286618e-6
19.91	1.2438022654528913e-6
19.92	1.241898180912961e-6
19.93	1.2400009335241358e-6
19.94	1.2381088229480392e-6
19.95	1.2362176495492143e-6
19.96	1.2343248163309243e-6
19.97	1.2324335375224182e-6
19.98	1.230547612212696e-6
19.990000000000002	1.2286683670685899e-6
20.	1.2267959562255568e-6