0.	0.
0.01	0.000032745719128236423
0.02	0.00006551444309269395
0.03	0.0000983292171192675
0.04	0.00013121316734553555
0.05	0.000164189541608138
0.06	0.00019728175062995408
0.07	0.00023051340974362253
0.08	0.00026390838129079053
0.09	0.00029749081784006555
0.1	0.00033128520637102103
0.11	0.0003653164135767908
0.12	0.00039960973244382574
0.13	0.0004341909302743345
0.14	0.0004690862983248267
0.15	0.0005043227032431049
0.16	0.0005399276404960721
0.17	0.0005759292899919124
0.18	0.0006123565741126854
0.19	0.0006492392183872018
0.2	0.0006866078150494061
0.21	0.0007244938897444475
0.22	0.000762929971663371
0.23	0.0008019496674080429
0.24	0.0008415877389107516
0.25	0.0008818801857580614
0.26	0.0009228643322962467
0.27	0.0009645789199261807
0.28	0.0010070642050292481
0.29	0.001050362063003004
0.3	0.001094516098926266
0.31	0.0011395717654185554
0.32	0.0011855764883087082
0.33	0.0012325798007826517
0.34	0.0012806334867412872
0.35000000000000003	0.0013297917341669014
0.36	0.001380111299371189
0.37	0.0014316516830807527
0.38	0.0014844753194077239
0.39	0.0015386477788550572
0.4	0.001594237986619296
0.41000000000000003	0.0016513184575795705
0.42	0.0017099655495018376
0.43	0.001770259736143763
0.44	0.0018322859021201135
0.45	0.0018961336615835156
0.46	0.0019618977029935
0.47000000000000003	0.0020296781624910363
0.48	0.0020995810286696492
0.49	0.0021717185818417952
0.5	0.002246209871244945
0.51	0.0023231812340211763
0.52	0.002402766860243038
0.53	0.002485109408754026
0.54	0.002570360679152425
0.55	0.002658682345881906
0.56	0.0027502467611120194
0.5700000000000001	0.002845237833909435
0.58	0.0029438519941311697
0.59	0.003046299250531501
0.6	0.003152804353784992
0.61	0.0032636080765128823
0.62	0.0033789686239868526
0.63	0.0034991631910056323
0.64	0.0036244896825351363
0.65	0.0037552686181171907
0.66	0.0038918452428402094
0.67	0.004034591870891623
0.68	0.004183910491453741
0.6900000000000001	0.004340235671053542
0.7000000000000001	0.004504037791543057
0.71	0.004675826668802431
0.72	0.004856155604181733
0.73	0.005045625928822207
0.74	0.005244892110555932
0.75	0.005454667504357535
0.76	0.005675730840657763
0.77	0.005908933561647936
0.78	0.006155208134524552
0.79	0.006415577493081646
0.8	0.0066911657859433675
0.81	0.006983210642017555
0.8200000000000001	0.0072930772026611615
0.8300000000000001	0.007622274217102044
0.84	0.007972472554771914
0.85	0.008345526557783055
0.86	0.008743498741883394
0.87	0.00916868845874004
0.88	0.009623665261306744
0.89	0.010111307873723573
0.9	0.010634849865946901
0.91	0.011197933381862112
0.92	0.011804672582038458
0.93	0.012459728857021297
0.9400000000000001	0.013168400368567328
0.9500000000000001	0.01393672911707961
0.96	0.014771629557363953
0.97	0.015681043850704266
0.98	0.01667413022943814
0.99	0.017761492770860768
1.	0.018955463282767232
1.01	0.020270449205884344
1.02	0.021723365738267116
1.03	0.023334176209217065
1.04	0.025126572687052665
1.05	0.027128839784271778
1.06	0.029374959929697887
1.07	0.031906039949022365
1.08	0.034772169551731465
1.09	0.038034866717649066
1.1	0.04177032990360247
1.11	0.04607381328061419
1.12	0.05106558615352421
1.1300000000000001	0.056899159371891765
1.1400000000000001	0.06377280627232426
1.1500000000000001	0.07194595148625435
1.16	0.0817628814744894
1.17	0.09368767934538982
1.18	0.10835671838780131
1.19	0.12665921311143452
1.2	0.14986358964920543
1.21	0.17982028328169677
1.22	0.21929437263744458
1.23	0.2725210741159527
1.24	0.3461399738731641
1.25	0.45073205577782727
1.26	0.6030881319959339
1.27	0.8281892666215792
1.28	1.154081943444818
1.29	1.5743654277163361
1.3	1.9475284815853056
1.31	1.9946093098487352
1.32	1.669968691179489
1.33	1.240888623589051
1.34	0.8908157344507087
1.35	0.6456018835290993
1.36	0.47960062446599006
1.37	0.3661625962958313
1.3800000000000001	0.28678638061337886
1.3900000000000001	0.229734866190975
1.4000000000000001	0.18765490046808236
1.41	0.15587724277010406
1.42	0.13136987332840358
1.43	0.11211481336191564
1.44	0.09673604796212365
1.45	0.0842737159156004
1.46	0.07404413510940115
1.47	0.06555108180545564
1.48	0.058428309161619625
1.49	0.05240138582475105
1.5	0.047261080037005146
1.51	0.0428421429936692
1.52	0.039006151343190396
1.53	0.03564221005247775
1.54	0.032677970948637246
1.55	0.030061986699833603
1.56	0.027746390509327524
1.57	0.025687724477149242
1.58	0.023849139533180217
1.59	0.022200076759660153
1.6	0.020715179973273937
1.61	0.01937326781511652
1.62	0.01815651400819781
1.6300000000000001	0.017049812643136233
1.6400000000000001	0.016040284508533474
1.6500000000000001	0.015116888566886765
1.6600000000000001	0.014270112507290107
1.67	0.01349172367452401
1.68	0.012774566834812276
1.69	0.012112398814398032
1.7	0.011499752207462717
1.71	0.010931822238705986
1.72	0.0104043725573894
1.73	0.009913656399710832
1.74	0.009456350237457192
1.75	0.009029497689811693
1.76	0.00863046192374584
1.77	0.008256885104677317
1.78	0.007906653727131513
1.79	0.007577868869597303
1.8	0.007268820589483069
1.81	0.006977965812085114
1.82	0.006703909178920688
1.83	0.006445386411195692
1.84	0.006201249817877466
1.85	0.00597045563817778
1.86	0.005752052957847128
1.87	0.0055451739796112155
1.8800000000000001	0.005349025461984629
1.8900000000000001	0.00516288116888137
1.9000000000000001	0.004986075195951755
1.9100000000000001	0.004817996059251006
1.92	0.0046580814483628274
1.93	0.004505813560011335
1.94	0.004360714939942255
1.95	0.004222344770803984
1.96	0.0040902955522087725
1.97	0.003964190126349403
1.98	0.003843679008688745
1.99	0.003728437988495805
2.	0.0036181659685110908
2.0100000000000002	0.003512583016900728
2.02	0.003411428607999924
2.0300000000000002	0.003314460031231492
2.04	0.00322145095008242
2.05	0.0031321900951869213
2.06	0.0030464800774463578
2.07	0.0029641363087548243
2.08	0.002884986019328379
2.09	0.002808867361885033
2.1	0.002735628594015924
2.11	0.0026651273310473005
2.12	0.002597229862535173
2.13	0.0025318105262760134
2.14	0.002468751134370076
2.15	0.0024079404464508306
2.16	0.0023492736857037575
2.17	0.0022926520937493716
2.18	0.0022379825208655954
2.19	0.002185177048380158
2.2	0.0021341526403797616
2.21	0.002084830822164275
2.22	0.0020371373831251424
2.23	0.001991002101951298
2.24	0.0019463584922660838
2.25	0.001903143566978031
2.2600000000000002	0.0018612976197888776
2.27	0.0018207640224464211
2.2800000000000002	0.0017814890364591244
2.29	0.0017434216381059494
2.3000000000000003	0.0017065133556794874
2.31	0.0016707181179950684
2.32	0.0016359921132836099
2.33	0.0016022936576629556
2.34	0.0015695830724520143
2.35	0.0015378225696549208
2.36	0.0015069761449995477
2.37	0.001477009477966268
2.38	0.0014478898382899417
2.39	0.0014195859984606025
2.4	0.0013920681517871614
2.41	0.001365307835623682
2.42	0.0013392778593899171
2.43	0.0013139522370470944
2.44	0.0012893061237166678
2.45	0.0012653157561541358
2.46	0.0012419583968123775
2.47	0.0012192122812492896
2.48	0.0011970565686532843
2.49	0.0011754712952771905
2.5	0.0011544373305869106
2.5100000000000002	0.001133936335945485
2.52	0.0011139507256664764
2.5300000000000002	0.0010944636302827053
2.54	0.0010754588618875455
2.5500000000000003	0.001056920881416242
2.56	0.0010388347677441892
2.57	0.0010211861884877947
2.58	0.001003961372401621
2.59	0.0009871470832728774
2.6	0.000970730595221181
2.61	0.0009546996693178604
2.62	0.0009390425314448498
2.63	0.0009237478513187068
2.64	0.0009088047226102035
2.65	0.0008942026440946492
2.66	0.0008799315017723228
2.67	0.0008659815519024307
2.68	0.0008523434048976478
2.69	0.0008390080100297568
2.7	0.0008259666409000558
2.71	0.0008132108816311871
2.72	0.0008007326137397493
2.73	0.0007885240036516526
2.74	0.0007765774908245114
2.75	0.0007648857764436275
2.7600000000000002	0.0007534418126601284
2.77	0.0007422387923418026
2.7800000000000002	0.0007312701393089112
2.79	0.0007205294990289796
2.8000000000000003	0.0007100107297460864
2.81	0.0006997078940216662
2.82	0.0006896152506651661
2.83	0.0006797272470342011
2.84	0.0006700385116850307
2.85	0.0006605438473552774
2.86	0.000651238224261885
2.87	0.0006421167736982541
2.88	0.0006331747819154332
2.89	0.0006244076842730873
2.9	0.000615811059646769
2.91	0.0006073806250787803
2.92	0.0005991122306606118
2.93	0.0005910018546356081
2.94	0.0005830455987111471
2.95	0.0005752396835701806
2.96	0.0005675804445725632
2.97	0.0005600643276370901
2.98	0.0005526878852956681
2.99	0.0005454477729114892
3.	0.000538340745053521
3.0100000000000002	0.0005313636520200216
3.02	0.0005245134365041805
3.0300000000000002	0.0005177871303953324
3.04	0.0005111818517095582
3.0500000000000003	0.0005046948016437735
3.06	0.0004983232617477362
3.0700000000000003	0.000492064591208675
3.08	0.00048591622424351924
3.09	0.0004798756675939557
3.1	0.00047394049811979065
3.11	0.00046810836048631583
3.12	0.00046237696494158727
3.13	0.00045674408517975233
3.14	0.0004512075562867202
3.15	0.00044576527276468447
3.16	0.000440415186632162
3.17	0.0004351553055963834
3.18	0.0004299836912950215
3.19	0.00042489845760440315
3.2	0.00041989776901147323
3.21	0.00041497983904693317
3.22	0.0004101429287770821
3.23	0.0004053853453520332
3.24	0.0004007054406080695
3.25	0.00039610160972203333
3.2600000000000002	0.00039157228991573326
3.27	0.0003871159592084644
3.2800000000000002	0.0003827311352158235
3.29	0.0003784163739931013
3.3000000000000003	0.00037417026892161296
3.31	0.00036999144963642403
3.3200000000000003	0.0003658785809939946
3.33	0.0003618303620783588
3.34	0.00035784552524452206
3.35	0.00035392283519783326
3.36	0.00035006108810816354
3.37	0.00034625911075778653
3.38	0.0003425157597219299
3.39	0.00033882992058102294
3.4	0.0003352005071637421
3.41	0.00033162646082000673
3.42	0.0003281067497231544
3.43	0.00032464036820056965
3.44	0.000321226336092124
3.45	0.0003178636981358246
3.46	0.00031455152338015296
3.47	0.000311288904622619
3.48	0.0003080749578741391
3.49	0.0003049088218488964
3.5	0.000301789657479423
3.5100000000000002	0.0002987166474567045
3.52	0.0002956889957951883
3.5300000000000002	0.0002927059274226468
3.54	0.0002897666877949353
3.5500000000000003	0.0002868705425357607
3.56	0.00028401677710167836
3.5700000000000003	0.0002812046964726203
3.58	0.0002784336248683743
3.59	0.0002757029054915325
3.6	0.00027301190029756315
3.61	0.0002703599897927802
3.62	0.0002677465728611359
3.63	0.0002651710666209184
3.64	0.0002626329063126089
3.65	0.0002601315452193445
3.66	0.00025766645462164343
3.67	0.0002552371237882878
3.68	0.00025284306000551124
3.69	0.00025048378864693944
3.7	0.0002481588532870453
3.71	0.000245867815861251
3.72	0.00024361025687621147
3.73	0.00024138577567427562
3.74	0.0002391939907566295
3.75	0.00023703454017022025
3.7600000000000002	0.00023490708196420324
3.77	0.00023281129472241531
3.7800000000000002	0.00023074687817921323
3.79	0.0002287135539269906
3.8000000000000003	0.0002267110662247806
3.81	0.00022473918291861255
3.8200000000000003	0.00022279769648572855
3.83	0.00022088642521641918
3.84	0.0002190052145491331
3.85	0.00021715393857670723
3.86	0.00021533250174408589
3.87	0.00021354084076081816
3.88	0.00021177892675501786
3.89	0.0002100467676993974
3.9	0.00020834441114458692
3.91	0.00020667194730029478
3.92	0.00020502951251115005
3.93	0.00020341729318141657
3.94	0.0002018355302114403
3.95	0.00020028452401890252
3.96	0.00019876464023005282
3.97	0.00019727631614043547
3.98	0.0001958200680617088
3.99	0.00019439649969153405
4.	0.00019300631166793158
4.01	0.00019165031249883076
4.0200000000000005	0.00019032943109290713
4.03	0.00018904473116058783
4.04	0.00018779742780606297
4.05	0.00018658890669447735
4.0600000000000005	0.0001854207462559825
4.07	0.00018429474348357407
4.08	0.00018321294399917945
4.09	0.00018217767720816628
4.1	0.00018119159754389954
4.11	0.00018025773303106574
4.12	0.00017937954268210562
4.13	0.00017856098460227493
4.14	0.00017780659713807385
4.15	0.0001771215959910942
4.16	0.00017651199097500672
4.17	0.00017598472707195634
4.18	0.00017554785572029515
4.19	0.0001752107439403256
4.2	0.00017498433111978124
4.21	0.00017488144623344133
4.22	0.00017491720223978508
4.23	0.00017510948977811
4.24	0.00017547959965203653
4.25	0.00017605301375867027
4.26	0.00017686041832630262
4.2700000000000005	0.00017793901337306018
4.28	0.000179334220932821
4.29	0.0001811019359995262
4.3	0.0001833115248095113
4.3100000000000005	0.00018604986523699103
4.32	0.000189426860077135
4.33	0.0001935830624486244
4.34	0.00019870037753765032
4.3500000000000005	0.00020501732076485198
4.36	0.00021285114693203727
4.37	0.00022263054165847215
4.38	0.00023494488401749344
4.39	0.00025062006866063193
4.4	0.0002708378321240002
4.41	0.0002973278478767406
4.42	0.0003326837016228588
4.43	0.0003808915587690655
4.44	0.0004482186887033727
4.45	0.0005446642166585037
4.46	0.000686034600923184
4.47	0.0008953992671604877
4.48	0.001196449592961813
4.49	0.0015732711893525616
4.5	0.0018772504394843044
4.51	0.0018654791201609528
4.5200000000000005	0.0015484922792377038
4.53	0.0011718553155276184
4.54	0.0008745099744009199
4.55	0.0006679076950523458
4.5600000000000005	0.0005278111849962933
4.57	0.00043153558101081344
4.58	0.0003636673887013983
4.59	0.00031447280714627624
4.6000000000000005	0.00027784820252399717
4.61	0.0002499068444346828
4.62	0.00022811621711423772
4.63	0.00021078489885091847
4.64	0.00019675564888139158
4.65	0.00018521860494006062
4.66	0.000175595094688713
4.67	0.00016746371149223779
4.68	0.00016051222485138003
4.69	0.00015450562985461398
4.7	0.0001492644958024783
4.71	0.00014465002226659646
4.72	0.00014055354786205642
4.73	0.00013688906833289667
4.74	0.00013358782265373155
4.75	0.0001305943225096643
4.76	0.00012786340383446644
4.7700000000000005	0.0001253580118590636
4.78	0.00012304751921755596
4.79	0.00012090643599077256
4.8	0.00011891341109421754
4.8100000000000005	0.00011705045246752578
4.82	0.00011530231318142635
4.83	0.00011365600452096644
4.84	0.0001121004071071844
4.8500000000000005	0.00011062595838039523
4.86	0.00010922440010578949
4.87	0.00010788857354810049
4.88	0.00010661225300979705
4.89	0.00010539001085457354
4.9	0.0001042171092210039
4.91	0.00010308941565810914
4.92	0.00010200334224286333
4.93	0.00010095581081618742
4.94	0.00009994425103594945
4.95	0.00009896664098536394
4.96	0.00009802158762496502
4.97	0.00009710834600398576
4.98	0.00009622623577007704
4.99	0.00009537180519393882
5.	0.000094533488479199
5.01	0.00009369691814627829
5.0200000000000005	0.00009286475665175229
5.03	0.00009204984330298712
5.04	0.00009125750750416754
5.05	0.00009048681612460851
5.0600000000000005	0.000089735445843007
5.07	0.00008900135633641755
5.08	0.00008828298310099743
5.09	0.00008757912381876546
5.1000000000000005	0.00008688882067338653
5.11	0.0000862112805513498
5.12	0.00008554582526294577
5.13	0.00008489186059644129
5.14	0.00008424885657632374
5.15	0.00008361633438127374
5.16	0.00008299385729979335
5.17	0.00008238102420621319
5.18	0.00008177746466380513
5.19	0.00008118283511637904
5.2	0.00008059681583465527
5.21	0.00008001910840462643
5.22	0.00007944943361817005
5.23	0.00007888752967137523
5.24	0.00007833315060472448
5.25	0.00007778606493791849
5.26	0.00007724605446456294
5.2700000000000005	0.00007671291318042747
5.28	0.00007618644632493086
5.29	0.00007566646951976827
5.3	0.00007515280799172408
5.3100000000000005	0.00007464529586906074
5.32	0.00007414377554268026
5.33	0.00007364809708467301
5.34	0.00007315811771800419
5.3500000000000005	0.00007267370133195059
5.36	0.0000721947180382265
5.37	0.0000717210437612554
5.38	0.00007125255984967728
5.39	0.00007078915269304666
5.4	0.00007033071339685452
5.41	0.00006987713762805803
5.42	0.00006942832538941066
5.43	0.00006898418061489496
5.44	0.00006854461090054785
5.45	0.00006810952733025234
5.46	0.00006767884429685254
5.47	0.00006725247932052758
5.48	0.00006683035287571512
5.49	0.00006641238822952734
5.5	0.00006599851129142139
5.51	0.00006558865047324955
5.5200000000000005	0.00006518273655880222
5.53	0.00006478070258204792
5.54	0.00006438248371336631
5.55	0.00006398801715314627
5.5600000000000005	0.00006359724203218163
5.57	0.0000632100993183525
5.58	0.00006282653172912378
5.59	0.00006244648364943496
5.6000000000000005	0.00006206990105458966
5.61	0.00006169673143778724
5.62	0.00006132692374196671
5.63	0.00006096042829566073
5.64	0.00006059719675258176
5.65	0.00006023718203468267
5.66	0.000059880338278456505
5.67	0.000059526620784256105
5.68	0.00005917598596843267
5.69	0.00005882839131810668
5.7	0.00005848379534839869
5.71	0.00005814215756196041
5.72	0.00005780343841065853
5.73	0.00005746759925927373
5.74	0.00005713460235108859
5.75	0.00005680441077524576
5.76	0.0000564769884357664
5.7700000000000005	0.00005615230002212753
5.78	0.00005583031098130376
5.79	0.00005551098749118457
5.8	0.000055194296435285404
5.8100000000000005	0.00005488020537867614
5.82	0.000054568682545054814
5.83	0.000054259696794900916
5.84	0.000053953217604645494
5.8500000000000005	0.000053649215046800355
5.86	0.00005334765977099194
5.87	0.00005304852298584911
5.88	0.00005275177644169742
5.89	0.00005245739241401562
5.9	0.000052165343687612454
5.91	0.00005187560354148512
5.92	0.000051588145734322445
5.93	0.00005130294449061872
5.94	0.00005101997448736607
5.95	0.0000507392108412951
5.96	0.000050460629096635016
5.97	0.00005018420521336728
5.98	0.00004990991555594702
5.99	0.0000496377368824692
6.	0.00004936764633425668
6.01	0.00004909962142584959
6.0200000000000005	0.00004883364003537671
6.03	0.0000485696803952892
6.04	0.0000483077210834403
6.05	0.00004804774101449388
6.0600000000000005	0.00004778971943164612
6.07	0.00004753363589864602
6.08	0.00004727947029210061
6.09	0.000047027202794051465
6.1000000000000005	0.0000467768138848107
6.11	0.00004652828433604399
6.12	0.000046281595204090095
6.13	0.000046036727823505746
6.140000000000001	0.00004579366380082651
6.15	0.00004555238500853403
6.16	0.0000453128735792201
6.17	0.00004507511189994
6.18	0.000044839082606746444
6.19	0.000044604768579396546
6.2	0.00004437215293622485
6.21	0.00004414121902917513
6.22	0.0000439119504389846
6.23	0.00004368433097051456
6.24	0.00004345834464822123
6.25	0.000043233975711760876
6.26	0.00004301120861172489
6.2700000000000005	0.00004279002800549853
6.28	0.0000425704187532394
6.29	0.00004235236591397033
6.3	0.00004213585474178293
6.3100000000000005	0.00004192087068214703
6.32	0.00004170739936832252
6.33	0.00004149542661786918
6.34	0.000041284938429251557
6.3500000000000005	0.000041075920978534825
6.36	0.000040868360616168683
6.37	0.00004066224386385591
6.38	0.00004045755741150257
6.390000000000001	0.00004025428811424724
6.4	0.00004005242298956603
6.41	0.0000398519492144513
6.42	0.000039652854122660815
6.43	0.00003945512520203597
6.44	0.00003925875009188545
6.45	0.00003906371658043353
6.46	0.000038870012602329464
6.47	0.000038677626236217175
6.48	0.00003848654570236247
6.49	0.00003829675936033637
6.5	0.0000381082557067522
6.51	0.000037921023373055686
6.5200000000000005	0.00003773505112336525
6.53	0.00003755032785236193
6.54	0.00003736684258322658
6.55	0.00003718458446562358
6.5600000000000005	0.000037003542773729145
6.57	0.00003682370690430319
6.58	0.000036645066374803236
6.59	0.00003646761082153933
6.6000000000000005	0.00003629132999786863
6.61	0.00003611621377242849
6.62	0.00003594225212740707
6.63	0.00003576943515685025
6.640000000000001	0.00003559775306500398
6.65	0.00003542719616469096
6.66	0.00003525775487572059
6.67	0.000035089419723331776
6.68	0.00003492218133666687
6.69	0.00003475603044727682
6.7	0.00003459095788765596
6.71	0.00003442695458980617
6.72	0.00003426401158382921
6.73	0.00003410211999654695
6.74	0.00003394127105014844
6.75	0.00003378145606086326
6.76	0.00003362266643766047
6.7700000000000005	0.00003346489368097266
6.78	0.000033308129381444306
6.79	0.00003315236521870388
6.8	0.00003299759296015935
6.8100000000000005	0.00003284380445981606
6.82	0.00003269099165711727
6.83	0.00003253914657580576
6.84	0.00003238826132280706
6.8500000000000005	0.000032238328087133164
6.86	0.00003208933913880657
6.87	0.000031941286827804066
6.88	0.000031794163583019994
6.890000000000001	0.00003164796191124845
6.9	0.00003150267439618416
6.91	0.00003135829369744159
6.92	0.000031214812549591796
6.93	0.000031072223761217166
6.94	0.00003093052021398304
6.95	0.00003078969486172656
6.96	0.00003064974072956187
6.97	0.000030510650913001966
6.98	0.00003037241857709648
6.99	0.000030235036955585294
7.	0.000030098499350067957
7.01	0.00002996279912918827
7.0200000000000005	0.000029827929727834316
7.03	0.000029693884646353346
7.04	0.00002956065744978159
7.05	0.000029428241767088788
7.0600000000000005	0.00002929663129043727
7.07	0.00002916581977445549
7.08	0.000029035801035525893
7.09	0.000028906568951087155
7.1000000000000005	0.00002877811745895043
7.11	0.000028650440556630163
7.12	0.000028523532300688517
7.13	0.00002839738680609453
7.140000000000001	0.000028271998245597065
7.15	0.00002814736084911221
7.16	0.000028023468903125
7.17	0.000027900316750105556
7.18	0.00002777789878793984
7.19	0.000027656209469375263
7.2	0.000027535243301481253
7.21	0.000027414994845125058
7.22	0.000027295458714463155
7.23	0.000027176629576448726
7.24	0.000027058502150355244
7.25	0.000026941071207316927
7.26	0.000026824331569886672
7.2700000000000005	0.00002670827811161168
7.28	0.000026592905756627838
7.29	0.000026478209479273286
7.3	0.0000263641843037223
7.3100000000000005	0.00002625082530364018
7.32	0.000026138127601860457
7.33	0.0000260260863700852
7.34	0.000025914696828610276
7.3500000000000005	0.000025803954246076556
7.36	0.000025693853939248936
7.37	0.00002558439127282495
7.38	0.000025475561659275034
7.390000000000001	0.0000253673605587166
7.4	0.00002525978347882465
7.41	0.000025152825974781605
7.42	0.00002504648364926953
7.43	0.000024940752152508298
7.44	0.000024835627182343775
7.45	0.00002473110448439029
7.46	0.000024627179852232316
7.47	0.000024523849127691248
7.48	0.000024421108201163136
7.49	0.000024318953012034824
7.5	0.00002421737954918605
7.51	0.000024116383851586724
7.5200000000000005	0.000024015962008999435
7.53	0.00002391611016279862
7.54	0.000023816824506919245
7.55	0.00002371810128894988
7.5600000000000005	0.000023619936811386727
7.57	0.00002352232743306778
7.58	0.000023425269570808577
7.59	0.000023328759701264517
7.6000000000000005	0.00002323279436304802
7.61	0.000023137370159133145
7.62	0.00002304248375958494
7.63	0.000022948131904656646
7.640000000000001	0.000022854311408304527
7.65	0.000022761019162177773
7.66	0.000022668252140150125
7.67	0.000022576007403470868
7.68	0.0000224842821066254
7.69	0.000022393073504011082
7.7	0.000022302378957551856
7.71	0.000022212195945396986
7.72	0.00002212252207187522
7.73	0.000022033355078906447
7.74	0.00002194469285911071
7.75	0.00002185653347089994
7.76	0.000021768875155892446
7.7700000000000005	0.000021681716359057883
7.78	0.000021595055752082556
7.79	0.000021508892260545574
7.8	0.000021423225095621983
7.8100000000000005	0.000021338053791182783
7.82	0.0000212533782473552
7.83	0.00002116919878184691
7.84	0.00002108551619064227
7.8500000000000005	0.000021002331820061154
7.86	0.000020919647652659832
7.87	0.00002083746641007665
7.88	0.000020755791676728704
7.890000000000001	0.00002067462804930579
7.9	0.000020593981318363836
7.91	0.00002051385869010075
7.92	0.000020434269058753736
7.930000000000001	0.000020355223343197273
7.94	0.00002027673490554378
7.95	0.000020198820075274675
7.96	0.000020121498810266694
7.97	0.000020044795536910337
7.98	0.000019968740226644763
7.99	0.00001989336978759312
8.	0.000019818729880497183
8.01	0.000019744877312289682
8.02	0.000019671883225340767
8.03	0.000019599837396595618
8.040000000000001	0.000019528854105966992
8.05	0.000019459080255919868
8.06	0.00001939070677134207
8.07	0.000019323984860104197
8.08	0.000019259249606983753
8.09	0.000019196954846504714
8.1	0.00001913772574095769
8.11	0.000019082439751444085
8.120000000000001	0.00001903235414265043
8.13	0.000018989311364125682
8.14	0.00001895607705668663
8.15	0.00001893690576628038
8.16	0.000018938491553296057
8.17	0.000018971517622637378
8.18	0.00001905285874466319
8.19	0.000019207045498096563
8.2	0.00001945878295714303
8.21	0.000019789008047938092
8.22	0.00002003619084681875
8.23	0.000019945676421786255
8.24	0.000019538668822727305
8.25	0.0000190751824635415
8.26	0.000018697271369552156
8.27	0.000018415000616191237
8.28	0.000018202559035159506
8.290000000000001	0.0000180361862268063
8.3	0.000017899795032497727
8.31	0.00001778323279572608
8.32	0.000017680131133578473
8.33	0.000017586431821743525
8.34	0.00001749948823768779
8.35	0.000017417530971794208
8.36	0.00001733934808033012
8.370000000000001	0.000017264090368120575
8.38	0.00001719115020582405
8.39	0.000017120084382755607
8.4	0.000017050563892258582
8.41	0.000016982340551450756
8.42	0.000016915224369729942
8.43	0.00001684906792111517
8.44	0.00001678375536830876
8.45	0.00001671919463198164
8.46	0.000016655311722375572
8.47	0.000016592046580685015
8.48	0.000016529349989897643
8.49	0.00001646718125341457
8.5	0.000016405506431796594
8.51	0.000016344296989985188
8.52	0.000016283528749709777
8.53	0.000016223181071120758
8.540000000000001	0.000016163236208243667
8.55	0.000016103678797426198
8.56	0.000016044495448398963
8.57	0.000015985674415140128
8.58	0.000015927205329268923
8.59	0.00001586907898277951
8.6	0.000015811287149968786
8.61	0.00001575382244069529
8.620000000000001	0.00001569667817883458
8.63	0.00001563984830111323
8.64	0.000015583327272514437
8.65	0.00001552711001522975
8.66	0.00001547119184873877
8.67	0.000015415568439074427
8.68	0.000015360235755705894
8.69	0.000015305190034768114
8.700000000000001	0.000015250427747603517
8.71	0.000015195945573771775
8.72	0.000015141740377837509
8.73	0.000015087809189372402
8.74	0.000015034149185714008
8.75	0.00001498075767711398
8.76	0.000014927632093990645
8.77	0.000014874769976079976
8.78	0.000014822168963363711
8.790000000000001	0.000014769826788756108
8.8	0.00001471774127267108
8.81	0.000014665910319802667
8.82	0.000014614331918795615
8.83	0.000014563004146067203
8.84	0.000014511925176063043
8.85	0.000014461093302015734
8.86	0.000014410506974255209
8.870000000000001	0.000014360164867225947
8.88	0.00001431006598747341
8.89	0.000014260209807689242
8.9	0.000014210596241305407
8.91	0.000014161224589835126
8.92	0.000014112089355675296
8.93	0.000014063175162876702
8.94	0.000014014469093340132
8.950000000000001	0.000013965979406358358
8.96	0.000013917719043427141
8.97	0.000013869691131644694
8.98	0.000013821893418788317
8.99	0.000013774322815208828
9.	0.000013726976626633304
9.01	0.000013679852616322482
9.02	0.000013632948869309442
9.03	0.000013586263676655061
9.040000000000001	0.000013539795461007463
9.05	0.000013493542731709729
9.06	0.000013447504057880533
9.07	0.000013401678052011676
9.08	0.000013356063359719939
9.09	0.00001331065865315523
9.1	0.000013265462626627634
9.11	0.000013220473993613106
9.120000000000001	0.000013175691484637057
9.13	0.000013131113845730464
9.14	0.000013086739837268488
9.15	0.000013042568233070802
9.16	0.000012998597819685082
9.17	0.000012954827395801507
9.18	0.000012911255771763292
9.19	0.000012867881769149002
9.200000000000001	0.000012824704220409617
9.21	0.000012781721968548332
9.22	0.000012738933866834278
9.23	0.000012696338778543659
9.24	0.000012653935576723499
9.25	0.000012611723143974167
9.26	0.000012569700372247966
9.27	0.000012527866162661347
9.28	0.00001248621942531907
9.290000000000001	0.000012444759079148796
9.3	0.000012403484051744936
9.31	0.000012362393279220641
9.32	0.000012321485706067333
9.33	0.000012280760285020857
9.34	0.000012240215976933665
9.35	0.000012199851750652644
9.36	0.000012159666582901993
9.370000000000001	0.000012119659458170756
9.38	0.000012079829368604786
9.39	0.000012040175313902587
9.4	0.000012000696301215025
9.41	0.000011961391345048469
9.42	0.000011922259467171212
9.43	0.000011883299696523035
9.44	0.000011844511069127734
9.450000000000001	0.000011805892628008518
9.46	0.000011767443423106286
9.47	0.000011729162511200393
9.48	0.000011691048955830106
9.49	0.000011653101827209028
9.5	0.000011615320202115016
9.51	0.000011577703163780963
9.52	0.000011540249801937742
9.53	0.000011502959212882959
9.540000000000001	0.000011465830499266329
9.55	0.000011428862769920736
9.56	0.0000113920551398381
9.57	0.000011355406730141136
9.58	0.000011318916668030785
9.59	0.000011282584086726373
9.6	0.000011246408125405606
9.61	0.000011210387929145959
9.620000000000001	0.00001117452264886746
9.63	0.000011138811441276819
9.64	0.000011103253468812657
9.65	0.00001106784789959183
9.66	0.000011032593907356764
9.67	0.000010997490671423656
9.68	0.000010962537376631664
9.69	0.000010927733213292846
9.700000000000001	0.000010893077377142988
9.71	0.000010858569069293182
9.72	0.000010824207496182213
9.73	0.000010789991869529585
9.74	0.000010755921406289357
9.75	0.000010721995328604616
9.76	0.000010688212863762603
9.77	0.000010654573244150514
9.78	0.000010621075707211896
9.790000000000001	0.000010587719495403683
9.8	0.000010554503856153768
9.81	0.000010521428041819225
9.82	0.000010488491309644966
9.83	0.000010455692921723081
9.84	0.000010423032144952597
9.85	0.000010390508250999786
9.86	0.000010358120516259
9.870000000000001	0.000010325868221813905
9.88	0.000010293750653399341
9.89	0.000010261767101363462
9.9	0.000010229916860630466
9.91	0.000010198199230663721
9.92	0.000010166613515429307
9.93	0.000010135159023360007
9.94	0.000010103835067319702
9.950000000000001	0.000010072640964568142
9.96	0.000010041576036726195
9.97	0.000010010639609741352
9.98	9.979831013853754e-6
9.99	9.94914958356248e-6
10.	9.918594657592262e-6
10.01	9.888165578860543e-6
10.02	9.857861694444857e-6
10.03	9.82768235555061e-6
10.040000000000001	9.797626917479143e-6
10.05	9.767694739596183e-6
10.06	9.737885185300537e-6
10.07	9.708197621993193e-6
10.08	9.678631421046718e-6
10.09	9.649185957774893e-6
10.1	9.619860611402747e-6
10.11	9.590654765036853e-6
10.120000000000001	9.561567805635894e-6
10.13	9.532599123981559e-6
10.14	9.503748114649695e-6
10.15	9.475014175981757e-6
10.16	9.446396710056523e-6
10.17	9.417895122662088e-6
10.18	9.389508823268141e-6
10.19	9.36123722499846e-6
10.200000000000001	9.333079744603724e-6
10.21	9.305035802434546e-6
10.22	9.277104822414764e-6
10.23	9.249286232014992e-6
10.24	9.221579462226409e-6
10.25	9.193983947534791e-6
10.26	9.166499125894786e-6
10.27	9.139124438704434e-6
10.28	9.111859330779879e-6
10.290000000000001	9.084703250330368e-6
10.3	9.057655648933449e-6
10.31	9.030715981510379e-6
10.32	9.003883706301781e-6
10.33	8.977158284843497e-6
10.34	8.950539181942674e-6
10.35	8.924025865654043e-6
10.36	8.897617807256444e-6
10.370000000000001	8.871314481229503e-6
10.38	8.845115365230582e-6
10.39	8.819019940071861e-6
10.4	8.793027689697681e-6
10.41	8.767138101162045e-6
10.42	8.741350664606332e-6
10.43	8.71566487323721e-6
10.44	8.690080223304714e-6
10.450000000000001	8.66459621408055e-6
10.46	8.639212347836561e-6
10.47	8.613928129823367e-6
10.48	8.588743068249218e-6
10.49	8.563656674259016e-6
10.5	8.53866846191351e-6
10.51	8.513777948168649e-6
10.52	8.488984652855175e-6
10.53	8.4642880986583e-6
10.540000000000001	8.439687811097616e-6
10.55	8.415183318507177e-6
10.56	8.39077415201569e-6
10.57	8.366459845526936e-6
10.58	8.342239935700318e-6
10.59	8.318113961931587e-6
10.6	8.294081466333715e-6
10.61	8.270141993717932e-6
10.620000000000001	8.246295091574935e-6
10.63	8.222540310056233e-6
10.64	8.19887720195564e-6
10.65	8.175305322690954e-6
10.66	8.151824230285752e-6
10.67	8.128433485351336e-6
10.68	8.105132651068867e-6
10.69	8.08192129317159e-6
10.700000000000001	8.058798979927239e-6
10.71	8.035765282120582e-6
10.72	8.012819773036094e-6
10.73	7.989962028440779e-6
10.74	7.967191626567114e-6
10.75	7.944508148096194e-6
10.76	7.921911176140913e-6
10.77	7.899400296229362e-6
10.78	7.876975096288333e-6
10.790000000000001	7.854635166626932e-6
10.8	7.832380099920389e-6
10.81	7.810209491193896e-6
10.82	7.788122937806694e-6
10.83	7.766120039436168e-6
10.84	7.744200398062174e-6
10.85	7.722363617951417e-6
10.86	7.700609305641991e-6
10.870000000000001	7.678937069928008e-6
10.88	7.65734652184442e-6
10.89	7.635837274651856e-6
10.9	7.61440894382167e-6
10.91	7.59306114702106e-6
10.92	7.571793504098318e-6
10.93	7.550605637068202e-6
10.94	7.529497170097409e-6
10.950000000000001	7.508467729490159e-6
10.96	7.487516943673937e-6
10.97	7.466644443185277e-6
10.98	7.4458498606557026e-6
10.99	7.425132830797779e-6
11.	7.40449299039125e-6
11.01	7.3839299782693114e-6
11.02	7.363443435304958e-6
11.03	7.343033004397479e-6
11.040000000000001	7.322698330459006e-6
11.05	7.30243906040123e-6
11.06	7.282254843122165e-6
11.07	7.262145329493055e-6
11.08	7.242110172345331e-6
11.09	7.2221490264577515e-6
11.1	7.2022615485435685e-6
11.11	7.182447397237816e-6
11.120000000000001	7.16270623308472e-6
11.13	7.143037718525186e-6
11.14	7.12344151788438e-6
11.15	7.103917297359409e-6
11.16	7.084464725007114e-6
11.17	7.065083470731949e-6
11.18	7.045773206273937e-6
11.19	7.026533605196744e-6
11.200000000000001	7.007364342875834e-6
11.21	6.9882650964867425e-6
11.22	6.969235544993379e-6
11.23	6.950275369136502e-6
11.24	6.9313842514222256e-6
11.25	6.912561876110641e-6
11.26	6.8938079292045265e-6
11.27	6.875122098438158e-6
11.28	6.856504073266165e-6
11.290000000000001	6.837953544852544e-6
11.3	6.819470206059708e-6
11.31	6.801053751437634e-6
11.32	6.782703877213124e-6
11.33	6.764420281279123e-6
11.34	6.746202663184154e-6
11.35	6.7280507241218e-6
11.36	6.7099641669203334e-6
11.370000000000001	6.6919426960323746e-6
11.38	6.6739860175246865e-6
11.39	6.656093839068015e-6
11.4	6.638265869927062e-6
11.41	6.62050182095052e-6
11.42	6.602801404561185e-6
11.43	6.5851643347462086e-6
11.44	6.567590327047402e-6
11.450000000000001	6.55007909855163e-6
11.46	6.532630367881334e-6
11.47	6.5152438551851075e-6
11.48	6.4979192821284165e-6
11.49	6.48065637188436e-6
11.5	6.4634548491246e-6
11.51	6.446314440010334e-6
11.52	6.429234872183406e-6
11.53	6.412215874757525e-6
11.540000000000001	6.395257178309584e-6
11.55	6.378358514871121e-6
11.56	6.361519617919858e-6
11.57	6.3447402223714096e-6
11.58	6.328020064571119e-6
11.59	6.311358882285991e-6
11.6	6.294756414696847e-6
11.61	6.278212402390548e-6
11.620000000000001	6.261726587352456e-6
11.63	6.2452987129590375e-6
11.64	6.228928523970664e-6
11.65	6.2126157665245966e-6
11.66	6.196360188128223e-6
11.67	6.180161537652522e-6
11.68	6.164019565325758e-6
11.69	6.147934022727495e-6
11.700000000000001	6.131904662782914e-6
11.71	6.115931239757459e-6
11.72	6.100013509251857e-6
11.73	6.08415122819759e-6
11.74	6.068344154852796e-6
11.75	6.052592048798736e-6
11.76	6.036894670936797e-6
11.77	6.021251783486206e-6
11.78	6.0056631499824625e-6
11.790000000000001	5.99012853527664e-6
11.8	5.974647705535647e-6
11.81	5.959220428243574e-6
11.82	5.943846472204358e-6
11.83	5.928525607545853e-6
11.84	5.913257605725623e-6
11.85	5.89804223953866e-6
11.86	5.882879283127391e-6
11.870000000000001	5.8677685119943106e-6
11.88	5.852709703017753e-6
11.89	5.837702634471252e-6
11.9	5.822747086047242e-6
11.91	5.807842838885834e-6
11.92	5.792989675609652e-6
11.93	5.778187380365881e-6
11.94	5.763435738877002e-6
11.950000000000001	5.748734538501949e-6
11.96	5.734083568309912e-6
11.97	5.7194826191694386e-6
11.98	5.704931483856358e-6
11.99	5.6904299571846844e-6
12.	5.675977836165937e-6
12.01	5.661574920203811e-6
12.02	5.647221011332884e-6
12.030000000000001	5.632915914512793e-6
12.040000000000001	5.6186594379925196e-6
12.05	5.604451393764063e-6
12.06	5.5902915981308165e-6
12.07	5.576179872424422e-6
12.08	5.56211604391526e-6
12.09	5.5480999469778825e-6
12.1	5.5341314245951505e-6
12.11	5.5202103303169946e-6
12.120000000000001	5.506336530835924e-6
12.13	5.492509909408971e-6
12.14	5.478730370455542e-6
12.15	5.464997845810842e-6
12.16	5.4513123033433855e-6
12.17	5.437673759000304e-6
12.18	5.424082293905029e-6
12.19	5.410538079034268e-6
12.200000000000001	5.39704141148166e-6
12.21	5.383592768793224e-6
12.22	5.37019289209125e-6
12.23	5.3568429160649856e-6
12.24	5.343544576906883e-6
12.25	5.330300552360986e-6
12.26	5.317115028389832e-6
12.27	5.303994652337821e-6
12.280000000000001	5.290950111004514e-6
12.290000000000001	5.277998521322284e-6
12.3	5.265165859029434e-6
12.31	5.252483474899044e-6
12.32	5.239954802738979e-6
12.33	5.227452867930837e-6
12.34	5.214675784814019e-6
12.35	5.201510740507906e-6
12.36	5.188228543787123e-6
12.370000000000001	5.175059713719514e-6
12.38	5.162049815713037e-6
12.39	5.1491734850776314e-6
12.4	5.136400261337262e-6
12.41	5.123708369476992e-6
12.42	5.1110838501564535e-6
12.43	5.098517898773313e-6
12.44	5.086004877980885e-6
12.450000000000001	5.073541080719942e-6
12.46	5.061123992485585e-6
12.47	5.048751851516678e-6
12.48	5.036423382590117e-6
12.49	5.024137632485513e-6
12.5	5.011893865966551e-6
12.51	4.999691498529248e-6
12.52	4.987530051978363e-6
12.530000000000001	4.975409124485381e-6
12.540000000000001	4.963328370024909e-6
12.55	4.95128748400409e-6
12.56	4.9392861930568966e-6
12.57	4.927324247687494e-6
12.58	4.915401416893591e-6
12.59	4.9035174841863126e-6
12.6	4.891672244608596e-6
12.61	4.879865502476759e-6
12.620000000000001	4.868097069652032e-6
12.63	4.856366764204888e-6
12.64	4.844674409373432e-6
12.65	4.833019832744228e-6
12.66	4.8214028656027756e-6
12.67	4.809823342414634e-6
12.68	4.7982811004078564e-6
12.69	4.786775979234654e-6
12.700000000000001	4.775307820695464e-6
12.71	4.763876468512469e-6
12.72	4.752481768142573e-6
12.73	4.741123566622102e-6
12.74	4.729801712437045e-6
12.75	4.7185160554141095e-6
12.76	4.70726644662871e-6
12.77	4.696052738326885e-6
12.780000000000001	4.684874783858664e-6
12.790000000000001	4.673732437620954e-6
12.8	4.662625555008302e-6
12.81	4.651553992370256e-6
12.82	4.640517606974262e-6
12.83	4.629516256973233e-6
12.84	4.6185498013770225e-6
12.85	4.607618100027254e-6
12.86	4.596721013575e-6
12.870000000000001	4.585858403460858e-6
12.88	4.575030131897148e-6
12.89	4.564236061851847e-6
12.9	4.5534760570341096e-6
12.91	4.542749981881099e-6
12.92	4.532057701545992e-6
12.93	4.521399081886975e-6
12.94	4.510773989457144e-6
12.950000000000001	4.500182291495159e-6
12.96	4.489623855916619e-6
12.97	4.479098551306004e-6
12.98	4.4686062469091856e-6
12.99	4.458146812626434e-6
13.	4.4477201190058695e-6
13.01	4.437326037237335e-6
13.02	4.426964439146696e-6
13.030000000000001	4.416635197190531e-6
13.040000000000001	4.4063381844512865e-6
13.05	4.396073274632892e-6
13.06	4.385840342057001e-6
13.07	4.3756392616599895e-6
13.08	4.3654699089910485e-6
13.09	4.355332160211847e-6
13.1	4.345225892098662e-6
13.11	4.335150982048395e-6
13.120000000000001	4.325107308091129e-6
13.13	4.315094748913642e-6
13.14	4.305113183901712e-6
13.15	4.295162493213818e-6
13.16	4.285242557902057e-6
13.17	4.275353260075601e-6
13.18	4.265494482953204e-6
13.19	4.255666110001346e-6
13.200000000000001	4.245868020813522e-6
13.21	4.236100083929468e-6
13.22	4.226362165796769e-6
13.23	4.21665415745821e-6
13.24	4.206975962516374e-6
13.25	4.197327474155454e-6
13.26	4.187708577863939e-6
13.27	4.1781191578908955e-6
13.280000000000001	4.1685590993495664e-6
13.290000000000001	4.159028288436922e-6
13.3	4.149526612278341e-6
13.31	4.140053958774127e-6
13.32	4.130610216497133e-6
13.33	4.121195274629752e-6
13.34	4.111809022925303e-6
13.35	4.102451351683706e-6
13.36	4.093122151735515e-6
13.370000000000001	4.083821314430888e-6
13.38	4.074548731631537e-6
13.39	4.06530429570451e-6
13.4	4.056087899517135e-6
13.41	4.046899436432726e-6
13.42	4.037738800306783e-6
13.43	4.028605885483532e-6
13.44	4.019500586792707e-6
13.450000000000001	4.010422799546483e-6
13.46	4.001372419536582e-6
13.47	3.9923493430314036e-6
13.48	3.983353466773296e-6
13.49	3.974384687975835e-6
13.5	3.96544290432118e-6
13.51	3.956528013957467e-6
13.52	3.947639915496212e-6
13.530000000000001	3.938778508009782e-6
13.540000000000001	3.9299436910288665e-6
13.55	3.9211353645399805e-6
13.56	3.9123534289829776e-6
13.57	3.903597785248626e-6
13.58	3.894868334676156e-6
13.59	3.8861649790508485e-6
13.6	3.877487620601646e-6
13.61	3.868836161998773e-6
13.620000000000001	3.860210506351376e-6
13.63	3.851610557205189e-6
13.64	3.843036218540191e-6
13.65	3.834487394768308e-6
13.66	3.825963990731117e-6
13.67	3.817465911697559e-6
13.68	3.8089930633616896e-6
13.69	3.800545351840411e-6
13.700000000000001	3.7921226836712566e-6
13.71	3.783724965810157e-6
13.72	3.7753521056292444e-6
13.73	3.7670040109146495e-6
13.74	3.758680589864337e-6
13.75	3.750381751085931e-6
13.76	3.7421074035945777e-6
13.77	3.733857456810792e-6
13.780000000000001	3.725631820558352e-6
13.790000000000001	3.7174304050621793e-6
13.8	3.7092531209462417e-6
13.81	3.701099879231478e-6
13.82	3.692970591333718e-6
13.83	3.684865169061629e-6
13.84	3.6767835246146745e-6
13.85	3.668725570581072e-6
13.86	3.6606912199357833e-6
13.870000000000001	3.6526803860384998e-6
13.88	3.644692982631654e-6
13.89	3.636728923838429e-6
13.9	3.6287881241607973e-6
13.91	3.620870498477552e-6
13.92	3.6129759620423646e-6
13.93	3.6051044304818366e-6
13.94	3.5972558197935057e-6
13.950000000000001	3.5894300463439257e-6
13.96	3.581627026866953e-6
13.97	3.5738466784619554e-6
13.98	3.5660889185917057e-6
13.99	3.5583536650804512e-6
14.	3.550640836112106e-6
14.01	3.5429503502284515e-6
14.02	3.535282126327305e-6
14.030000000000001	3.5276360836606895e-6
14.040000000000001	3.5200121418330333e-6
14.05	3.5124102207993575e-6
14.06	3.5048302408634877e-6
14.07	3.49727212267627e-6
14.08	3.489735787233809e-6
14.09	3.4822211558757013e-6
14.1	3.4747281502832904e-6
14.11	3.467256692477923e-6
14.120000000000001	3.4598067048192266e-6
14.13	3.4523781100033883e-6
14.14	3.44497083106145e-6
14.15	3.4375847913575994e-6
14.16	3.430219914587498e-6
14.17	3.4228761247765895e-6
14.18	3.4155533462784353e-6
14.19	3.4082515037730615e-6
14.200000000000001	3.400970522265297e-6
14.21	3.393710327083153e-6
14.22	3.386470843876169e-6
14.23	3.379251998613815e-6
14.24	3.3720537175838615e-6
14.25	3.364875927390796e-6
14.26	3.357718554954209e-6
14.27	3.350581527507237e-6
14.280000000000001	3.3434647725949584e-6
14.290000000000001	3.336368218072857e-6
14.3	3.329291792105249e-6
14.31	3.322235423163734e-6
14.32	3.315199040025671e-6
14.33	3.308182571772638e-6
14.34	3.3011859477889106e-6
14.35	3.294209097759959e-6
14.36	3.287251951670939e-6
14.370000000000001	3.280314439805197e-6
14.38	3.2733964927427884e-6
14.39	3.2664980413589937e-6
14.4	3.259619016822858e-6
14.41	3.25275935059572e-6
14.42	3.2459189744297694e-6
14.43	3.2390978203666003e-6
14.44	3.2322958207357705e-6
14.450000000000001	3.2255129081533817e-6
14.46	3.2187490155206557e-6
14.47	3.212004076022524e-6
14.48	3.2052780231262224e-6
14.49	3.1985707905798964e-6
14.5	3.19188231241122e-6
14.51	3.185212522926009e-6
14.52	3.1785613567068515e-6
14.530000000000001	3.1719287486117418e-6
14.540000000000001	3.165314633772729e-6
14.55	3.158718947594567e-6
14.56	3.1521416257533693e-6
14.57	3.145582604195279e-6
14.58	3.139041819135146e-6
14.59	3.1325192070552e-6
14.6	3.12601470470375e-6
14.61	3.119528249093872e-6
14.620000000000001	3.1130597775021148e-6
14.63	3.10660922746722e-6
14.64	3.1001765367888253e-6
14.65	3.093761643526198e-6
14.66	3.0873644859969685e-6
14.67	3.0809850027758697e-6
14.68	3.0746231326934814e-6
14.69	3.0682788148349817e-6
14.700000000000001	3.061951988538913e-6
14.71	3.055642593395951e-6
14.72	3.0493505692476704e-6
14.73	3.0430758561853357e-6
14.74	3.0368183945486795e-6
14.75	3.030578124924712e-6
14.76	3.0243549881465032e-6
14.77	3.0181489252920102e-6
14.780000000000001	3.0119598776828756e-6
14.790000000000001	3.0057877868832644e-6
14.8	2.9996325946986763e-6
14.81	2.9934942431747935e-6
14.82	2.9873726745963114e-6
14.83	2.9812678314857967e-6
14.84	2.9751796566025274e-6
14.85	2.969108092941365e-6
14.86	2.9630530837316143e-6
14.870000000000001	2.9570145724358943e-6
14.88	2.9509925027490316e-6
14.89	2.944986818596922e-6
14.9	2.938997464135437e-6
14.91	2.933024383749319e-6
14.92	2.9270675220510825e-6
14.93	2.9211268238799214e-6
14.94	2.9152022343006335e-6
14.950000000000001	2.9092936986025268e-6
14.96	2.9034011622983604e-6
14.97	2.8975245711232667e-6
14.98	2.8916638710337023e-6
14.99	2.8858190082063773e-6
15.	2.879989929037223e-6
15.01	2.8741765801403298e-6
15.02	2.868378908346925e-6
15.030000000000001	2.8625968607043295e-6
15.040000000000001	2.8568303844749394e-6
15.05	2.8510794271351955e-6
15.06	2.845343936374576e-6
15.07	2.839623860094577e-6
15.08	2.8339191464077205e-6
15.09	2.828229743636541e-6
15.1	2.822555600312604e-6
15.11	2.816896665175508e-6
15.120000000000001	2.8112528871719083e-6
15.13	2.8056242154545375e-6
15.14	2.8000105993812257e-6
15.15	2.7944119885139438e-6
15.16	2.7888283326178387e-6
15.17	2.783259581660272e-6
15.18	2.7777056858098676e-6
15.19	2.7721665954355778e-6
15.200000000000001	2.7666422611057256e-6
15.21	2.7611326335870783e-6
15.22	2.7556376638439128e-6
15.23	2.750157303037089e-6
15.24	2.7446915025231314e-6
15.25	2.7392402138533095e-6
15.26	2.733803388772727e-6
15.27	2.7283809792194134e-6
15.280000000000001	2.7229729373234328e-6
15.290000000000001	2.7175792154059674e-6
15.3	2.712199765978448e-6
15.31	2.7068345417416454e-6
15.32	2.701483495584805e-6
15.33	2.696146580584757e-6
15.34	2.690823750005051e-6
15.35	2.6855149572950825e-6
15.36	2.6802201560892333e-6
15.370000000000001	2.674939300206006e-6
15.38	2.6696723436471766e-6
15.39	2.6644192405969386e-6
15.4	2.6591799454210604e-6
15.41	2.6539544126660433e-6
15.42	2.648742597058282e-6
15.43	2.643544453503239e-6
15.44	2.6383599370846138e-6
15.450000000000001	2.6331890030635076e-6
15.46	2.6280316068776313e-6
15.47	2.6228877041404603e-6
15.48	2.617757250640446e-6
15.49	2.612640202340197e-6
15.5	2.6075365153756867e-6
15.51	2.6024461460554436e-6
15.52	2.5973690508597737e-6
15.530000000000001	2.592305186439954e-6
15.540000000000001	2.587254509617462e-6
15.55	2.582216977383185e-6
15.56	2.577192546896645e-6
15.57	2.572181175485231e-6
15.58	2.5671828206434262e-6
15.59	2.5621974400320397e-6
15.6	2.557224991477456e-6
15.610000000000001	2.5522654329708633e-6
15.620000000000001	2.5473187226675184e-6
15.63	2.5423848188859827e-6
15.64	2.537463680107384e-6
15.65	2.53255526497468e-6
15.66	2.5276595322919084e-6
15.67	2.5227764410234647e-6
15.68	2.51790595029337e-6
15.69	2.513048019384543e-6
15.700000000000001	2.5082026077380793e-6
15.71	2.5033696749525376e-6
15.72	2.498549180783215e-6
15.73	2.493741085141446e-6
15.74	2.488945348093892e-6
15.75	2.4841619298618367e-6
15.76	2.4793907908204914e-6
15.77	2.4746318914982914e-6
15.780000000000001	2.46988519257621e-6
15.790000000000001	2.465150654887066e-6
15.8	2.4604282394148423e-6
15.81	2.455717907294001e-6
15.82	2.4510196198088017e-6
15.83	2.446333338392639e-6
15.84	2.4416590246273603e-6
15.85	2.436996640242598e-6
15.860000000000001	2.4323461471151137e-6
15.870000000000001	2.4277075072681324e-6
15.88	2.423080682870684e-6
15.89	2.4184656362369495e-6
15.9	2.4138623298256165e-6
15.91	2.409270726239222e-6
15.92	2.4046907882235198e-6
15.93	2.4001224786668298e-6
15.94	2.3955657605994074e-6
15.950000000000001	2.3910205971928056e-6
15.96	2.386486951759253e-6
15.97	2.3819647877510125e-6
15.98	2.3774540687597707e-6
15.99	2.372954758516008e-6
16.	2.368466820888387e-6
16.01	2.3639902198831326e-6
16.02	2.3595249196434315e-6
16.03	2.3550708844488097e-6
16.04	2.3506280787145396e-6
16.05	2.3461964669910313e-6
16.06	2.341776013963244e-6
16.07	2.337366684450077e-6
16.080000000000002	2.332968443403791e-6
16.09	2.3285812559094113e-6
16.1	2.324205087184147e-6
16.11	2.3198399025768056e-6
16.12	2.3154856675672134e-6
16.13	2.3111423477656485e-6
16.14	2.306809908912253e-6
16.15	2.302488316876479e-6
16.16	2.298177537656511e-6
16.17	2.293877537378711e-6
16.18	2.2895882822970597e-6
16.19	2.2853097387925886e-6
16.2	2.2810418733728457e-6
16.21	2.276784652671335e-6
16.22	2.2725380434469737e-6
16.23	2.2683020125835515e-6
16.240000000000002	2.2640765270891982e-6
16.25	2.259861554095842e-6
16.26	2.2556570608586842e-6
16.27	2.2514630147556837e-6
16.28	2.2472793832870213e-6
16.29	2.2431061340746005e-6
16.3	2.238943234861527e-6
16.31	2.2347906535116173e-6
16.32	2.230648358008892e-6
16.330000000000002	2.2265163164570963e-6
16.34	2.2223944970792166e-6
16.35	2.2182828682170002e-6
16.36	2.214181398330514e-6
16.37	2.2100900559976725e-6
16.38	2.2060088099138247e-6
16.39	2.2019376288913177e-6
16.4	2.1978764818591085e-6
16.41	2.1938253378623786e-6
16.42	2.189784166062193e-6
16.43	2.1857529357351775e-6
16.44	2.1817316162732386e-6
16.45	2.177720177183344e-6
16.46	2.1737185880873466e-6
16.47	2.1697268187219023e-6
16.48	2.1657448389384626e-6
16.490000000000002	2.1617726187034136e-6
16.5	2.1578101280983505e-6
16.51	2.153857337320554e-6
16.52	2.149914216683744e-6
16.53	2.1459807366191606e-6
16.54	2.1420568676771145e-6
16.55	2.138142580529142e-6
16.56	2.134237845971014e-6
16.57	2.1303426349268667e-6
16.580000000000002	2.1264569184549648e-6
16.59	2.122580667755712e-6
16.6	2.118713854182882e-6
16.61	2.114856449259609e-6
16.62	2.111008424701295e-6
16.63	2.107169752449082e-6
16.64	2.1033404047194044e-6
16.65	2.099520354078866e-6
16.66	2.095709573559583e-6
16.67	2.0919080368407752e-6
16.68	2.088115718541048e-6
16.69	2.0843325946989927e-6
16.7	2.0805586435770857e-6
16.71	2.0767938470134784e-6
16.72	2.073038192635616e-6
16.73	2.0692916770636025e-6
16.740000000000002	2.0655543083591704e-6
16.75	2.0618260968739382e-6
16.76	2.0581069963991353e-6
16.77	2.054396760583988e-6
16.78	2.050694979917403e-6
16.79	2.047001616516052e-6
16.8	2.0433170232719937e-6
16.81	2.039641402733964e-6
16.82	2.0359747518894037e-6
16.830000000000002	2.0323170070901747e-6
16.84	2.028668106007109e-6
16.85	2.0250279977394122e-6
16.86	2.0213966405062753e-6
16.87	2.017773998415664e-6
16.88	2.0141600392109202e-6
16.89	2.0105547328912595e-6
16.9	2.00695805089089e-6
16.91	2.003369965588156e-6
16.92	1.999790450006926e-6
16.93	1.996219477630906e-6
16.94	1.9926570222854782e-6
16.95	1.989103058060804e-6
16.96	1.985557559260624e-6
16.97	1.982020500367505e-6
16.98	1.978491856018726e-6
16.990000000000002	1.9749716009892735e-6
17.	1.9714597101796056e-6
17.01	1.9679561586067e-6
17.02	1.964460921397406e-6
17.03	1.9609739737833957e-6
17.04	1.957495291097311e-6
17.05	1.9540248487697198e-6
17.06	1.9505626223267253e-6
17.07	1.9471085873880206e-6
17.080000000000002	1.9436627196652953e-6
17.09	1.940224994960905e-6
17.1	1.9367953891667456e-6
17.11	1.933373878263281e-6
17.12	1.9299604383186928e-6
17.13	1.926555045488128e-6
17.14	1.923157676013019e-6
17.150000000000002	1.9197683062204706e-6
17.16	1.916386912522685e-6
17.17	1.913013471416436e-6
17.18	1.909647959482573e-6
17.19	1.9062903533855477e-6
17.2	1.902940629872968e-6
17.21	1.899598765775164e-6
17.22	1.8962647380047808e-6
17.23	1.8929385235563658e-6
17.240000000000002	1.8896200995059862e-6
17.25	1.886309443010844e-6
17.26	1.8830065313089037e-6
17.27	1.8797113417185278e-6
17.28	1.8764238516381112e-6
17.29	1.873144038545737e-6
17.3	1.869871879998815e-6
17.31	1.8666073536337502e-6
17.32	1.86335043716559e-6
17.330000000000002	1.8601011083876946e-6
17.34	1.8568593451714045e-6
17.35	1.853625125465698e-6
17.36	1.8503984272968808e-6
17.37	1.8471792287682457e-6
17.38	1.8439675080597596e-6
17.39	1.8407632434277393e-6
17.400000000000002	1.837566413204534e-6
17.41	1.8343769957982096e-6
17.42	1.8311949696922339e-6
17.43	1.8280203134451688e-6
17.44	1.824853005690355e-6
17.45	1.8216930251356081e-6
17.46	1.8185403505629102e-6
17.47	1.8153949608281076e-6
17.48	1.8122568348606019e-6
17.490000000000002	1.8091259516630601e-6
17.5	1.806002290311105e-6
17.51	1.8028858299530197e-6
17.52	1.7997765498094538e-6
17.53	1.7966744291731282e-6
17.54	1.7935794474085381e-6
17.55	1.7904915839516647e-6
17.56	1.787410818309686e-6
17.57	1.7843371300606842e-6
17.580000000000002	1.7812704988533606e-6
17.59	1.7782109044067502e-6
17.6	1.7751583265099356e-6
17.61	1.7721127450217667e-6
17.62	1.7690741398705773e-6
17.63	1.7660424910539047e-6
17.64	1.7630177786382167e-6
17.650000000000002	1.7599999827586298e-6
17.66	1.756989083618643e-6
17.67	1.7539850614898578e-6
17.68	1.7509878967117217e-6
17.69	1.7479975696912604e-6
17.7	1.7450140609028302e-6
17.71	1.7420373508878745e-6
17.72	1.7390674202547138e-6
17.73	1.7361042496783616e-6
17.740000000000002	1.7331478199004065e-6
17.75	1.7301981117289549e-6
17.76	1.7272551060385116e-6
17.77	1.7243187837690748e-6
17.78	1.7213891259218706e-6
17.79	1.7184661135497688e-6
17.8	1.7155497277605625e-6
17.81	1.712639949751596e-6
17.82	1.7097367608082597e-6
17.830000000000002	1.7068401422692934e-6
17.84	1.7039500755241332e-6
17.85	1.7010665420219116e-6
17.86	1.6981895232750046e-6
17.87	1.6953190008593643e-6
17.88	1.6924549564141152e-6
17.89	1.689597371641095e-6
17.900000000000002	1.6867462283044697e-6
17.91	1.6839015082303987e-6
17.92	1.6810631933067332e-6
17.93	1.6782312654827487e-6
17.94	1.6754057067688747e-6
17.95	1.6725864992364502e-6
17.96	1.6697736250174673e-6
17.97	1.6669670663043335e-6
17.98	1.6641668053496224e-6
17.990000000000002	1.6613728244658433e-6
18.	1.6585851060251957e-6
18.01	1.655803632459334e-6
18.02	1.6530283862591382e-6
18.03	1.6502593499744709e-6
18.04	1.6474965062139552e-6
18.05	1.6447398376447315e-6
18.06	1.64198932699224e-6
18.07	1.6392449570399802e-6
18.080000000000002	1.636506710629289e-6
18.09	1.633774570659115e-6
18.1	1.6310485200857845e-6
18.11	1.6283285419227863e-6
18.12	1.6256146192405389e-6
18.13	1.6229067351661764e-6
18.14	1.6202048728833163e-6
18.150000000000002	1.6175090156318488e-6
18.16	1.6148191467077106e-6
18.17	1.6121352494626653e-6
18.18	1.6094573073040931e-6
18.19	1.6067853036947595e-6
18.2	1.6041192221526164e-6
18.21	1.6014590462505722e-6
18.22	1.5988047596162898e-6
18.23	1.5961563459319613e-6
18.240000000000002	1.5935137889341085e-6
18.25	1.5908770724133613e-6
18.26	1.5882461802142518e-6
18.27	1.5856210962350055e-6
18.28	1.5830018044273306e-6
18.29	1.5803882887962135e-6
18.3	1.5777805333997087e-6
18.31	1.5751785223487364e-6
18.32	1.5725822398068732e-6
18.330000000000002	1.5699916699901542e-6
18.34	1.5674067971668666e-6
18.35	1.564827605657345e-6
18.36	1.5622540798337784e-6
18.37	1.559686204119998e-6
18.38	1.557123962991292e-6
18.39	1.5545673409741927e-6
18.400000000000002	1.5520163226462913e-6
18.41	1.5494708926360328e-6
18.42	1.5469310356225228e-6
18.43	1.5443967363353342e-6
18.44	1.5418679795543098e-6
18.45	1.5393447501093707e-6
18.46	1.5368270328803252e-6
18.47	1.5343148127966756e-6
18.48	1.531808074837424e-6
18.490000000000002	1.5293068040308907e-6
18.5	1.5268109854545177e-6
18.51	1.524320604234683e-6
18.52	1.5218356455465143e-6
18.53	1.5193560946136993e-6
18.54	1.516881936708305e-6
18.55	1.5144131571505836e-6
18.56	1.5119497413088024e-6
18.57	1.5094916745990452e-6
18.580000000000002	1.5070389424850394e-6
18.59	1.5045915304779734e-6
18.6	1.5021494241363097e-6
18.61	1.4997126090656128e-6
18.62	1.4972810709183622e-6
18.63	1.4948547953937804e-6
18.64	1.4924337682376501e-6
18.650000000000002	1.490017975242138e-6
18.66	1.4876074022456242e-6
18.67	1.4852020351325154e-6
18.68	1.4828018598330811e-6
18.69	1.4804068623232733e-6
18.7	1.4780170286245568e-6
18.71	1.4756323448037327e-6
18.72	1.4732527969727714e-6
18.73	1.4708783712886358e-6
18.740000000000002	1.4685090539531165e-6
18.75	1.466144831212661e-6
18.76	1.4637856893582017e-6
18.77	1.4614316147249916e-6
18.78	1.4590825936924325e-6
18.79	1.4567386126839154e-6
18.8	1.4543996581666493e-6
18.81	1.4520657166514954e-6
18.82	1.4497367746928046e-6
18.830000000000002	1.4474128188882564e-6
18.84	1.4450938358786888e-6
18.85	1.4427798123479434e-6
18.86	1.4404707350227e-6
18.87	1.4381665906723138e-6
18.88	1.4358673661086602e-6
18.89	1.4335730481859703e-6
18.900000000000002	1.431283623800675e-6
18.91	1.428999079891247e-6
18.92	1.4267194034380397e-6
18.93	1.4244445814631346e-6
18.94	1.4221746010301827e-6
18.95	1.41990944924425e-6
18.96	1.4176491132516596e-6
18.97	1.4153935802398455e-6
18.98	1.4131428374371881e-6
18.990000000000002	1.4108968721128705e-6
19.	1.4086556715767218e-6
19.01	1.4064192231790636e-6
19.02	1.4041875143105668e-6
19.03	1.4019605324020927e-6
19.04	1.399738264924549e-6
19.05	1.397520699388736e-6
19.06	1.3953078233452044e-6
19.07	1.3930996243841031e-6
19.080000000000002	1.3908960901350316e-6
19.09	1.388697208266898e-6
19.1	1.386502966487766e-6
19.11	1.384313352544719e-6
19.12	1.3821283542237063e-6
19.13	1.3799479593494044e-6
19.14	1.3777721557850721e-6
19.150000000000002	1.3756009314324102e-6
19.16	1.3734342742314141e-6
19.17	1.3712721721602345e-6
19.18	1.369114613235041e-6
19.19	1.3669615855098737e-6
19.2	1.364813077076511e-6
19.21	1.3626690760643228e-6
19.22	1.3605295706401386e-6
19.23	1.3583945490081063e-6
19.240000000000002	1.356263999409555e-6
19.25	1.3541379101228596e-6
19.26	1.3520162694632986e-6
19.27	1.34989906578293e-6
19.28	1.347786287470443e-6
19.29	1.3456779229510317e-6
19.3	1.3435739606862607e-6
19.31	1.3414743891739267e-6
19.32	1.3393791969479308e-6
19.330000000000002	1.3372883725781435e-6
19.34	1.3352019046702735e-6
19.35	1.3331197818657361e-6
19.36	1.331041992841524e-6
19.37	1.3289685263100745e-6
19.38	1.3268993710191428e-6
19.39	1.3248345157516701e-6
19.400000000000002	1.3227739493256568e-6
19.41	1.3207176605940376e-6
19.42	1.3186656384445445e-6
19.43	1.3166178717995933e-6
19.44	1.3145743496161433e-6
19.45	1.312535060885584e-6
19.46	1.3104999946335984e-6
19.47	1.3084691399200483e-6
19.48	1.3064424858388434e-6
19.490000000000002	1.304420021517821e-6
19.5	1.3024017361186206e-6
19.51	1.3003876188365594e-6
19.52	1.2983776589005173e-6
19.53	1.2963718455728071e-6
19.54	1.2943701681490573e-6
19.55	1.2923726159580908e-6
19.56	1.2903791783618063e-6
19.57	1.288389844755053e-6
19.580000000000002	1.2864046045655197e-6
19.59	1.2844234472536088e-6
19.6	1.2824463623123214e-6
19.61	1.2804733392671392e-6
19.62	1.2785043676759075e-6
19.63	1.2765394371287177e-6
19.64	1.2745785372477904e-6
19.650000000000002	1.2726216576873615e-6
19.66	1.2706687881335665e-6
19.67	1.268719918304323e-6
19.68	1.2667750379492201e-6
19.69	1.264834136849401e-6
19.7	1.2628972048174537e-6
19.71	1.2609642316972922e-6
19.72	1.2590352073640502e-6
19.73	1.2571101217239643e-6
19.740000000000002	1.2551889647142646e-6
19.75	1.253271726303065e-6
19.76	1.2513583964892482e-6
19.77	1.24944896530236e-6
19.78	1.2475434228024952e-6
19.79	1.2456417590801932e-6
19.8	1.243743964256325e-6
19.81	1.2418500284819858e-6
19.82	1.23995994193839e-6
19.830000000000002	1.2380736948367565e-6
19.84	1.236191277418212e-6
19.85	1.2343126799536745e-6
19.86	1.232437892743752e-6
19.87	1.230566906118637e-6
19.88	1.2286997104379986e-6
19.89	1.2268362960908788e-6
19.900000000000002	1.2249766534955874e-6
19.91	1.223120773099603e-6
19.92	1.2212686453794593e-6
19.93	1.2194202608406505e-6
19.94	1.217575610017524e-6
19.95	1.2157346834731816e-6
19.96	1.2138974717993725e-6
19.97	1.2120639656163976e-6
19.98	1.210234155573002e-6
19.990000000000002	1.2084080323462794e-6
20.	1.2065855866415705e-6