0.	0.
0.01	0.000040368388069903744
0.02	0.00008076979387621907
0.03	0.0001212373045146034
0.04	0.00016180414607768658
0.05	0.0002025037538515945
0.06	0.00024336984335527153
0.07	0.00028443648251217713
0.08	0.00032573816525145516
0.09	0.0003673098868452034
0.1	0.00040918722130013207
0.11	0.0004514064011357694
0.12	0.0004940043998976336
0.13	0.0005370190177725779
0.14	0.0005804889706950354
0.15	0.0006244539833573713
0.16	0.0006689548865652489
0.17	0.0007140337194101158
0.18	0.0007597338367659913
0.19	0.0008061000226570261
0.2	0.0008531786100863035
0.21	0.0009010176079655123
0.22	0.0009496668358400521
0.23	0.0009991780671654686
0.24	0.0010496051819595914
0.25	0.0011010043297312116
0.26	0.00115343410367157
0.27	0.0012069557271903585
0.28	0.0012616332539847203
0.29	0.001317533782949154
0.3	0.0013747276893681033
0.31	0.0014332888739829839
0.32	0.0014932950316938571
0.33	0.0015548279418451424
0.34	0.0016179737822576987
0.35000000000000003	0.0016828234694093907
0.36	0.0017494730274368456
0.37	0.001818023988936688
0.38	0.0018885838308903122
0.39	0.0019612664494280205
0.4	0.002036192677592968
0.41000000000000003	0.002113490850770759
0.42	0.002193297425026103
0.43	0.002275757654244456
0.44	0.002361026332726855
0.45	0.002449268610745322
0.46	0.002540660891551718
0.47000000000000003	0.00263539181946598
0.48	0.0027336633699747525
0.49	0.0028356920542781695
0.5	0.002941710252465682
0.51	0.0030519676915234293
0.52	0.0031667330867253974
0.53	0.003286295967698743
0.54	0.0034109687136523086
0.55	0.0035410888260038664
0.56	0.003677021471041595
0.5700000000000001	0.0038191623304374167
0.58	0.003967940803550733
0.59	0.00412382361271268
0.6	0.004287318871299176
0.61	0.004458980684676244
0.62	0.004639414366393552
0.63	0.004829282366758985
0.64	0.005029311028707341
0.65	0.005240298307379765
0.66	0.0054631226159403915
0.67	0.005698752991988666
0.68	0.005948260817901038
0.6900000000000001	0.00621283337636969
0.7000000000000001	0.006493789581633011
0.71	0.006792598300429893
0.72	0.0071108997684809225
0.73	0.007450530723435876
0.74	0.00781355402048641
0.75	0.008202293681180467
0.76	0.008619376561345907
0.77	0.009067782126507475
0.78	0.009550902214544726
0.79	0.01007261317533996
0.8	0.010637363446795771
0.81	0.01125028051284271
0.8200000000000001	0.01191730237187124
0.8300000000000001	0.01264534023674241
0.84	0.01344248135248401
0.85	0.014318243790051756
0.86	0.015283899198604761
0.87	0.016352885285663043
0.88	0.0175413380124571
0.89	0.01886878531151899
0.9	0.020359061365819185
0.91	0.02204152597770873
0.92	0.023952711842677624
0.93	0.026138581003632054
0.9400000000000001	0.02865766259450385
0.9500000000000001	0.03158548774061788
0.96	0.035020969462196315
0.97	0.03909575739265986
0.98	0.043988239102952256
0.99	0.049944960726639114
1.	0.057314161832874126
1.01	0.06659951848617028
1.02	0.078548197256423
1.03	0.09429761264724677
1.04	0.11562083354180698
1.05	0.14532329829572085
1.06	0.18779376415392157
1.07	0.2493068335377375
1.08	0.33582560698450575
1.09	0.4411905325640298
1.1	0.523292216767605
1.11	0.5237037443990125
1.12	0.45717752417289387
1.1300000000000001	0.3887957537842156
1.1400000000000001	0.35266318026939075
1.1500000000000001	0.3552360345935061
1.16	0.3976748315325995
1.17	0.4796016713993944
1.18	0.5822067014689652
1.19	0.644020723564923
1.2	0.611279340327719
1.21	0.526083095334448
1.22	0.4581805553903417
1.23	0.43553406046374404
1.24	0.4606030257706699
1.25	0.521036143223578
1.26	0.5738134905722905
1.27	0.5615109537058283
1.28	0.4940369659408071
1.29	0.4311834961383365
1.3	0.40544515104339957
1.31	0.41823668293017185
1.32	0.44706474322822143
1.33	0.4478689583340267
1.34	0.40461442444875534
1.35	0.3534519903459846
1.36	0.3255459609473737
1.37	0.32409522458961915
1.3800000000000001	0.3295548027300133
1.3900000000000001	0.31368364506580676
1.4000000000000001	0.2776491454556226
1.41	0.2466600004465891
1.42	0.23286420004794997
1.43	0.22881234230344963
1.44	0.2168577117147346
1.45	0.19307353090617474
1.46	0.171143933491012
1.47	0.1589906571614145
1.48	0.15164635206840027
1.49	0.13957006029259084
1.5	0.12333446870566661
1.51	0.11040931565337103
1.52	0.10244898853708109
1.53	0.09476709479222298
1.54	0.08456945810217327
1.55	0.07500333527415175
1.56	0.06828170493490134
1.57	0.06260650501838726
1.58	0.05605737075004907
1.59	0.0498247057645001
1.6	0.0451022640503799
1.61	0.04104342815474434
1.62	0.036790704276392035
1.6300000000000001	0.03294785561134412
1.6400000000000001	0.029905066437932393
1.6500000000000001	0.027153183135898658
1.6600000000000001	0.02447355345478966
1.67	0.02218301080366
1.68	0.020266874233713157
1.69	0.018479253162933154
1.7	0.016861723194277443
1.71	0.01549561714622725
1.72	0.014277553544833165
1.73	0.013163980667846954
1.74	0.012197370634335318
1.75	0.011345906461559346
1.76	0.01057172516928569
1.77	0.00988618963498028
1.78	0.009277984189491908
1.79	0.008725916110845113
1.8	0.008230379604238648
1.81	0.007784854848636632
1.82	0.0073786179061467155
1.83	0.007009681708670133
1.84	0.006673358839339017
1.85	0.006364277137408954
1.86	0.0060803683635428304
1.87	0.005818362668729851
1.8800000000000001	0.005575494581451677
1.8900000000000001	0.005350046928583674
1.9000000000000001	0.005139916666748312
1.9100000000000001	0.004943557444065328
1.92	0.004759659413499575
1.93	0.004586938659522121
1.94	0.004424409538848563
1.95	0.004271144020780662
1.96	0.004126340282278852
1.97	0.003989308517857631
1.98	0.003859417587596992
1.99	0.00373612307654848
2.	0.003618931286627812
2.0100000000000002	0.003507402843934745
2.02	0.00340114303176186
2.0300000000000002	0.0032997942527876896
2.04	0.0032030338407222944
2.05	0.003110567471033282
2.06	0.0030221272360999533
2.07	0.0029374676994798456
2.08	0.0028563637825136847
2.09	0.0027786083663289777
2.1	0.0027040104510763826
2.11	0.002632393508520435
2.12	0.0025635940387666416
2.13	0.0024974603376015053
2.14	0.0024338513881397143
2.15	0.002372635903310551
2.16	0.0023136914650847226
2.17	0.002256903767255663
2.18	0.0022021659350539044
2.19	0.0021493779185234887
2.2	0.002098445946099651
2.21	0.002049282033002857
2.22	0.002001803536653503
2.23	0.001955932754123654
2.24	0.0019115965565371434
2.25	0.0018687260564150298
2.2600000000000002	0.0018272563043417363
2.27	0.0017871260118582618
2.2800000000000002	0.0017482772978682068
2.29	0.001710655456174433
2.3000000000000003	0.0016742087420570518
2.31	0.0016388881760423235
2.32	0.0016046473632275013
2.33	0.0015714423267071526
2.34	0.0015392313538065464
2.35	0.001507974853965904
2.36	0.00147763522724088
2.37	0.0014481767424911643
2.38	0.0014195654244231702
2.39	0.0013917689487356394
2.4	0.0013647565446906237
2.41	0.001338498904497509
2.42	0.0013129680989558631
2.43	0.0012881374988547103
2.44	0.0012639817016720843
2.45	0.001240476463160188
2.46	0.0012175986334386482
2.47	0.0011953260972517182
2.48	0.00117363771807538
2.49	0.0011525132857872983
2.5	0.001131933467637115
2.5100000000000002	0.0011118797622765584
2.52	0.0010923344566289301
2.5300000000000002	0.0010732805853955806
2.54	0.0010547018930134756
2.5500000000000003	0.001036582797892866
2.56	0.0010189083587776916
2.57	0.0010016642430836827
2.58	0.0009848366970804743
2.59	0.0009684125177942843
2.6	0.0009523790265171468
2.61	0.0009367240438173232
2.62	0.0009214358659533345
2.63	0.000906503242601369
2.64	0.0008919153558123507
2.65	0.0008776618001211325
2.66	0.0008637325637358068
2.67	0.0008501180107403103
2.68	0.0008368088642482265
2.69	0.0008237961904500767
2.7	0.0008110713835003905
2.71	0.0007986261511946273
2.72	0.0007864525013894003
2.73	0.0007745427291227073
2.74	0.0007628894043937698
2.75	0.0007514853605648786
2.7600000000000002	0.000740323683350136
2.77	0.0007293977003584039
2.7800000000000002	0.000718700971159927
2.79	0.0007082272778482058
2.8000000000000003	0.000697970616070567
2.81	0.0006879251865027338
2.82	0.0006780853867443419
2.83	0.0006684458036139779
2.84	0.0006590012058238013
2.85	0.0006497465370152334
2.86	0.0006406769091385759
2.87	0.0006317875961606848
2.88	0.0006230740280861125
2.89	0.0006145317852782992
2.9	0.0006061565930686035
2.91	0.0005979443166421029
2.92	0.0005898909561902465
2.93	0.0005819926423215973
2.94	0.0005742456317230757
2.95	0.000566646303065298
2.96	0.0005591911531468784
2.97	0.0005518767932738539
2.98	0.0005446999458718195
2.99	0.0005376574413298618
3.	0.0005307462150770731
3.0100000000000002	0.0005239633048942551
3.02	0.0005173058484655307
3.0300000000000002	0.0005107710811769264
3.04	0.0005043563341717276
3.0500000000000003	0.0004980590326755282
3.06	0.000491876694607606
3.0700000000000003	0.0004858069294995501
3.08	0.0004798474377472402
3.09	0.000473996010228379
3.1	0.00046825052832518294
3.11	0.0004626089644007334
3.12	0.000457069382788349
3.13	0.00045162994136660874
3.14	0.0004462888938089612
3.15	0.0004410445926170577
3.16	0.00043589549307202727
3.17	0.00043084015826931854
3.18	0.0004258772654421984
3.19	0.0004210056138289653
3.2	0.0004162241344024985
3.21	0.00041153190186221097
3.22	0.00040692814939344345
3.23	0.00040241228683562106
3.24	0.0003979839230786
3.25	0.0003936428937412422
3.2600000000000002	0.0003893892954976029
3.27	0.00038522352883282526
3.2800000000000002	0.0003811463515732935
3.29	0.0003771589463018589
3.3000000000000003	0.0003732630058229146
3.31	0.00036946084230674687
3.3200000000000003	0.0003657555278000715
3.33	0.00036215107671346404
3.34	0.0003586526851022873
3.35	0.00035526704768717223
3.36	0.00035200278261725884
3.37	0.0003488710075613158
3.38	0.00034588613140082767
3.39	0.00034306695784385794
3.4	0.00034043824779687426
3.41	0.0003380329684728006
3.42	0.0003358955901064519
3.43	0.00033408701321391846
3.44	0.0003326920879262254
3.45	0.0003318313446840073
3.46	0.00033167971598520963
3.47	0.0003324970898005599
3.48	0.00033467914521516314
3.49	0.0003388428274474503
3.5	0.00034596822811579534
3.5100000000000002	0.0003576160551246792
3.52	0.00037616257423238916
3.5300000000000002	0.00040456296494935417
3.54	0.00044359861042609283
3.5500000000000003	0.00048280155837700266
3.56	0.0004946334202631524
3.5700000000000003	0.00046572827466011003
3.58	0.00041980679956131847
3.59	0.0003797377221109537
3.6	0.00035076502158609923
3.61	0.00033076175275998564
3.62	0.00031689946692460054
3.63	0.00030714808963272765
3.64	0.0003002396249915797
3.65	0.00029542594144334406
3.66	0.00029229763013915696
3.67	0.000290679711160543
3.68	0.0002905845793407742
3.69	0.00029220897216796334
3.7	0.00029597360339290036
3.71	0.0003026169407045273
3.72	0.00031336892210754403
3.73	0.00033023887192404637
3.74	0.00035640093825545325
3.75	0.00039629341096092727
3.7600000000000002	0.0004534690119746218
3.77	0.0005206312104665515
3.7800000000000002	0.0005631861914514144
3.79	0.0005425156739299747
3.8000000000000003	0.00047700747857539865
3.81	0.0004104303174054204
3.8200000000000003	0.00036045701155259
3.83	0.00032631553058797106
3.84	0.0003034632656188923
3.85	0.0002882249071873415
3.86	0.0002782549630369959
3.87	0.0002721978378928756
3.88	0.0002693756937921779
3.89	0.0002696165717256636
3.9	0.00027320963467356463
3.91	0.00028097877320468656
3.92	0.000294487984123009
3.93	0.0003163820557152614
3.94	0.0003506661793989645
3.95	0.0004017178950399171
3.96	0.0004677228434696375
3.97	0.0005241127411999593
3.98	0.0005261534831208007
3.99	0.0004704302883513383
4.	0.00040083129155880833
4.01	0.00034509215051100716
4.0200000000000005	0.0003065098430847399
4.03	0.0002809276020075424
4.04	0.00026427816422909837
4.05	0.00025388467318580393
4.0600000000000005	0.0002482469554542059
4.07	0.0002467294853303361
4.08	0.0002494074788155663
4.09	0.00025708974676616025
4.1	0.00027150396682325224
4.11	0.00029552783278520236
4.12	0.00033275523367711635
4.13	0.0003835861310475356
4.14	0.00043314719434410265
4.15	0.00044576000855690726
4.16	0.00040765971018931604
4.17	0.00035073302750954926
4.18	0.0003025234303580581
4.19	0.0002686474294882454
4.2	0.00024626150345114585
4.21	0.0002319502707261753
4.22	0.00022342075140823977
4.23	0.00021946223461417815
4.24	0.00021972805625750149
4.25	0.0002246571055152048
4.26	0.00023554679613387562
4.2700000000000005	0.0002545887212246611
4.28	0.0002839461559641612
4.29	0.000320988231771167
4.3	0.00034849004862163994
4.3100000000000005	0.00034190861094766765
4.32	0.00030594953164303555
4.33	0.00026633877764051494
4.34	0.00023593098748472485
4.3500000000000005	0.00021530615166519344
4.36	0.0002020110631104614
4.37	0.00019398026923140603
4.38	0.00019004103798950638
4.39	0.00018981437334868368
4.4	0.0001936369816897356
4.41	0.0002025504589228887
4.42	0.0002180107948998028
4.43	0.00023996984989766812
4.44	0.0002612113163852944
4.45	0.00026523560929980555
4.46	0.000246409936022827
4.47	0.0002196560421873764
4.48	0.00019726958966597268
4.49	0.0001816336784253201
4.5	0.00017145973328494066
4.51	0.00016529349166014953
4.5200000000000005	0.00016227175424075684
4.53	0.0001621383701241417
4.54	0.00016518685114167635
4.55	0.00017214392152177356
4.5600000000000005	0.0001834602432847925
4.57	0.0001966651379155551
4.58	0.0002030513713901995
4.59	0.00019519191971097258
4.6000000000000005	0.00017907176202151562
4.61	0.00016396276837153233
4.62	0.00015294743484314146
4.63	0.00014563993111073577
4.64	0.00014113410203446072
4.65	0.000138844072963472
4.66	0.000138596830179452
4.67	0.0001405842386915119
4.68	0.00014516286162433433
4.69	0.0001519644537182051
4.7	0.0001577555415665821
4.71	0.0001567951231638369
4.72	0.00014867606823740337
4.73	0.00013898563215522587
4.74	0.0001312366064762539
4.75	0.0001258654810598439
4.76	0.00012240198743406988
4.7700000000000005	0.00012043793558111356
4.78	0.00011981328127068811
4.79	0.00012059460974988886
4.8	0.00012290235100876888
4.8100000000000005	0.00012625028598116966
4.82	0.00012835173095907622
4.83	0.0001263226412259169
4.84	0.00012105108861448339
4.8500000000000005	0.0001156227583354543
4.86	0.00011144401408626111
4.87	0.0001085477527224397
4.88	0.00010667542848393116
4.89	0.00010565698990661393
4.9	0.00010546233395445963
4.91	0.00010612906472582904
4.92	0.00010745894618438971
4.93	0.00010838508528744213
4.94	0.00010729890792623375
4.95	0.0001043503583344163
4.96	0.00010115813017581953
4.97	0.00009859888235920707
4.98	0.00009674718671787364
4.99	0.00009547702877284936
5.	0.00009470046910065606
5.01	0.00009439926931265103
5.0200000000000005	0.00009455619169327256
5.03	0.00009491807581498939
5.04	0.00009473211468466167
5.05	0.00009341778879567718
5.0600000000000005	0.00009150418973325119
5.07	0.00008973231906001201
5.08	0.00008833633175773867
5.09	0.00008728773790541785
5.1000000000000005	0.00008652891183880848
5.11	0.00008603400762444368
5.12	0.00008578811157396552
5.13	0.00008568109051440417
5.14	0.00008536234739712796
5.15	0.00008450495241544816
5.16	0.00008331802892235334
5.17	0.00008218149199185286
5.18	0.00008123359887276345
5.19	0.00008046763408451589
5.2	0.00007985622590827894
5.21	0.00007938499102930338
5.22	0.00007903546646291822
5.23	0.00007871925806023994
5.24	0.00007824101279654813
5.25	0.00007751490932072868
5.26	0.00007670278994151117
5.2700000000000005	0.00007595372969693319
5.28	0.00007530204468159403
5.29	0.00007473793842614597
5.3	0.00007425035853673652
5.3100000000000005	0.00007383073122540031
5.32	0.00007344974483796776
5.33	0.0000730258677960873
5.34	0.00007248858587572829
5.3500000000000005	0.00007188758480280995
5.36	0.00007130535693725342
5.37	0.00007077066585766821
5.38	0.00007028193260557346
5.39	0.00006983346858568644
5.4	0.00006942002253614723
5.41	0.00006902626656351472
5.42	0.00006861341746653126
5.43	0.00006815157860788859
5.44	0.0000676659096363993
5.45	0.00006719270255721948
5.46	0.00006674367830966535
5.47	0.00006631783540031756
5.48	0.00006591248462595371
5.49	0.00006552395296977662
5.5	0.00006514132991568976
5.51	0.00006474532043183134
5.5200000000000005	0.00006433127508010514
5.53	0.00006391571106010128
5.54	0.00006351078063294822
5.55	0.00006311866094045842
5.5600000000000005	0.00006273830243268192
5.57	0.00006236820720894377
5.58	0.00006200485412832644
5.59	0.00006164032915323912
5.6000000000000005	0.0000612690574991044
5.61	0.00006089615883553518
5.62	0.00006052841755657136
5.63	0.000060167892703819695
5.64	0.000059814321314564555
5.65	0.00005946699544081653
5.66	0.000059124413333688055
5.67	0.00005878322092756375
5.68	0.0000584407420493068
5.69	0.00005809887418403066
5.7	0.00005776058837539035
5.71	0.00005742686161871706
5.72	0.000057097588072388385
5.73	0.000056772402611079374
5.74	0.00005645050581617937
5.75	0.000056130354530229867
5.76	0.00005581108721274295
5.7700000000000005	0.0000554937304381659
5.78	0.00005517938599377775
5.79	0.000054868322896314854
5.8	0.00005456044337413117
5.8100000000000005	0.00005425552354027608
5.82	0.00005395307330178487
5.83	0.00005365243082500056
5.84	0.0000533535610349267
5.8500000000000005	0.000053056990622553004
5.86	0.00005276301177829162
5.87	0.000052471634348305464
5.88	0.000052182774644483944
5.89	0.0000518962665824142
5.9	0.000051611823907848045
5.91	0.00005132928585750798
5.92	0.00005104880727219285
5.93	0.000050770550171710825
5.94	0.000050494538933509204
5.95	0.00005022073536738784
5.96	0.00004994906832958084
5.97	0.00004967941655049279
5.98	0.00004941168263751482
5.99	0.00004914589943009627
6.	0.00004888212959559602
6.01	0.00004862038113113421
6.0200000000000005	0.00004836063098727693
6.03	0.00004810284138610833
6.04	0.00004784695520168146
6.05	0.00004759292539600519
6.0600000000000005	0.000047340757059012014
6.07	0.00004709046821445179
6.08	0.000046842056589512166
6.09	0.0000465955088328817
6.1000000000000005	0.00004635080685591362
6.11	0.000046107928000609047
6.12	0.000045866860900784035
6.13	0.00004562761898278415
6.140000000000001	0.00004539022407488525
6.15	0.00004515470030453623
6.16	0.00004492108322985481
6.17	0.00004468942931348271
6.18	0.00004445983032151013
6.19	0.00004423244268036674
6.2	0.00004400752466679258
6.21	0.00004378549018445404
6.22	0.00004356700407026148
6.23	0.000043353099335063094
6.24	0.00004314514027737254
6.25	0.00004294384833866636
6.26	0.00004274557735377835
6.2700000000000005	0.000042538261099279084
6.28	0.000042312909224887645
6.29	0.00004207858054936665
6.3	0.000041847273647667264
6.3100000000000005	0.00004162256197839192
6.32	0.00004140368462637023
6.33	0.00004118925132626666
6.34	0.000040978206090838866
6.3500000000000005	0.00004076986185890328
6.36	0.000040563784875015666
6.37	0.000040359698777510415
6.38	0.000040157423857965445
6.390000000000001	0.00003995684067391367
6.4	0.00003975786810971092
6.41	0.00003956045053108987
6.42	0.000039364550347015266
6.43	0.00003917014377349236
6.44	0.00003897721884053974
6.45	0.00003878577495430034
6.46	0.00003859582371418708
6.47	0.00003840739143691659
6.48	0.00003822052389238999
6.49	0.00003803529418570208
6.5	0.00003785181566888946
6.51	0.000037670263090353516
6.5200000000000005	0.00003749090768762876
6.53	0.000037314176297388637
6.54	0.00003714075061610576
6.55	0.00003697172661678772
6.5600000000000005	0.00003680882720336884
6.57	0.000036654466906586675
6.58	0.000036510625555094935
6.59	0.000036373523959735075
6.6000000000000005	0.00003622455432123898
6.61	0.00003604224455515548
6.62	0.00003583595400151589
6.63	0.00003562971159862403
6.640000000000001	0.000035433465576304924
6.65	0.000035246863104890694
6.66	0.000035067378483962875
6.67	0.00003489292673806678
6.68	0.00003472213041893527
6.69	0.00003455412475807946
6.7	0.000034388367841556555
6.71	0.00003422451584950436
6.72	0.0000340623482059241
6.73	0.00003390172375850854
6.74	0.00003374255545018066
6.75	0.00003358479623420148
6.76	0.00003342843233985934
6.7700000000000005	0.00003327348208001275
6.78	0.000033119999859003466
6.79	0.00003296808638468464
6.8	0.00003281790777095029
6.8100000000000005	0.00003266972880404232
6.82	0.000032523969892748614
6.83	0.00003238130372275258
6.84	0.000032242813971809314
6.8500000000000005	0.00003211022438521458
6.86	0.0000319860687303504
6.87	0.000031873006986012014
6.88	0.000031769526716648345
6.890000000000001	0.000031659654411923254
6.9	0.000031516183485459995
6.91	0.00003133904428402545
6.92	0.00003115541566943254
6.93	0.000030981318249167464
6.94	0.000030818280318608985
6.95	0.00003066363452804171
6.96	0.000030514834803888932
6.97	0.000030370146025392596
6.98	0.000030228475285655938
6.99	0.00003008914321296415
7.	0.000029951725827712588
7.01	0.000029815958907514788
7.0200000000000005	0.000029681682708210425
7.03	0.000029548811347451096
7.04	0.000029417317902946104
7.05	0.000029287230951678544
7.0600000000000005	0.000029158641618363018
7.07	0.000029031723235451034
7.08	0.00002890676943623025
7.09	0.00002878426181668385
7.1000000000000005	0.000028664984891245567
7.11	0.00002855020547708175
7.12	0.000028441876631202658
7.13	0.000028342496554463804
7.140000000000001	0.000028253020352439293
7.15	0.000028165537585735858
7.16	0.00002805720205251469
7.17	0.00002791449694501452
7.18	0.000027756154866050163
7.19	0.000027602617687501626
7.2	0.000027459139584011564
7.21	0.000027324066864338686
7.22	0.000027194937133848266
7.23	0.000027069937404280546
7.24	0.000026947907046947105
7.25	0.00002682812760089361
7.26	0.000026710157389823993
7.2700000000000005	0.000026593728849717912
7.28	0.000026478689779115024
7.29	0.00002636497252618866
7.3	0.00002625258204245897
7.3100000000000005	0.000026141599340331748
7.32	0.000026032201573981333
7.33	0.000025924704883949134
7.34	0.000025819641777878414
7.3500000000000005	0.00002571788700078
7.36	0.00002562081694898464
7.37	0.000025530299967978802
7.38	0.000025447550421651063
7.390000000000001	0.000025368403544041948
7.4	0.00002527709620319177
7.41	0.000025159607669199123
7.42	0.00002502658987546019
7.43	0.000024895334528549838
7.44	0.000024771693781664778
7.45	0.0000246548831288887
7.46	0.000024542992954077505
7.47	0.00002443453882431809
7.48	0.000024328559868122808
7.49	0.000024224463593730455
7.5	0.00002412189150200161
7.51	0.000024020634708210835
7.5200000000000005	0.000023920587014352957
7.53	0.000023821723166710323
7.54	0.00002372409597694002
7.55	0.000023627851597989157
7.5600000000000005	0.000023533267465874057
7.57	0.000023440821591285598
7.58	0.000023351295931485646
7.59	0.000023265852392873314
7.6000000000000005	0.000023185709314920706
7.61	0.000023110131661405944
7.62	0.000023031656871734757
7.63	0.00002293769375961217
7.640000000000001	0.00002282833186333173
7.65	0.00002271617504666522
7.66	0.000022608586972447692
7.67	0.000022506250380353408
7.68	0.000022407929317499826
7.69	0.000022312451704043516
7.7	0.000022219024176949544
7.71	0.000022127154412382007
7.72	0.000022036547411726856
7.73	0.000021947035809807632
7.74	0.000021858541236902765
7.75	0.0000217710580461886
7.76	0.000021684654895142806
7.7700000000000005	0.00002159949457309492
7.78	0.000021515876128043917
7.79	0.00002143429936310344
7.8	0.000021355507027029836
7.8100000000000005	0.000021280246984006868
7.82	0.00002120789606108247
7.83	0.000021133398397535637
7.84	0.00002104887554853756
7.8500000000000005	0.00002095507127338808
7.86	0.000020860042943682495
7.87	0.000020768147441430906
7.88	0.000020679678329885216
7.890000000000001	0.000020593836026633
7.9	0.000020509890961591688
7.91	0.000020427355111246126
7.92	0.000020345929281069185
7.930000000000001	0.000020265439291068985
7.94	0.000020185794842802956
7.95	0.00002010696905976388
7.96	0.000020028994221851977
7.97	0.00001995197237401774
7.98	0.000019876101916879593
7.99	0.0000198017158022156
8.	0.00001972928305217656
8.01	0.000019659139881478317
8.02	0.00001959032939228943
8.03	0.00001951890717363089
8.040000000000001	0.00001944098869036722
8.05	0.000019359006786758474
8.06	0.00001927755289510147
8.07	0.000019198303961844916
8.08	0.00001912110248192796
8.09	0.000019045452919539856
8.1	0.000018970964286007712
8.11	0.000018897385801146474
8.120000000000001	0.000018824568653033012
8.13	0.00001875243269014198
8.14	0.00001868094781360495
8.15	0.000018610128142220294
8.16	0.000018540037417411914
8.17	0.000018470804992337418
8.18	0.00001840264461444721
8.19	0.000018335824604580043
8.2	0.000018270382885521275
8.21	0.00001820523121508578
8.22	0.000018137700465817974
8.23	0.000018066687485817653
8.24	0.00001799454746873296
8.25	0.000017923373303620144
8.26	0.000017853601291431583
8.27	0.000017785013742992404
8.28	0.0000177173418224481
8.290000000000001	0.000017650395495161803
8.3	0.00001758405817699054
8.31	0.000017518264893312526
8.32	0.000017452987524431316
8.33	0.00001738822889748113
8.34	0.00001732402470399048
8.35	0.00001726045186257499
8.36	0.000017197635131504605
8.370000000000001	0.000017135708154455182
8.38	0.00001707457936132881
8.39	0.000017013378452425497
8.4	0.000016950644627813208
8.41	0.000016886389523920826
8.42	0.00001682207069114675
8.43	0.000016758537140579443
8.44	0.00001669586595674948
8.45	0.000016633913550020762
8.46	0.000016572544887284503
8.47	0.00001651167023565293
8.48	0.000016451236956524198
8.49	0.000016391218910120143
8.5	0.0000163316108028038
8.51	0.000016272427647600294
8.52	0.00001621370820980961
8.53	0.00001615551696692539
8.540000000000001	0.00001609791785211729
8.55	0.00001604083477170607
8.56	0.00001598375930525308
8.57	0.0000159259525942583
8.58	0.00001586753664951763
8.59	0.000015809276682107717
8.6	0.000015751560656055204
8.61	0.00001569440518980731
8.620000000000001	0.000015637732698648095
8.63	0.000015581474951871572
8.64	0.000015525587649308475
8.65	0.000015470045748613952
8.66	0.000015414838537764448
8.67	0.000015359967573814896
8.68	0.0000153054472870327
8.69	0.000015251306048206694
8.700000000000001	0.000015197577083271776
8.71	0.000015144242263619777
8.72	0.000015091089683805706
8.73	0.000015037731098232401
8.74	0.00001498412877072537
8.75	0.000014930657351433267
8.76	0.000014877556475383158
8.77	0.000014824854077893436
8.78	0.000014772512867473982
8.790000000000001	0.000014720496196654113
8.8	0.000014668779619446543
8.81	0.000014617349233963884
8.82	0.00001456619923193177
8.83	0.000014515330896520497
8.84	0.000014464752824598315
8.85	0.000014414479989793735
8.86	0.00001436452155036028
8.870000000000001	0.000014314832379907685
8.88	0.00001426524966573018
8.89	0.000014215629033891812
8.9	0.000014166077571208901
8.91	0.00001411676970738704
8.92	0.000014067763562636231
8.93	0.00001401905002596282
8.94	0.000013970608859863208
8.950000000000001	0.000013922424567910065
8.96	0.000013874487610210406
8.97	0.00001382679320556211
8.98	0.000013779340571413552
8.99	0.000013732132797465153
9.	0.000013685176111493385
9.01	0.000013638473302232512
9.02	0.000013591999179188848
9.03	0.000013545672624469573
9.040000000000001	0.000013499430200669097
9.05	0.000013453328837931277
9.06	0.00001340744821134371
9.07	0.000013361812102092652
9.08	0.000013316414779411925
9.09	0.00001327124622077637
9.1	0.000013226298881085065
9.11	0.000013181568139310736
9.120000000000001	0.000013137051796127398
9.13	0.000013092749813318247
9.14	0.000013048664176044054
9.15	0.000013004797444083548
9.16	0.000012961145350440612
9.17	0.00001291768036198144
9.18	0.00001287435865860343
9.19	0.000012831176902174648
9.200000000000001	0.000012788170704254582
9.21	0.000012745366364604909
9.22	0.000012702770741781261
9.23	0.000012660380585777581
9.24	0.00001261819086810677
9.25	0.00001257619768231693
9.26	0.00001253439857167256
9.27	0.000012492792358343016
9.28	0.000012451378924039767
9.290000000000001	0.00001241015831851326
9.3	0.000012369127010975952
9.31	0.000012328270700007836
9.32	0.000012287570665458662
9.33	0.000012247030334083786
9.34	0.000012206667359072573
9.35	0.000012166489564175005
9.36	0.000012126496148099832
9.370000000000001	0.00001208668429482931
9.38	0.000012047051527137364
9.39	0.000012007596037365389
9.4	0.000011968316609757532
9.41	0.000011929212536688702
9.42	0.00001189028344019619
9.43	0.000011851528376790926
9.44	0.000011812943114888628
9.450000000000001	0.000011774518579164978
9.46	0.000011736250196030275
9.47	0.000011698144087114655
9.48	0.000011660205862769496
9.49	0.00001162243607867657
9.5	0.000011584833267900951
9.51	0.000011547395842292956
9.52	0.000011510122534614892
9.53	0.000011473012429211387
9.540000000000001	0.000011436064953334876
9.55	0.000011399279853547591
9.56	0.000011362656924422626
9.57	0.000011326194999854464
9.58	0.000011289891202827442
9.59	0.000011253744208824253
9.6	0.000011217754550088851
9.61	0.000011181914161715453
9.620000000000001	0.000011146208480454811
9.63	0.000011110639304698747
9.64	0.00001107522066149549
9.65	0.000011039959049290003
9.66	0.000011004853855326426
9.67	0.000010969902771392875
9.68	0.000010935103725680098
9.69	0.000010900454903260896
9.700000000000001	0.00001086595405935869
9.71	0.000010831598507986376
9.72	0.000010797387148076918
9.73	0.000010763320552609732
9.74	0.000010729398779169212
9.75	0.000010695621100874367
9.76	0.000010661986574612637
9.77	0.000010628494288679755
9.78	0.000010595143405010354
9.790000000000001	0.000010561933152767774
9.8	0.00001052886280910943
9.81	0.000010495931630343417
9.82	0.000010463138647076351
9.83	0.000010430482518547567
9.84	0.000010397962206985827
9.85	0.00001036557752787785
9.86	0.000010333328319523428
9.870000000000001	0.000010301214043986018
9.88	0.000010269234019006402
9.89	0.000010237387582663174
9.9	0.00001020567414674385
9.91	0.000010174093225074109
9.92	0.000010142644470939221
9.93	0.000010111327723762579
9.94	0.00001008014304524331
9.950000000000001	0.000010049090820677167
9.96	0.000010018172078609504
9.97	9.987387821679191e-6
9.98	9.956734570430129e-6
9.99	9.92619745408071e-6
10.	9.895759978452588e-6
10.01	9.865429118039437e-6
10.02	9.835222171971253e-6
10.03	9.80514569837688e-6
10.040000000000001	9.77519870920848e-6
10.05	9.74537866476839e-6
10.06	9.715683323878295e-6
10.07	9.686110933313473e-6
10.08	9.656660225197084e-6
10.09	9.627330283957376e-6
10.1	9.598120303878523e-6
10.11	9.569029516004755e-6
10.120000000000001	9.540057194959272e-6
10.13	9.511202656677595e-6
10.14	9.482465249583584e-6
10.15	9.453844346407171e-6
10.16	9.425339335399976e-6
10.17	9.396949604780825e-6
10.18	9.368674529963744e-6
10.19	9.340513513586895e-6
10.200000000000001	9.312466028436222e-6
10.21	9.284531568429656e-6
10.22	9.25670962182883e-6
10.23	9.228999692504417e-6
10.24	9.201401322905545e-6
10.25	9.173914116784917e-6
10.26	9.146537772664756e-6
10.27	9.119272138825647e-6
10.28	9.092117301877906e-6
10.290000000000001	9.065073720266095e-6
10.3	9.038142365926911e-6
10.31	9.011324472338824e-6
10.32	8.984619353168633e-6
10.33	8.958018274692875e-6
10.34	8.931503388591392e-6
10.35	8.905070021161926e-6
10.36	8.878733886217258e-6
10.370000000000001	8.852506482360229e-6
10.38	8.826389237677685e-6
10.39	8.800380094979998e-6
10.4	8.774476858661981e-6
10.41	8.748677841635862e-6
10.42	8.72298179752622e-6
10.43	8.697387763677164e-6
10.44	8.67189494842927e-6
10.450000000000001	8.64650266653632e-6
10.46	8.621210301188213e-6
10.47	8.59601728094488e-6
10.48	8.570923065686001e-6
10.49	8.545927137861613e-6
10.5	8.521028996746771e-6
10.51	8.496228156139016e-6
10.52	8.471524147078026e-6
10.53	8.446916519284449e-6
10.540000000000001	8.422404840909074e-6
10.55	8.397988704086151e-6
10.56	8.373667736215653e-6
10.57	8.349441617954298e-6
10.58	8.325310113091926e-6
10.59	8.30127311885671e-6
10.6	8.277330748045943e-6
10.61	8.253483446388396e-6
10.620000000000001	8.22973207368546e-6
10.63	8.206077516049625e-6
10.64	8.182518367970612e-6
10.65	8.159045651042041e-6
10.66	8.135645227574214e-6
10.67	8.112317535117845e-6
10.68	8.089076060436702e-6
10.69	8.065928108900258e-6
10.700000000000001	8.042873845041978e-6
10.71	8.019911466141387e-6
10.72	7.997039271609187e-6
10.73	7.974255975594728e-6
10.74	7.951560615063035e-6
10.75	7.928952433942995e-6
10.76	7.906430803884653e-6
10.77	7.883995176113844e-6
10.78	7.861645052960328e-6
10.790000000000001	7.83937997108174e-6
10.8	7.81719949162468e-6
10.81	7.795103194672006e-6
10.82	7.773090676702795e-6
10.83	7.75116155038417e-6
10.84	7.729315446304411e-6
10.85	7.707552017426084e-6
10.86	7.685870947695346e-6
10.870000000000001	7.664271967108068e-6
10.88	7.642754877543799e-6
10.89	7.621319596352404e-6
10.9	7.59996622564089e-6
10.91	7.578695139606035e-6
10.92	7.55750698128322e-6
10.93	7.5364020477753315e-6
10.94	7.5153777400925445e-6
10.950000000000001	7.494425165784845e-6
10.96	7.473536287666487e-6
10.97	7.452716451886495e-6
10.98	7.43197471120664e-6
10.99	7.411313918062629e-6
11.	7.390733296467568e-6
11.01	7.370231449930543e-6
11.02	7.349807211854995e-6
11.03	7.329459700498082e-6
11.040000000000001	7.309188234044074e-6
11.05	7.2889922562687024e-6
11.06	7.268871288720051e-6
11.07	7.248824902183447e-6
11.08	7.228852699998882e-6
11.09	7.208954308452708e-6
11.1	7.18912937152694e-6
11.11	7.1693775485963245e-6
11.120000000000001	7.149698514489127e-6
11.13	7.130091961969629e-6
11.14	7.110557607406175e-6
11.15	7.091095201306002e-6
11.16	7.071704546789069e-6
11.17	7.052385530859441e-6
11.18	7.0331381732521184e-6
11.19	7.013962682582457e-6
11.200000000000001	6.9948594216900725e-6
11.21	6.975828352859577e-6
11.22	6.95686706154991e-6
11.23	6.937969023571193e-6
11.24	6.9191300794563686e-6
11.25	6.900354936480252e-6
11.26	6.8816489491975085e-6
11.27	6.863013306798649e-6
11.28	6.844447262371644e-6
11.290000000000001	6.825949833309969e-6
11.3	6.80752021423117e-6
11.31	6.789157780446779e-6
11.32	6.770862030223809e-6
11.33	6.7526325388225245e-6
11.34	6.734468929601944e-6
11.35	6.716370856972638e-6
11.36	6.698337996606556e-6
11.370000000000001	6.680370040078024e-6
11.38	6.6624666924167945e-6
11.39	6.644627671920846e-6
11.4	6.6268527122306695e-6
11.41	6.609141567325004e-6
11.42	6.591494020949256e-6
11.43	6.573909903106902e-6
11.44	6.556389116891398e-6
11.450000000000001	6.538931674047814e-6
11.46	6.521537703205697e-6
11.47	6.504207247359957e-6
11.48	6.4869393358292e-6
11.49	6.469730481841117e-6
11.5	6.452576898638505e-6
11.51	6.435480069606141e-6
11.52	6.418443729225527e-6
11.53	6.401469196760199e-6
11.540000000000001	6.38455611848239e-6
11.55	6.367703804133091e-6
11.56	6.3509116440134474e-6
11.57	6.3341791482481514e-6
11.58	6.317505913536045e-6
11.59	6.30089159166609e-6
11.6	6.284335869010477e-6
11.61	6.267838454369494e-6
11.620000000000001	6.251399072074196e-6
11.63	6.235017458361646e-6
11.64	6.218693359980353e-6
11.65	6.202426534656459e-6
11.66	6.186216753607639e-6
11.67	6.1700638068915045e-6
11.68	6.15396751308669e-6
11.69	6.137927735161777e-6
11.700000000000001	6.121944401188732e-6
11.71	6.1060175067555325e-6
11.72	6.090146984512973e-6
11.73	6.074332132532907e-6
11.74	6.058570760779708e-6
11.75	6.042860666988256e-6
11.76	6.0272027918878135e-6
11.77	6.0115992035724705e-6
11.78	5.996050522839246e-6
11.790000000000001	5.980556442253413e-6
11.8	5.965116480484951e-6
11.81	5.94973020764933e-6
11.82	5.934397263733882e-6
11.83	5.919117338784934e-6
11.84	5.90389015485381e-6
11.85	5.888715454370227e-6
11.86	5.8735929933429605e-6
11.870000000000001	5.858522537636872e-6
11.88	5.84350386125131e-6
11.89	5.828536746109423e-6
11.9	5.813620983328822e-6
11.91	5.798756376380496e-6
11.92	5.783942746989142e-6
11.93	5.769179944678693e-6
11.94	5.754467857975261e-6
11.950000000000001	5.739806408091005e-6
11.96	5.7251954404954484e-6
11.97	5.710634332836688e-6
11.98	5.696121632733111e-6
11.99	5.681656326696756e-6
12.	5.667239192406362e-6
12.01	5.652871174355792e-6
12.02	5.6385523782663e-6
12.030000000000001	5.624282511706946e-6
12.040000000000001	5.61006123242028e-6
12.05	5.595888234253746e-6
12.06	5.581763248470692e-6
12.07	5.567686032194666e-6
12.08	5.553656359176893e-6
12.09	5.53967401406571e-6
12.1	5.5257387891690156e-6
12.11	5.511850482840985e-6
12.120000000000001	5.498008899027617e-6
12.13	5.484213847853394e-6
12.14	5.47046514743744e-6
12.15	5.456762627392209e-6
12.16	5.4431061343253335e-6
12.17	5.429495537100299e-6
12.18	5.415930716140938e-6
12.19	5.4024114762550525e-6
12.200000000000001	5.38893729646092e-6
12.21	5.375507273694502e-6
12.22	5.362121031002715e-6
12.23	5.348779045714881e-6
12.24	5.3354816364531125e-6
12.25	5.322228703641306e-6
12.26	5.309020000840714e-6
12.27	5.295855275287999e-6
12.280000000000001	5.282734293639961e-6
12.290000000000001	5.269656838854985e-6
12.3	5.2566227105282235e-6
12.31	5.243631722493085e-6
12.32	5.230683693116289e-6
12.33	5.217778442275296e-6
12.34	5.204915792726186e-6
12.35	5.192095571234626e-6
12.36	5.179317609692022e-6
12.370000000000001	5.166581746997777e-6
12.38	5.153887831946899e-6
12.39	5.1412357253692936e-6
12.4	5.128625290755193e-6
12.41	5.116056336095222e-6
12.42	5.103528475342148e-6
12.43	5.0910411734809955e-6
12.44	5.078594263128373e-6
12.450000000000001	5.066187942475579e-6
12.46	5.053822259333819e-6
12.47	5.041497067973802e-6
12.48	5.029212167478219e-6
12.49	5.016967359515797e-6
12.5	5.004762457538324e-6
12.51	4.992597284519088e-6
12.52	4.980471669917601e-6
12.530000000000001	4.968385447621732e-6
12.540000000000001	4.956338454776186e-6
12.55	4.944330531233461e-6
12.56	4.93236151947606e-6
12.57	4.9204312649886e-6
12.58	4.908539617155727e-6
12.59	4.896686430692618e-6
12.6	4.884871566674388e-6
12.61	4.873094887650693e-6
12.620000000000001	4.861356227967855e-6
12.63	4.8496553243566945e-6
12.64	4.837991842209563e-6
12.65	4.826365634632181e-6
12.66	4.814776733564229e-6
12.67	4.803225093643138e-6
12.68	4.791710574357193e-6
12.69	4.780233008814851e-6
12.700000000000001	4.768792231961747e-6
12.71	4.757388084996194e-6
12.72	4.746020414243717e-6
12.73	4.734689069701779e-6
12.74	4.723393904108792e-6
12.75	4.7121347724861305e-6
12.76	4.700911531924866e-6
12.77	4.689724041036692e-6
12.780000000000001	4.678572157695703e-6
12.790000000000001	4.667455735916723e-6
12.8	4.656374633332038e-6
12.81	4.645328723757504e-6
12.82	4.6343178774181575e-6
12.83	4.623341919054011e-6
12.84	4.612400620913134e-6
12.85	4.60149381671479e-6
12.86	4.590621449787599e-6
12.870000000000001	4.579783447582573e-6
12.88	4.5689796854444396e-6
12.89	4.558210020214833e-6
12.9	4.547474308401428e-6
12.91	4.5367724098018155e-6
12.92	4.526104187174288e-6
12.93	4.515469505472089e-6
12.94	4.504868231300594e-6
12.950000000000001	4.4943002326170935e-6
12.96	4.483765378615685e-6
12.97	4.473263539766748e-6
12.98	4.46279458800983e-6
12.99	4.4523583970685306e-6
13.	4.441954842535819e-6
13.01	4.431583799951017e-6
13.02	4.421245135715203e-6
13.030000000000001	4.410938691396415e-6
13.040000000000001	4.400664303688864e-6
13.05	4.3904218627085035e-6
13.06	4.380211285122474e-6
13.07	4.3700324641137435e-6
13.08	4.359885275537252e-6
13.09	4.349769592012227e-6
13.1	4.339685287497325e-6
13.11	4.329632237772855e-6
13.120000000000001	4.319610320116298e-6
13.13	4.309619412991612e-6
13.14	4.299659395864329e-6
13.15	4.2897301491263584e-6
13.16	4.279831554113586e-6
13.17	4.269963493214527e-6
13.18	4.260125850054134e-6
13.19	4.250318509568344e-6
13.200000000000001	4.240541357041419e-6
13.21	4.230794273557085e-6
13.22	4.2210771288477455e-6
13.23	4.211389791410578e-6
13.24	4.20173214891564e-6
13.25	4.192104092060903e-6
13.26	4.1825055123242856e-6
13.27	4.172936309164134e-6
13.280000000000001	4.1633963766792546e-6
13.290000000000001	4.153885602303134e-6
13.3	4.1444038721403704e-6
13.31	4.134951073200344e-6
13.32	4.125527093679433e-6
13.33	4.116131822809191e-6
13.34	4.106765150711428e-6
13.35	4.0974269683302805e-6
13.36	4.088117167431711e-6
13.370000000000001	4.078835640609608e-6
13.38	4.069582281022743e-6
13.39	4.06035698095497e-6
13.4	4.05115962851276e-6
13.41	4.041990108970639e-6
13.42	4.032848317053195e-6
13.43	4.0237341562848884e-6
13.44	4.014647526910405e-6
13.450000000000001	4.005588325151281e-6
13.46	3.996556446447987e-6
13.47	3.987551786774802e-6
13.48	3.978574242841416e-6
13.49	3.969623712037569e-6
13.5	3.9607000923639675e-6
13.51	3.951803282389764e-6
13.52	3.942933181236185e-6
13.530000000000001	3.9340896885826045e-6
13.540000000000001	3.925272704689476e-6
13.55	3.916482130405282e-6
13.56	3.907717866997719e-6
13.57	3.8989798153436375e-6
13.58	3.890267874511068e-6
13.59	3.881581943549626e-6
13.6	3.872921926872899e-6
13.61	3.864287731984125e-6
13.620000000000001	3.855679264990157e-6
13.63	3.847096431169259e-6
13.64	3.838539135668079e-6
13.65	3.830007281058683e-6
13.66	3.821500762330524e-6
13.67	3.8130194729918625e-6
13.68	3.8045633238370456e-6
13.69	3.7961322347339098e-6
13.700000000000001	3.7877261183653675e-6
13.71	3.7793448820556004e-6
13.72	3.7709884323318077e-6
13.73	3.7626566763795093e-6
13.74	3.7543495219535433e-6
13.75	3.7460668766546185e-6
13.76	3.7378086479402245e-6
13.77	3.7295747453345755e-6
13.780000000000001	3.721365080552027e-6
13.790000000000001	3.7131795651317362e-6
13.8	3.705018110140857e-6
13.81	3.696880626789082e-6
13.82	3.688767026694741e-6
13.83	3.680677221925413e-6
13.84	3.6726111249849336e-6
13.85	3.6645686487975546e-6
13.86	3.6565497066979333e-6
13.870000000000001	3.648554212427021e-6
13.88	3.6405820801324062e-6
13.89	3.6326332243676127e-6
13.9	3.624707560064709e-6
13.91	3.616805002400655e-6
13.92	3.608925466530123e-6
13.93	3.6010688678022033e-6
13.94	3.593235122758545e-6
13.950000000000001	3.5854241488825134e-6
13.96	3.5776358636955843e-6
13.97	3.5698701848035558e-6
13.98	3.5621270301761928e-6
13.99	3.554406318289067e-6
14.	3.5467079682169327e-6
14.01	3.539031899723961e-6
14.02	3.5313780332057113e-6
14.030000000000001	3.523746288770648e-6
14.040000000000001	3.5161365829219823e-6
14.05	3.5085488254695853e-6
14.06	3.500982930239085e-6
14.07	3.493438826557508e-6
14.08	3.485916445420462e-6
14.09	3.478415710877872e-6
14.1	3.470936544107022e-6
14.11	3.4634788665487746e-6
14.120000000000001	3.4560426002331183e-6
14.13	3.4486276676565187e-6
14.14	3.4412339917904235e-6
14.15	3.433861496062015e-6
14.16	3.426510104315195e-6
14.17	3.419179740778187e-6
14.18	3.4118703300418634e-6
14.19	3.404581797046107e-6
14.200000000000001	3.3973140670713604e-6
14.21	3.3900670657331627e-6
14.22	3.382840718976029e-6
14.23	3.375634953056413e-6
14.24	3.3684496944994516e-6
14.25	3.3612848700830968e-6
14.26	3.3541404069823397e-6
14.27	3.34701623283409e-6
14.280000000000001	3.3399122755700254e-6
14.290000000000001	3.332828463366672e-6
14.3	3.3257647246914257e-6
14.31	3.3187209883302747e-6
14.32	3.311697183398942e-6
14.33	3.3046932393537896e-6
14.34	3.29770908601087e-6
14.35	3.2907446535798396e-6
14.36	3.2837998727196343e-6
14.370000000000001	3.276874674610824e-6
14.38	3.2699689909610376e-6
14.39	3.2630827535327195e-6
14.4	3.2562158921029144e-6
14.41	3.249368331467393e-6
14.42	3.2425399967320606e-6
14.43	3.235730824423925e-6
14.44	3.228940755293593e-6
14.450000000000001	3.2221697252366263e-6
14.46	3.215417667147672e-6
14.47	3.2086845135868222e-6
14.48	3.2019701975733577e-6
14.49	3.195274652648646e-6
14.5	3.188597812804204e-6
14.51	3.1819396124160284e-6
14.52	3.1752999862014664e-6
14.530000000000001	3.168678869192247e-6
14.540000000000001	3.1620761967154153e-6
14.55	3.1554919043760623e-6
14.56	3.1489259280516716e-6
14.57	3.142378203913371e-6
14.58	3.1358486684251195e-6
14.59	3.129337258314456e-6
14.6	3.1228439105671303e-6
14.61	3.1163685624328576e-6
14.620000000000001	3.109911151427574e-6
14.63	3.1034716153336565e-6
14.64	3.097049892200242e-6
14.65	3.09064592034475e-6
14.66	3.0842596383563724e-6
14.67	3.077890985102856e-6
14.68	3.071539899742581e-6
14.69	3.0652063217449297e-6
14.700000000000001	3.05889019092315e-6
14.71	3.052591447484657e-6
14.72	3.046310032060887e-6
14.73	3.040045885467313e-6
14.74	3.033798947507022e-6
14.75	3.0275691547822783e-6
14.76	3.0213564430542847e-6
14.77	3.015160755393513e-6
14.780000000000001	3.008982039096236e-6
14.790000000000001	3.0028202385046836e-6
14.8	2.996675295625102e-6
14.81	2.9905471521197e-6
14.82	2.984435749980008e-6
14.83	2.978341031603032e-6
14.84	2.9722629397445964e-6
14.85	2.966201417471456e-6
14.86	2.960156408131968e-6
14.870000000000001	2.9541278553398133e-6
14.88	2.9481157029589148e-6
14.89	2.9421198950932914e-6
14.9	2.9361403760828886e-6
14.91	2.9301770905009027e-6
14.92	2.924229983151529e-6
14.93	2.918298999068145e-6
14.94	2.9123840835119787e-6
14.950000000000001	2.9064851819712283e-6
14.96	2.900602240160717e-6
14.97	2.8947352040221993e-6
14.98	2.8888840197255554e-6
14.99	2.8830486336715585e-6
15.	2.877228992498398e-6
15.01	2.8714250430942405e-6
15.02	2.8656367326156625e-6
15.030000000000001	2.859864008515028e-6
15.040000000000001	2.854106818566632e-6
15.05	2.848365110804719e-6
15.06	2.842638833048987e-6
15.07	2.836927931589878e-6
15.08	2.8312323510275415e-6
15.09	2.8255520390795824e-6
15.1	2.819886947946534e-6
15.11	2.8142370290601136e-6
15.120000000000001	2.8086022319321566e-6
15.13	2.8029825055585365e-6
15.14	2.797377799115751e-6
15.15	2.7917880620914705e-6
15.16	2.7862132442666687e-6
15.17	2.780653295682481e-6
15.18	2.7751081666164775e-6
15.19	2.769577807567786e-6
15.200000000000001	2.76406216924785e-6
15.21	2.758561202574558e-6
15.22	2.753074858668363e-6
15.23	2.7476030888496252e-6
15.24	2.742145844636692e-6
15.25	2.7367030777445005e-6
15.26	2.7312747400835643e-6
15.27	2.7258607837593703e-6
15.280000000000001	2.7204611610724633e-6
15.290000000000001	2.7150758245192922e-6
15.3	2.709704726793923e-6
15.31	2.704347820791774e-6
15.32	2.699005059616812e-6
15.33	2.693676396593882e-6
15.34	2.6883617852865726e-6
15.35	2.6830611795087336e-6
15.36	2.6777745332595727e-6
15.370000000000001	2.6725018003476664e-6
15.38	2.6672429335497386e-6
15.39	2.6619978850362644e-6
15.4	2.656766609512448e-6
15.41	2.6515490638893e-6
15.42	2.6463452042491467e-6
15.43	2.641154985731118e-6
15.44	2.6359783633477077e-6
15.450000000000001	2.6308152923058084e-6
15.46	2.6256657280534896e-6
15.47	2.6205296262643758e-6
15.48	2.615406942818584e-6
15.49	2.6102976337894394e-6
15.5	2.6052016554350978e-6
15.51	2.600118964193259e-6
15.52	2.595049516677457e-6
15.530000000000001	2.5899932696737324e-6
15.540000000000001	2.584950180137788e-6
15.55	2.5799202051967763e-6
15.56	2.574903302152719e-6
15.57	2.569899428477982e-6
15.58	2.5649085418118296e-6
15.59	2.559930599961931e-6
15.6	2.554965560906763e-6
15.610000000000001	2.550013382798781e-6
15.620000000000001	2.5450740239698056e-6
15.63	2.5401474429397093e-6
15.64	2.5352335984262117e-6
15.65	2.530332449335538e-6
15.66	2.5254439546475478e-6
15.67	2.520568073024652e-6
15.68	2.5157047625169442e-6
15.69	2.510853981876646e-6
15.700000000000001	2.506015691682472e-6
15.71	2.5011898527067816e-6
15.72	2.4963764250892593e-6
15.73	2.4915753687782225e-6
15.74	2.4867866438389065e-6
15.75	2.482010210524775e-6
15.76	2.4772460292761435e-6
15.77	2.4724940607084504e-6
15.780000000000001	2.467754265602963e-6
15.790000000000001	2.463026604900699e-6
15.8	2.458311039698526e-6
15.81	2.4536075312466115e-6
15.82	2.44891604094665e-6
15.83	2.444236530350579e-6
15.84	2.4395689611596215e-6
15.85	2.4349132952235843e-6
15.860000000000001	2.430269494540406e-6
15.870000000000001	2.4256375212560265e-6
15.88	2.4210173376647263e-6
15.89	2.4164089062102325e-6
15.9	2.4118121894880803e-6
15.91	2.407227150249738e-6
15.92	2.4026537514079793e-6
15.93	2.3980919560357795e-6
15.94	2.3935417273222616e-6
15.950000000000001	2.3890030283941053e-6
15.96	2.3844758220840557e-6
15.97	2.3799600714369917e-6
15.98	2.3754557405604587e-6
15.99	2.3709627939403555e-6
16.	2.3664811957715515e-6
16.01	2.362010910139772e-6
16.02	2.3575519012258304e-6
16.03	2.35310413336228e-6
16.04	2.348667571036292e-6
16.05	2.3442421788832193e-6
16.06	2.33982792168096e-6
16.07	2.335424764346143e-6
16.080000000000002	2.331032671931661e-6
16.09	2.3266516096248446e-6
16.1	2.3222815427452877e-6
16.11	2.3179224367411254e-6
16.12	2.313574257187254e-6
16.13	2.309236969794821e-6
16.14	2.3049105404156597e-6
16.15	2.3005949350306736e-6
16.16	2.2962901197464836e-6
16.17	2.291996060799457e-6
16.18	2.2877127245592625e-6
16.19	2.2834400775318164e-6
16.2	2.2791780863593504e-6
16.21	2.274926717801296e-6
16.22	2.270685938650121e-6
16.23	2.2664557155985446e-6
16.240000000000002	2.2622360154434747e-6
16.25	2.258026805575126e-6
16.26	2.2538280536974066e-6
16.27	2.2496397274203603e-6
16.28	2.2454617943293595e-6
16.29	2.2412942221018994e-6
16.3	2.2371369785431813e-6
16.31	2.232990031588876e-6
16.32	2.2288533493016136e-6
16.330000000000002	2.224726899867691e-6
16.34	2.220610651594736e-6
16.35	2.2165045729100996e-6
16.36	2.2124086323597346e-6
16.37	2.2083227986073095e-6
16.38	2.2042470404335428e-6
16.39	2.200181326735627e-6
16.4	2.196125626526795e-6
16.41	2.192079908936007e-6
16.42	2.1880441432078583e-6
16.43	2.1840182987027645e-6
16.44	2.1800023448976287e-6
16.45	2.1759962513869412e-6
16.46	2.17199998788298e-6
16.47	2.1680135242079997e-6
16.48	2.164036830256583e-6
16.490000000000002	2.160069875925077e-6
16.5	2.1561126311820013e-6
16.51	2.1521650663290516e-6
16.52	2.1482271519094444e-6
16.53	2.1442988584749227e-6
16.54	2.140380156602305e-6
16.55	2.136471016957278e-6
16.56	2.132571410316046e-6
16.57	2.1286813075675185e-6
16.580000000000002	2.1248006797114873e-6
16.59	2.1209294978567807e-6
16.6	2.1170677332199196e-6
16.61	2.1132153571240917e-6
16.62	2.109372340997624e-6
16.63	2.105538656370504e-6
16.64	2.1017142748702065e-6
16.65	2.09789916822956e-6
16.66	2.094093308299717e-6
16.67	2.0902966670386976e-6
16.68	2.0865092165008246e-6
16.69	2.0827309288397933e-6
16.7	2.0789617763122106e-6
16.71	2.0752017312786307e-6
16.72	2.0714507662010195e-6
16.73	2.0677088536283235e-6
16.740000000000002	2.063975966161906e-6
16.75	2.060252076463454e-6
16.76	2.0565371573813263e-6
16.77	2.0528311819555357e-6
16.78	2.049134123288707e-6
16.79	2.0454459545321404e-6
16.8	2.0417666489198158e-6
16.81	2.038096179782775e-6
16.82	2.0344345205511214e-6
16.830000000000002	2.030781644753081e-6
16.84	2.0271375260138282e-6
16.85	2.0235021380545435e-6
16.86	2.019875454691706e-6
16.87	2.0162574498364927e-6
16.88	2.0126480974942987e-6
16.89	2.009047371764284e-6
16.9	2.0054552468389906e-6
16.91	2.0018716970039908e-6
16.92	1.998296696637611e-6
16.93	1.9947302202107398e-6
16.94	1.9911722422867486e-6
16.95	1.9876227375214907e-6
16.96	1.984081680662665e-6
16.97	1.980549046545771e-6
16.98	1.977024810080659e-6
16.990000000000002	1.973508946239844e-6
17.	1.9700014301010164e-6
17.01	1.966502236889194e-6
17.02	1.9630113419220115e-6
17.03	1.9595287205779027e-6
17.04	1.9560543483105043e-6
17.05	1.9525882006594585e-6
17.06	1.9491302532528123e-6
17.07	1.9456804818067274e-6
17.080000000000002	1.9422388621248496e-6
17.09	1.9388053700976906e-6
17.1	1.9353799817016455e-6
17.11	1.9319626729962992e-6
17.12	1.9285534201197155e-6
17.13	1.925152199292178e-6
17.14	1.9217589868318516e-6
17.150000000000002	1.9183737591492624e-6
17.16	1.914996492732651e-6
17.17	1.911627164148631e-6
17.18	1.908265750045964e-6
17.19	1.9049122271567254e-6
17.2	1.9015665722956804e-6
17.21	1.898228762356823e-6
17.22	1.8948987743053897e-6
17.23	1.8915765851787901e-6
17.240000000000002	1.888262172114394e-6
17.25	1.8849555123515455e-6
17.26	1.8816565832022887e-6
17.27	1.878365362047424e-6
17.28	1.875081826343913e-6
17.29	1.8718059536279624e-6
17.3	1.8685377215152617e-6
17.31	1.8652771077005515e-6
17.32	1.8620240899571188e-6
17.330000000000002	1.858778646136364e-6
17.34	1.8555407541674113e-6
17.35	1.8523103920567381e-6
17.36	1.8490875378878587e-6
17.37	1.8458721698209885e-6
17.38	1.8426642660927534e-6
17.39	1.8394638050158971e-6
17.400000000000002	1.836270764979025e-6
17.41	1.8330851244463746e-6
17.42	1.8299068619575528e-6
17.43	1.8267359561269957e-6
17.44	1.8235723856421356e-6
17.45	1.8204161292595952e-6
17.46	1.817267165806286e-6
17.47	1.8141254741922574e-6
17.48	1.8109910334097895e-6
17.490000000000002	1.8078638225201898e-6
17.5	1.8047438206526742e-6
17.51	1.8016310070075915e-6
17.52	1.7985253608576095e-6
17.53	1.7954268615477204e-6
17.54	1.7923354884949366e-6
17.55	1.789251221187531e-6
17.56	1.7861740391827458e-6
17.57	1.7831039221027495e-6
17.580000000000002	1.7800408496380398e-6
17.59	1.7769848015610222e-6
17.6	1.7739357577209911e-6
17.61	1.770893698031498e-6
17.62	1.7678586024709431e-6
17.63	1.7648304510857492e-6
17.64	1.7618092239912885e-6
17.650000000000002	1.7587949013717043e-6
17.66	1.7557874634791089e-6
17.67	1.752786890631836e-6
17.68	1.7497931632135127e-6
17.69	1.7468062616776836e-6
17.7	1.743826166550188e-6
17.71	1.7408528584231216e-6
17.72	1.7378863179525942e-6
17.73	1.7349265258599952e-6
17.740000000000002	1.7319734629326347e-6
17.75	1.729027110023657e-6
17.76	1.7260874480517652e-6
17.77	1.7231544580009307e-6
17.78	1.7202281209200967e-6
17.79	1.7173084179229148e-6
17.8	1.714395330187463e-6
17.81	1.7114888389560014e-6
17.82	1.708588925534704e-6
17.830000000000002	1.7056955712934185e-6
17.84	1.7028087576654195e-6
17.85	1.6999284661471677e-6
17.86	1.697054678298077e-6
17.87	1.6941873757402056e-6
17.88	1.6913265401577005e-6
17.89	1.6884721532958651e-6
17.900000000000002	1.6856241969612908e-6
17.91	1.6827826530242028e-6
17.92	1.6799475034179018e-6
17.93	1.677118730136087e-6
17.94	1.6742963152325765e-6
17.95	1.6714802408218002e-6
17.96	1.668670489078869e-6
17.97	1.6658670422392342e-6
17.98	1.663069882597387e-6
17.990000000000002	1.660278992503869e-6
18.	1.657494354365094e-6
18.01	1.6547159506532543e-6
18.02	1.6519437639079287e-6
18.03	1.649177776725096e-6
18.04	1.6464179717550808e-6
18.05	1.6436643317051932e-6
18.06	1.6409168393408562e-6
18.07	1.6381754774856147e-6
18.080000000000002	1.6354402290208495e-6
18.09	1.6327110768853838e-6
18.1	1.6299880040749105e-6
18.11	1.627270993641802e-6
18.12	1.6245600286959288e-6
18.13	1.6218550924045324e-6
18.14	1.6191561679908814e-6
18.150000000000002	1.6164632387339277e-6
18.16	1.6137762879683687e-6
18.17	1.611095299084558e-6
18.18	1.608420255528317e-6
18.19	1.605751140800701e-6
18.2	1.6030879384577898e-6
18.21	1.6004306321104598e-6
18.22	1.597779205424174e-6
18.23	1.5951336421187642e-6
18.240000000000002	1.592493925968223e-6
18.25	1.5898600408004937e-6
18.26	1.5872319704972619e-6
18.27	1.5846096989937518e-6
18.28	1.5819932102785188e-6
18.29	1.5793824883932305e-6
18.3	1.5767775174323777e-6
18.31	1.5741782815429737e-6
18.32	1.5715847649245573e-6
18.330000000000002	1.5689969518294458e-6
18.34	1.566414826562261e-6
18.35	1.563838373479435e-6
18.36	1.5612675769891258e-6
18.37	1.5587024215510057e-6
18.38	1.5561428916753545e-6
18.39	1.5535889719209156e-6
18.400000000000002	1.5510406468948415e-6
18.41	1.5484979012596605e-6
18.42	1.545960719734182e-6
18.43	1.5434290870857643e-6
18.44	1.5409029881289427e-6
18.45	1.538382407727251e-6
18.46	1.5358673307939497e-6
18.47	1.5333577422920091e-6
18.48	1.5308536272338769e-6
18.490000000000002	1.5283549706812497e-6
18.5	1.5258617577448176e-6
18.51	1.5233739735840053e-6
18.52	1.5208916034068476e-6
18.53	1.5184146324699767e-6
18.54	1.5159430460783425e-6
18.55	1.5134768295848666e-6
18.56	1.5110159683902841e-6
18.57	1.5085604479429989e-6
18.580000000000002	1.5061102537389178e-6
18.59	1.5036653713212734e-6
18.6	1.501225786280437e-6
18.61	1.4987914842537412e-6
18.62	1.496362450925299e-6
18.63	1.4939386720258289e-6
18.64	1.4915201333324735e-6
18.650000000000002	1.4891068206686281e-6
18.66	1.4866987199037638e-6
18.67	1.4842958169532547e-6
18.68	1.4818980977782062e-6
18.69	1.4795055483852795e-6
18.7	1.4771181548265144e-6
18.71	1.4747359031991492e-6
18.72	1.472358779645533e-6
18.73	1.4699867703530264e-6
18.740000000000002	1.4676198615537873e-6
18.75	1.465258039524496e-6
18.76	1.4629012905857212e-6
18.77	1.4605496011005048e-6
18.78	1.4582029574742795e-6
18.79	1.4558613461593863e-6
18.8	1.4535247536556141e-6
18.81	1.4511931665051359e-6
18.82	1.4488665712915635e-6
18.830000000000002	1.4465449546411072e-6
18.84	1.4442283032230089e-6
18.85	1.4419166037494887e-6
18.86	1.439609842975564e-6
18.87	1.437308007698861e-6
18.88	1.435011084759434e-6
18.89	1.4327190610395823e-6
18.900000000000002	1.4304319234636861e-6
18.91	1.4281496589980565e-6
18.92	1.4258722546507954e-6
18.93	1.4235996974716272e-6
18.94	1.4213319745517081e-6
18.95	1.419069073023491e-6
18.96	1.4168109800605738e-6
18.97	1.414557682877542e-6
18.98	1.4123091687298153e-6
18.990000000000002	1.4100654249134975e-6
19.	1.4078264387652266e-6
19.01	1.40559219766202e-6
19.02	1.4033626890211297e-6
19.03	1.4011379002998879e-6
19.04	1.3989178189955635e-6
19.05	1.3967024326452117e-6
19.06	1.3944917288255389e-6
19.07	1.392285695152747e-6
19.080000000000002	1.3900843192824072e-6
19.09	1.3878875889093218e-6
19.1	1.3856954917674061e-6
19.11	1.3835080156295379e-6
19.12	1.3813251483071955e-6
19.13	1.379146877649646e-6
19.14	1.376973191543355e-6
19.150000000000002	1.374804077914131e-6
19.16	1.3726395247287376e-6
19.17	1.3704795199919573e-6
19.18	1.3683240517451751e-6
19.19	1.3661731080669819e-6
19.2	1.3640266770735475e-6
19.21	1.3618847469185884e-6
19.22	1.3597473057932305e-6
19.23	1.357614341925852e-6
19.240000000000002	1.3554858435819322e-6
19.25	1.353361799063907e-6
19.26	1.3512421967110236e-6
19.27	1.3491270248992071e-6
19.28	1.3470162720409192e-6
19.29	1.3449099265850324e-6
19.3	1.342807977016689e-6
19.31	1.3407104118571687e-6
19.32	1.3386172196637506e-6
19.330000000000002	1.3365283890295881e-6
19.34	1.3344439085835764e-6
19.35	1.332363766990216e-6
19.36	1.330287952949493e-6
19.37	1.328216455196739e-6
19.38	1.3261492625025123e-6
19.39	1.3240863636724617e-6
19.400000000000002	1.3220277475472057e-6
19.41	1.3199734030022055e-6
19.42	1.31792331894764e-6
19.43	1.3158774843282926e-6
19.44	1.3138358881234273e-6
19.45	1.3117985193466752e-6
19.46	1.309765367045885e-6
19.47	1.3077364203028214e-6
19.48	1.3057116682325847e-6
19.490000000000002	1.3036910999835468e-6
19.5	1.3016747047389095e-6
19.51	1.2996624717167779e-6
19.52	1.2976543901682938e-6
19.53	1.2956504493772656e-6
19.54	1.2936506386605219e-6
19.55	1.2916549473679937e-6
19.56	1.2896633648826373e-6
19.57	1.2876758806202963e-6
19.580000000000002	1.285692484029582e-6
19.59	1.2837131645917484e-6
19.6	1.281737911820575e-6
19.61	1.2797667152622415e-6
19.62	1.2777995644952013e-6
19.63	1.2758364491300696e-6
19.64	1.2738773588095067e-6
19.650000000000002	1.2719222832081055e-6
19.66	1.2699712120322737e-6
19.67	1.2680241350201174e-6
19.68	1.2660810419413331e-6
19.69	1.2641419225970868e-6
19.7	1.2622067668199075e-6
19.71	1.2602755644735684e-6
19.72	1.2583483054529831e-6
19.73	1.2564249796840876e-6
19.740000000000002	1.2545055771237318e-6
19.75	1.2525900877595758e-6
19.76	1.2506785016099745e-6
19.77	1.2487708087238805e-6
19.78	1.2468669991807343e-6
19.79	1.2449670630903579e-6
19.8	1.24307099059278e-6
19.81	1.2411787718579277e-6
19.82	1.2392903970853463e-6
19.830000000000002	1.2374058565047686e-6
19.84	1.2355251403766648e-6
19.85	1.2336482389912738e-6
19.86	1.2317751426680185e-6
19.87	1.2299058417556324e-6
19.88	1.2280403266322272e-6
19.89	1.2261785877052305e-6
19.900000000000002	1.2243206154112792e-6
19.91	1.222466400216116e-6
19.92	1.2206159326144718e-6
19.93	1.2187692031299699e-6
19.94	1.2169262023150136e-6
19.95	1.2150869207506889e-6
19.96	1.2132513490466579e-6
19.97	1.2114194778410597e-6
19.98	1.2095912978004086e-6
19.990000000000002	1.2077667996194943e-6
20.	1.2059459740212811e-6