# COMMENT
# # cutUV cutIR samples
# 100.000000 0.000100 200# UV PARAMS
# beta gam massSq(UV) lam(UV)
# 0.250000 0.030000 1.000000 4.000000
# IR PARAMS
# massSq(IR) lam(IR) mu6(UR) mu8(UR) mu10(UR)
# 2.989074 1.392277 2.147189 0.000000 0.000000
# LATTICE PARAMS
# pos_count extent
# 320 8.000000
# Spectral function (PDE)
# p rho
0.000000 0.000098
0.025000 0.000236
0.050000 0.000369
0.075000 0.000506
0.100000 0.000644
0.125000 0.000784
0.150000 0.000925
0.175000 0.001070
0.200000 0.001218
0.225000 0.001370
0.250000 0.001526
0.275000 0.001686
0.300000 0.001854
0.325000 0.002028
0.350000 0.002210
0.375000 0.002400
0.400000 0.002599
0.425000 0.002810
0.450000 0.003033
0.475000 0.003269
0.500000 0.003522
0.525000 0.003790
0.550000 0.004080
0.575000 0.004391
0.600000 0.004725
0.625000 0.005088
0.650000 0.005481
0.675000 0.005909
0.700000 0.006377
0.725000 0.006887
0.750000 0.007449
0.775000 0.008068
0.800000 0.008750
0.825000 0.009504
0.850000 0.010344
0.875000 0.011274
0.900000 0.012313
0.925000 0.013470
0.950000 0.014766
0.975000 0.016218
1.000000 0.017846
1.025000 0.019670
1.050000 0.021722
1.075000 0.024025
1.100000 0.026607
1.125000 0.029505
1.150000 0.032746
1.175000 0.036359
1.200000 0.040366
1.225000 0.044795
1.250000 0.049652
1.275000 0.054929
1.300000 0.060609
1.325000 0.066654
1.350000 0.072967
1.375000 0.079478
1.400000 0.086062
1.425000 0.092593
1.450000 0.098904
1.475000 0.104875
1.500000 0.110366
1.525000 0.115300
1.550000 0.119572
1.575000 0.123209
1.600000 0.126171
1.625000 0.128522
1.650000 0.130287
1.675000 0.131561
1.700000 0.132404
1.725000 0.132887
1.750000 0.133060
1.775000 0.132978
1.800000 0.132659
1.825000 0.132114
1.850000 0.131342
1.875000 0.130297
1.900000 0.128949
1.925000 0.127228
1.950000 0.125062
1.975000 0.122381
2.000000 0.119107
2.025000 0.115213
2.050000 0.110646
2.075000 0.105443
2.100000 0.099664
2.125000 0.093410
2.150000 0.086828
2.175000 0.080079
2.200000 0.073338
2.225000 0.066747
2.250000 0.060441
2.275000 0.054516
2.300000 0.049038
2.325000 0.044037
2.350000 0.039511
2.375000 0.035463
2.400000 0.031854
2.425000 0.028657
2.450000 0.025825
2.475000 0.023326
2.500000 0.021120
2.525000 0.019170
2.550000 0.017447
2.575000 0.015922
2.600000 0.014566
2.625000 0.013361
2.650000 0.012286
2.675000 0.011324
2.700000 0.010461
2.725000 0.009685
2.750000 0.008987
2.775000 0.008353
2.800000 0.007780
2.825000 0.007258
2.850000 0.006784
2.875000 0.006351
2.900000 0.005957
2.925000 0.005593
2.950000 0.005260
2.975000 0.004953
3.000000 0.004671
3.025000 0.004410
3.050000 0.004169
3.075000 0.003946
3.100000 0.003739
3.125000 0.003547
3.150000 0.003368
3.175000 0.003201
3.200000 0.003046
3.225000 0.002901
3.250000 0.002765
3.275000 0.002638
3.300000 0.002519
3.325000 0.002408
3.350000 0.002303
3.375000 0.002204
3.400000 0.002111
3.425000 0.002023
3.450000 0.001941
3.475000 0.001863
3.500000 0.001789
3.525000 0.001719
3.550000 0.001653
3.575000 0.001590
3.600000 0.001530
3.625000 0.001474
3.650000 0.001420
3.675000 0.001369
3.700000 0.001321
3.725000 0.001274
3.750000 0.001230
3.775000 0.001189
3.800000 0.001149
3.825000 0.001111
3.850000 0.001075
3.875000 0.001040
3.900000 0.001007
3.925000 0.000976
3.950000 0.000946
3.975000 0.000917
4.000000 0.000890
4.025000 0.000864
4.050000 0.000840
4.075000 0.000816
4.100000 0.000794
4.125000 0.000772
4.150000 0.000752
4.175000 0.000732
4.200000 0.000714
4.225000 0.000696
4.250000 0.000679
4.275000 0.000663
4.300000 0.000648
4.325000 0.000634
4.350000 0.000620
4.375000 0.000607
4.400000 0.000594
4.425000 0.000582
4.450000 0.000571
4.475000 0.000560
4.500000 0.000550
4.525000 0.000540
4.550000 0.000531
4.575000 0.000522
4.600000 0.000514
4.625000 0.000505
4.650000 0.000498
4.675000 0.000490
4.700000 0.000483
4.725000 0.000477
4.750000 0.000470
4.775000 0.000464
4.800000 0.000458
4.825000 0.000452
4.850000 0.000447
4.875000 0.000441
4.900000 0.000436
4.925000 0.000431
4.950000 0.000426
4.975000 0.000421
5.000000 0.000416
5.025000 0.000412
5.050000 0.000407
5.075000 0.000402
5.100000 0.000398
5.125000 0.000393
5.150000 0.000388
5.175000 0.000384
5.200000 0.000379
5.225000 0.000374
5.250000 0.000369
5.275000 0.000365
5.300000 0.000360
5.325000 0.000355
5.350000 0.000350
5.375000 0.000345
5.400000 0.000339
5.425000 0.000334
5.450000 0.000328
5.475000 0.000323
5.500000 0.000317
5.525000 0.000312
5.550000 0.000306
5.575000 0.000300
5.600000 0.000294
5.625000 0.000288
5.650000 0.000282
5.675000 0.000275
5.700000 0.000269
5.725000 0.000263
5.750000 0.000256
5.775000 0.000250
5.800000 0.000243
5.825000 0.000237
5.850000 0.000230
5.875000 0.000224
5.900000 0.000217
5.925000 0.000211
5.950000 0.000204
5.975000 0.000198
6.000000 0.000191
6.025000 0.000185
6.050000 0.000179
6.075000 0.000173
6.100000 0.000167
6.125000 0.000162
6.150000 0.000156
6.175000 0.000151
6.200000 0.000145
6.225000 0.000140
6.250000 0.000135
6.275000 0.000130
6.300000 0.000126
6.325000 0.000121
6.350000 0.000117
6.375000 0.000113
6.400000 0.000109
6.425000 0.000106
6.450000 0.000102
6.475000 0.000099
6.500000 0.000095
6.525000 0.000092
6.550000 0.000089
6.575000 0.000086
6.600000 0.000084
6.625000 0.000081
6.650000 0.000079
6.675000 0.000076
6.700000 0.000074
6.725000 0.000072
6.750000 0.000070
6.775000 0.000068
6.800000 0.000066
6.825000 0.000064
6.850000 0.000063
6.875000 0.000061
6.900000 0.000060
6.925000 0.000058
6.950000 0.000057
6.975000 0.000055
7.000000 0.000054
7.025000 0.000053
7.050000 0.000052
7.075000 0.000050
7.100000 0.000049
7.125000 0.000048
7.150000 0.000047
7.175000 0.000046
7.200000 0.000045
7.225000 0.000044
7.250000 0.000043
7.275000 0.000042
7.300000 0.000042
7.325000 0.000041
7.350000 0.000040
7.375000 0.000039
7.400000 0.000039
7.425000 0.000038
7.450000 0.000037
7.475000 0.000036
7.500000 0.000036
7.525000 0.000035
7.550000 0.000035
7.575000 0.000034
7.600000 0.000033
7.625000 0.000033
7.650000 0.000032
7.675000 0.000032
7.700000 0.000031
7.725000 0.000031
7.750000 0.000030
7.775000 0.000030
7.800000 0.000029
7.825000 0.000029
7.850000 0.000028
7.875000 0.000028
7.900000 0.000027
7.925000 0.000027
7.950000 0.000027
7.975000 0.000026
