0.	0.
0.01	0.000024941724154921063
0.02	0.00004989947444962537
0.03	0.00007488930334313533
0.04	0.00009992731601501303
0.05	0.00012502969693120014
0.06	0.00015021273665771114
0.07	0.00017549285900675559
0.08	0.000200886648601564
0.09	0.00022641087894833547
0.1	0.0002520825411063372
0.11	0.0002779188730502816
0.12	0.0003039373898227067
0.13	0.00033015591457823
0.14	0.0003565926106262498
0.15	0.00038326601458398273
0.16	0.00041019507075769275
0.17	0.0004373991668766127
0.18	0.00046489817131148246
0.19	0.0004927124719178291
0.2	0.0005208630166532263
0.21	0.0005493713561278074
0.22	0.0005782596882584153
0.23	0.0006075509052089903
0.24	0.0006372686428132802
0.25	0.000667437332690793
0.26	0.0006980822572832609
0.27	0.000729229608056861
0.28	0.0007609065471352579
0.29	0.0007931412726503432
0.3	0.0008259630881215793
0.31	0.0008594024762013447
0.32	0.0008934911771528838
0.33	0.0009282622724596924
0.34	0.0009637502740007558
0.35000000000000003	0.000999991219265362
0.36	0.001037022773124699
0.37	0.001074884336725541
0.38	0.001113617164124625
0.39	0.0011532644873414092
0.4	0.0011938716505724505
0.41000000000000003	0.0012354862543834918
0.42	0.001278158310776339
0.43	0.0013219404101177683
0.44	0.0013668879010182082
0.45	0.001413059084360048
0.46	0.0014605154228006952
0.47000000000000003	0.0015093217672155822
0.48	0.0015595466017032033
0.49	0.0016112623089502114
0.5	0.0016645454579520807
0.51	0.0017194771163069765
0.52	0.0017761431895504671
0.53	0.001834634790280723
0.54	0.0018950486401421373
0.55	0.001957487508095419
0.56	0.002022060688809991
0.5700000000000001	0.0020888845254771814
0.58	0.002158082981868469
0.59	0.0022297882690614245
0.6	0.0023041415329383723
0.61	0.0023812936093421475
0.62	0.0024614058546652538
0.63	0.002544651060671198
0.64	0.002631214463521399
0.65	0.002721294858332855
0.66	0.002815105832150942
0.67	0.0029128771300236393
0.68	0.0030148561709504433
0.6900000000000001	0.003121309732901979
0.7000000000000001	0.003232525828924918
0.71	0.003348815799634013
0.72	0.0034705166512360333
0.73	0.0035979936727341716
0.74	0.0037316433712539223
0.75	0.003871896770666628
0.76	0.004019223126053742
0.77	0.004174134115283176
0.78	0.004337188579341468
0.79	0.004508997895429198
0.8	0.004690232081611014
0.81	0.00488162674954794
0.8200000000000001	0.005083991043190135
0.8300000000000001	0.005298216727100331
0.84	0.0055252886193499565
0.85	0.005766296601990007
0.86	0.00602244948860398
0.87	0.006295091085508302
0.88	0.006585718853470964
0.89	0.006896005663834203
0.9	0.007227825251123261
0.91	0.007583282099410132
0.92	0.007964746669466746
0.93	0.00837489708805965
0.9400000000000001	0.008816768692797926
0.9500000000000001	0.009293813173307224
0.96	0.00980996949570162
0.97	0.010369749374138515
0.98	0.010978340803895687
0.99	0.011641734154170226
1.	0.01236687661760593
1.01	0.013161862541682544
1.02	0.0140361694853941
1.03	0.015000952981695837
1.04	0.01606941727021813
1.05	0.01725728517205872
1.06	0.018583398508268525
1.07	0.020070492054688124
1.08	0.0217462005409879
1.09	0.023644382024513102
1.1	0.02580687578646813
1.11	0.028285864497875957
1.12	0.03114708802054089
1.1300000000000001	0.03447427482459098
1.1400000000000001	0.03837534134940508
1.1500000000000001	0.04299120128386455
1.16	0.04850849690566869
1.17	0.055178337573831886
1.18	0.06334442702231277
1.19	0.07348617973933173
1.2	0.08628629384727382
1.21	0.10273908490280761
1.22	0.12432802265929
1.23	0.15332203058022534
1.24	0.19327379739023592
1.25	0.2498409130343835
1.26	0.33200595363320057
1.27	0.4531870567513847
1.28	0.6287344973365318
1.29	0.8565582367929234
1.3	1.0633351155048765
1.31	1.097795383159096
1.32	0.9275884707747982
1.33	0.6956554028879719
1.34	0.5051385413220097
1.35	0.37205059936511115
1.36	0.28283574541305706
1.37	0.22298148701932274
1.3800000000000001	0.18240333891893387
1.3900000000000001	0.15477341666817343
1.4000000000000001	0.136238841229732
1.41	0.12451174284023014
1.42	0.11833373414022864
1.43	0.11720078723686664
1.44	0.12127235135525309
1.45	0.13143917988447054
1.46	0.14956819641478328
1.47	0.17896577831449706
1.48	0.22500270464627908
1.49	0.2951417077644317
1.5	0.3946747081388898
1.51	0.5084172345886186
1.52	0.5743424509792058
1.53	0.5322061252128286
1.54	0.4209006439967728
1.55	0.312157244023235
1.56	0.23194408124841015
1.57	0.1777700641078128
1.58	0.1419795668467574
1.59	0.11860702887334444
1.6	0.10394042195705996
1.61	0.09596679304354311
1.62	0.09392856891385437
1.6300000000000001	0.09814033266372996
1.6400000000000001	0.10994629642684482
1.6500000000000001	0.13127150148134578
1.6600000000000001	0.16181447173479102
1.67	0.19098677983525805
1.68	0.19554410857329826
1.69	0.1684818114560565
1.7	0.13100118086983223
1.71	0.09980443262396964
1.72	0.0778770026718264
1.73	0.06326615774408181
1.74	0.05380769707913928
1.75	0.04809508114754195
1.76	0.04543909620093882
1.77	0.04569907707371702
1.78	0.048989940681864616
1.79	0.05470246671113568
1.8	0.05936993999600001
1.81	0.057422472823134396
1.82	0.048928945455673965
1.83	0.03932249124396616
1.84	0.03172095004109756
1.85	0.026389886050189635
1.86	0.022805748238625564
1.87	0.020507841923349878
1.8800000000000001	0.01923491910076479
1.8900000000000001	0.01886083059668069
1.9000000000000001	0.01917379043363022
1.9100000000000001	0.019433902995081024
1.92	0.01850053254884924
1.93	0.016351777789827056
1.94	0.014043034473624502
1.95	0.012183769246444258
1.96	0.010822002036369063
1.97	0.009851920704818374
1.98	0.00918162585715916
1.99	0.0087503548211174
2.	0.00848094286227359
2.0100000000000002	0.008201019787536255
2.02	0.007724970389639667
2.0300000000000002	0.0071077709188773885
2.04	0.0065235972182024074
2.05	0.0060433824476784455
2.06	0.005661477575273234
2.07	0.005357351585462029
2.08	0.005113605118838188
2.09	0.004910471330929394
2.1	0.00471492175841484
2.11	0.004500407532281985
2.12	0.004279917400455241
2.13	0.004076731672110433
2.14	0.0038974710368322933
2.15	0.0037395305099191443
2.16	0.0035989461400862234
2.17	0.003471640514368605
2.18	0.0033521323890218038
2.19	0.0032356788361133167
2.2	0.003123032327024675
2.21	0.0030169764638870084
2.22	0.00291818238104631
2.23	0.0028259993409144968
2.24	0.0027395471860198637
2.25	0.0026578732587251657
2.2600000000000002	0.002579952895991571
2.27	0.0025052729986780736
2.2800000000000002	0.0024339451699676553
2.29	0.0023660046936619947
2.3000000000000003	0.002301259611718362
2.31	0.00223945375152559
2.32	0.0021803275347370087
2.33	0.002123628927842585
2.34	0.0020691797159732832
2.35	0.0020168837619478673
2.36	0.0019666451791916246
2.37	0.0019183506406988745
2.38	0.0018718862669738303
2.39	0.00182714363885013
2.4	0.00178402364273371
2.41	0.001742442771790691
2.42	0.0017023273041254132
2.43	0.0016636060924206544
2.44	0.0016262108777200471
2.45	0.0015900772992014733
2.46	0.0015551451301166854
2.47	0.0015213587220741685
2.48	0.0014886664372162877
2.49	0.0014570195804048734
2.5	0.0014263721201374269
2.5100000000000002	0.0013966806249346626
2.52	0.0013679041467195082
2.5300000000000002	0.0013400041129459736
2.54	0.0013129441232022688
2.5500000000000003	0.0012866897317809968
2.56	0.0012612083129785886
2.57	0.0012364689504749911
2.58	0.0012124423323666093
2.59	0.0011891006504689545
2.6	0.001166417497939629
2.61	0.0011443677775056984
2.62	0.0011229276210806736
2.63	0.0011020743155955646
2.64	0.0010817862340562914
2.65	0.0010620427708054568
2.66	0.0010428242812710465
2.67	0.0010241120264586165
2.68	0.0010058881214321427
2.69	0.00098813548732185
2.7	0.0009708378065270707
2.71	0.0009539794808936316
2.72	0.0009375455926925466
2.73	0.0009215218681570295
2.74	0.0009058946433656553
2.75	0.0008906508322893827
2.7600000000000002	0.000875777896843566
2.77	0.0008612638188008008
2.7800000000000002	0.0008470970734267861
2.79	0.000833266604713876
2.8000000000000003	0.0008197618020983382
2.81	0.000806572478557387
2.82	0.0007936888499903038
2.83	0.0007811015157953606
2.84	0.0007688014405613705
2.85	0.0007567799367990804
2.86	0.0007450286486434914
2.87	0.0007335395364633897
2.88	0.000722304862319221
2.89	0.000711317176214812
2.9	0.0007005693030925048
2.91	0.000690054330524938
2.92	0.0006797655970600881
2.93	0.0006696966811792909
2.94	0.0006598413908308244
2.95	0.0006501937535042233
2.96	0.0006407480068129558
2.97	0.0006314985895552722
2.98	0.0006224401332251195
2.99	0.0006135674539468842
3.	0.0006048755448095045
3.0100000000000002	0.0005963595685770705
3.02	0.0005880148507545707
3.0300000000000002	0.0005798368729887964
3.04	0.000571821266785722
3.0500000000000003	0.000563963807526857
3.06	0.0005562604087681818
3.0700000000000003	0.0005487071168063001
3.08	0.000541300105497405
3.09	0.0005340356713155308
3.1	0.0005269102286374083
3.11	0.0005199203052419915
3.12	0.0005130625380134614
3.13	0.0005063336688371699
3.14	0.0004997305406786131
3.15	0.000493250093836118
3.16	0.0004868893623584555
3.17	0.0004806454706191189
3.18	0.000474515630039472
3.19	0.00046849713595342973
3.2	0.0004625873646067393
3.21	0.000456783770284337
3.22	0.0004510838825596109
3.23	0.000445485303659756
3.24	0.00043998570594172337
3.25	0.00043458282947358013
3.2600000000000002	0.00042927447971637345
3.27	0.0004240585253018702
3.2800000000000002	0.0004189328959017935
3.29	0.00041389558018442015
3.3000000000000003	0.00040894462385462194
3.31	0.000404078127773664
3.3200000000000003	0.0003992942461552492
3.33	0.0003945911848345157
3.34	0.0003899671996068567
3.35	0.00038542059463360937
3.36	0.00038094972091182454
3.37	0.00037655297480547695
3.38	0.0003722287966356332
3.39	0.00036797566932721945
3.4	0.0003637921171101852
3.41	0.0003596767042729643
3.42	0.0003556280339662829
3.43	0.00035164474705545436
3.44	0.0003477255210194443
3.45	0.0003438690688950727
3.46	0.0003400741382648483
3.47	0.0003363395102870167
3.48	0.00033266399876652307
3.49	0.0003290464492656737
3.5	0.000325485738253391
3.5100000000000002	0.0003219807722920474
3.52	0.0003185304872609681
3.5300000000000002	0.0003151338476157766
3.54	0.00031178984568287625
3.5500000000000003	0.0003084975009884365
3.56	0.00030525585962137565
3.5700000000000003	0.00030206399362992035
3.58	0.0002989210004514424
3.59	0.000295826002375375
3.6	0.0002927781460391384
3.61	0.00028977660195711984
3.62	0.00028682056408289245
3.63	0.00028390924940499134
3.64	0.00028104189757672247
3.65	0.0002782177705806359
3.66	0.00027543615242847793
3.67	0.0002726963488976248
3.68	0.00026999768730521243
3.69	0.0002673395163214108
3.7	0.00026472120582354336
3.71	0.00026214214679303995
3.72	0.0002596017512575227
3.73	0.00025709945228068334
3.74	0.00025463470400299376
3.75	0.0002522069817367492
3.7600000000000002	0.00024981578211942507
3.77	0.00024746062332990654
3.7800000000000002	0.00024514104537277465
3.79	0.0002428566104365641
3.8000000000000003	0.00024060690333272287
3.81	0.0002383915320229462
3.8200000000000003	0.0002362101282436254
3.83	0.00023406234823737757
3.84	0.00023194787360303345
3.85	0.00022986641227707753
3.86	0.00022781769966140634
3.87	0.00022580149991442583
3.88	0.00022381760742502016
3.89	0.00022186584849182174
3.9	0.00021994608323360555
3.91	0.00021805820776057673
3.92	0.0002162021566409493
3.93	0.00021437790570262973
3.94	0.00021258547521621357
3.95	0.00021082493351301588
3.96	0.00020909640110077212
3.97	0.0002074000553502018
3.98	0.00020573613583820018
3.99	0.0002041049504484221
4.	0.0002025068823479865
4.01	0.00020094239798061048
4.0200000000000005	0.00019941205624249059
4.03	0.00019791651903872348
4.04	0.00019645656345626016
4.05	0.00019503309583596327
4.0600000000000005	0.00019364716808331688
4.07	0.0001922999966273574
4.08	0.00019099298452379424
4.09	0.000189727747305381
4.1	0.00018850614331595767
4.11	0.00018733030943146204
4.12	0.00018620270328109008
4.13	0.0001851261533471489
4.14	0.00018410391865953185
4.15	0.00018313976023218287
4.16	0.00018223802694400203
4.17	0.00018140375928537168
4.18	0.00018064281532835942
4.19	0.0001799620245085173
4.2	0.0001793693764326963
4.21	0.00017887425409521835
4.22	0.00017848772379824932
4.23	0.00017822289802196453
4.24	0.00017809539289421897
4.25	0.0001781239093759507
4.26	0.0001783309777018034
4.2700000000000005	0.00017874391932698957
4.28	0.00017939610163919843
4.29	0.00018032859106775558
4.3	0.0001815923547207524
4.3100000000000005	0.00018325122679745088
4.32	0.00018538595574435073
4.33	0.0001880998009487283
4.34	0.00019152638598004236
4.3500000000000005	0.00019584089344274215
4.36	0.000201276297939498
4.37	0.00020814734221412533
4.38	0.00021688665901039523
4.39	0.000228100355214085
4.4	0.00024265546808095061
4.41	0.0002618207227249519
4.42	0.0002874980155577574
4.43	0.00032260966572109995
4.44	0.00037174930563787194
4.45	0.00044224526906613403
4.46	0.000545685627461724
4.47	0.0006990084979822036
4.48	0.0009197345601235356
4.49	0.0011967360678491305
4.5	0.0014218272295138876
4.51	0.0014157349637108315
4.5200000000000005	0.0011835183176021292
4.53	0.0009057263400111757
4.54	0.0006859016922974932
4.55	0.0005330305681597025
4.5600000000000005	0.0004293312497619649
4.57	0.00035805125552084864
4.58	0.000307792228646151
4.59	0.00027135435714510393
4.6000000000000005	0.0002442238196962879
4.61	0.0002235274173090428
4.62	0.0002073941109080601
4.63	0.00019457526280162833
4.64	0.00018421753816735804
4.65	0.00017572472917964252
4.66	0.0001686718537977581
4.67	0.00016275054123763004
4.68	0.00015773354400847514
4.69	0.00015345120357329692
4.7	0.00014977555230638703
4.71	0.0001466093997450306
4.72	0.0001438787422663771
4.73	0.00014152743786698867
4.74	0.00013951346222360986
4.75	0.000137806300654725
4.76	0.00013638518686774658
4.7700000000000005	0.0001352380059018018
4.78	0.00013436075575585618
4.79	0.00013375752336656547
4.8	0.00013344098598002332
4.8100000000000005	0.00013343350756062718
4.82	0.00013376897166968854
4.83	0.0001344955905428735
4.84	0.00013568007504190813
4.8500000000000005	0.00013741377448549464
4.86	0.00013982175457133826
4.87	0.00014307637247931227
4.88	0.00014741790327015176
4.89	0.00015318648309556795
4.9	0.00016087263212810932
4.91	0.00017119893373422927
4.92	0.000185254852565396
4.93	0.00020472275952036604
4.94	0.00023225731013856181
4.95	0.00027209851277911515
4.96	0.0003309122074770556
4.97	0.0004181784703276571
4.98	0.0005424309080894317
4.99	0.0006919924152257138
5.	0.0007980568185137288
5.01	0.0007703523856424313
5.0200000000000005	0.000634920781996404
5.03	0.0004888732481574991
5.04	0.000377048288657953
5.05	0.000299898659342578
5.0600000000000005	0.00024748213053804493
5.07	0.00021127098895457576
5.08	0.00018558219688605686
5.09	0.00016684057113866362
5.1000000000000005	0.00015280163623202446
5.11	0.00014203224401897492
5.12	0.0001335959620479745
5.13	0.0001268660701773012
5.14	0.00012141351487892979
5.15	0.00011693856071011965
5.16	0.00011322821288300056
5.17	0.00011012913934316556
5.18	0.00010753013473650632
5.19	0.00010535061402402927
5.2	0.00010353303384244904
5.21	0.00010203797428178956
5.22	0.00010084112660451442
5.23	0.00009993176779934799
5.24	0.0000993125476868793
5.25	0.00009900062820399672
5.26	0.00009903044938854201
5.2700000000000005	0.00009945871364426103
5.28	0.00010037267074491387
5.29	0.00010190360637536327
5.3	0.00010424886305463779
5.3100000000000005	0.00010770823791563478
5.32	0.00011274497275743835
5.33	0.00012008854749396842
5.34	0.00013090444744224864
5.3500000000000005	0.0001470478312596379
5.36	0.00017130161523274803
5.37	0.00020689571932462747
5.38	0.0002536061990339832
5.39	0.00029663043019878153
5.4	0.00030431170150435854
5.41	0.0002686028435869882
5.42	0.00021905316100613654
5.43	0.00017786500900225847
5.44	0.00014872050761370554
5.45	0.0001288194773264928
5.46	0.00011508106403288332
5.47	0.00010534277550703842
5.48	0.00009822956445630651
5.49	0.00009288047526504736
5.5	0.00008874985671037807
5.51	0.00008548445902931838
5.5200000000000005	0.00008285025176014434
5.53	0.00008068881362980323
5.54	0.00007889097054032915
5.55	0.00007738057550343338
5.5600000000000005	0.00007610437816228411
5.57	0.00007502566369509516
5.58	0.00007412032980994853
5.59	0.00007337465449445632
5.6000000000000005	0.00007278437878989653
5.61	0.0000723550038780534
5.62	0.00007210346268538054
5.63	0.00007206165302047672
5.64	0.00007228281777041692
5.65	0.00007285258857627848
5.66	0.00007390789025453733
5.67	0.00007566890016770105
5.68	0.00007849044943425735
5.69	0.00008293014789691392
5.7	0.0000897660369886579
5.71	0.00009961950743627884
5.72	0.00011120784666266387
5.73	0.00011846243072545509
5.74	0.00011461547509411712
5.75	0.00010289234970198851
5.76	0.00009095686032940192
5.7700000000000005	0.0000818955009819275
5.78	0.00007556185939160931
5.79	0.00007114627426647716
5.8	0.0000679863017490617
5.8100000000000005	0.00006564523847521986
5.82	0.0000638488751951579
5.83	0.00006242493353129438
5.84	0.000061263310401794
5.8500000000000005	0.00006029211810467314
5.86	0.00005946347342507565
5.87	0.00005874501495129664
5.88	0.000058114784334599526
5.89	0.000057558129873296376
5.9	0.000057065883768022716
5.91	0.00005663341271814093
5.92	0.000056260364138022686
5.93	0.00005595110292000916
5.94	0.00005571601361626952
5.95	0.00005557408590505262
5.96	0.00005555755907242469
5.97	0.00005571982777772401
5.98	0.000056147622901155416
5.99	0.00005697385503169091
6.	0.00005836211944836056
6.01	0.0000603438645034675
6.0200000000000005	0.00006229823228086568
6.03	0.00006266773449988545
6.04	0.00006077672283346466
6.05	0.000057992455923191646
6.0600000000000005	0.000055558189887399
6.07	0.00005374039129971655
6.08	0.000052413053657189485
6.09	0.00005141678093877705
6.1000000000000005	0.00005063687373148568
6.11	0.00004999996878704908
6.12	0.00004946014165400876
6.13	0.000048988378073373436
6.140000000000001	0.00004856600727373207
6.15	0.000048180797249637045
6.16	0.0000478246494484145
6.17	0.000047492237678777584
6.18	0.00004718021909927311
6.19	0.000046886817248352215
6.2	0.00004661168406790347
6.21	0.000046356025251657646
6.22	0.00004612304622711666
6.23	0.00004591885985823181
6.24	0.00004575406837216618
6.25	0.000045646067989569435
6.26	0.00004562058866845826
6.2700000000000005	0.00004570370929317022
6.28	0.000045874933126938526
6.29	0.000045961437312838356
6.3	0.00004568978871867053
6.3100000000000005	0.000045081192542872316
6.32	0.00004441405902058227
6.33	0.00004384108268461658
6.34	0.00004337318013342416
6.3500000000000005	0.000042982607482122544
6.36	0.00004264378601648377
6.37	0.000042339380401113525
6.38	0.00004205844296987931
6.390000000000001	0.00004179410924517713
6.4	0.000041542019404962856
6.41	0.00004129936002684364
6.42	0.00004106430084758451
6.43	0.000040835668457061586
6.44	0.000040612764889258455
6.45	0.00004039528311077843
6.46	0.000040183300480442257
6.47	0.00003997735348425282
6.48	0.00003977861574239906
6.49	0.000039589201589646936
6.5	0.00003941250281074639
6.51	0.00003925281495602663
6.5200000000000005	0.00003911115827961977
6.53	0.00003897155638021483
6.54	0.00003879233784463714
6.55	0.00003855340813656072
6.5600000000000005	0.000038290549892748836
6.57	0.000038038097590526207
6.58	0.000037803823072575194
6.59	0.00003758442246222621
6.6000000000000005	0.000037375540921723456
6.61	0.00003717401733257923
6.62	0.000036977820379960405
6.63	0.00003678567364454201
6.640000000000001	0.00003659676850836879
6.65	0.00003641058538767809
6.66	0.00003622678879119909
6.67	0.00003604516780511929
6.68	0.00003586560514571303
6.69	0.000035688066505109214
6.7	0.000035512607872650356
6.71	0.000035339402264965324
6.72	0.00003516878417002249
6.73	0.00003500127328229568
6.74	0.00003483736763573431
6.75	0.000034676438503411714
6.76	0.00003451446360808748
6.7700000000000005	0.000034345752201256066
6.78	0.00003417141295205991
6.79	0.00003399737800357389
6.8	0.00003382657563262125
6.8100000000000005	0.000033659094967520695
6.82	0.00003349431765717392
6.83	0.00003333169782413945
6.84	0.00003317086553264993
6.8500000000000005	0.0000330115837690196
6.86	0.00003285370037431208
6.87	0.00003269711579186424
6.88	0.000032541763837425106
6.890000000000001	0.00003238760088268856
6.9	0.000032234600429818966
6.91	0.00003208275156876578
6.92	0.000031932060802995185
6.93	0.000031782556682851876
6.94	0.000031634292466817605
6.95	0.000031487321386723887
6.96	0.00003134156243164814
6.97	0.00003119651568767834
6.98	0.00003105144973511872
6.99	0.00003090646470043586
7.	0.00003076229740050325
7.01	0.00003061932170854457
7.0200000000000005	0.000030477546860299113
7.03	0.00003033688833971767
7.04	0.00003019726981132815
7.05	0.00003005863724338061
7.0600000000000005	0.000029920953652670014
7.07	0.000029784193032458
7.08	0.000029648336272200635
7.09	0.00002951336875406578
7.1000000000000005	0.00002937927906061904
7.11	0.00002924605843217427
7.12	0.000029113700792049368
7.13	0.00002898220314740354
7.140000000000001	0.000028851565445704418
7.15	0.000028721785703819343
7.16	0.000028592839314313576
7.17	0.000028464648563276195
7.18	0.000028337136254888343
7.19	0.000028210338077044247
7.2	0.00002808432930407231
7.21	0.00002795913336551018
7.22	0.000027834740783850272
7.23	0.000027711136034656585
7.24	0.00002758830552032063
7.25	0.000027466238203775763
7.26	0.000027344924894528923
7.2700000000000005	0.000027224357603916086
7.28	0.000027104529135052363
7.29	0.00002698543285282162
7.3	0.000026867062575703847
7.3100000000000005	0.000026749412552527053
7.32	0.000026632477478465463
7.33	0.00002651625237047206
7.34	0.00002640073161437179
7.3500000000000005	0.000026285905975677844
7.36	0.000026171760946229365
7.37	0.00002605828712082774
7.38	0.000025945486879599917
7.390000000000001	0.000025833361994975985
7.4	0.000025721908717894365
7.41	0.00002561112111645111
7.42	0.000025500993134132783
7.43	0.000025391519037381307
7.44	0.000025282693395997513
7.45	0.00002517451100354589
7.46	0.000025066966817948498
7.47	0.0000249600559262146
7.48	0.00002485377352657046
7.49	0.000024748114922123065
7.5	0.000024643075517901236
7.51	0.000024538650792544174
7.5200000000000005	0.00002443483615181026
7.53	0.00002433162658771034
7.54	0.000024229016795238134
7.55	0.00002412700243631594
7.5600000000000005	0.000024025580118491166
7.57	0.00002392474613756745
7.58	0.000023824496380314986
7.59	0.00002372482666261888
7.6000000000000005	0.000023625732870344982
7.61	0.000023527210982722812
7.62	0.000023429257068379295
7.63	0.00002333186727988956
7.640000000000001	0.00002323503785110929
7.65	0.000023138765097109492
7.66	0.000023043045416023237
7.67	0.000022947875291782453
7.68	0.000022853251294460287
7.69	0.00002275917006861568
7.7	0.000022665628306803098
7.71	0.000022572622782708498
7.72	0.000022480150476221817
7.73	0.000022388208548673908
7.74	0.00002229679424485525
7.75	0.000022205904908448387
7.76	0.000022115538024146008
7.7700000000000005	0.000022025691242898583
7.78	0.000021936362400411924
7.79	0.000021847549536546144
7.8	0.00002175925091804792
7.8100000000000005	0.00002167146506554077
7.82	0.00002158419078552221
7.83	0.00002149742720823274
7.84	0.000021411173832323223
7.8500000000000005	0.00002132543057702066
7.86	0.000021240197843094734
7.87	0.00002115547659043294
7.88	0.000021071268440017043
7.890000000000001	0.000020987575784087466
7.9	0.00002090440191115264
7.91	0.000020821751170291627
7.92	0.000020739629176220068
7.930000000000001	0.000020658043060490613
7.94	0.000020577001782757467
7.95	0.000020496516520284963
7.96	0.00002041660115920466
7.97	0.000020337272918909906
7.98	0.00002025855315218182
7.99	0.00002018046837949826
8.	0.00002010305163861837
8.01	0.000020026344263285083
8.02	0.000019950398253181562
8.03	0.000019875279469255
8.040000000000001	0.0000198010719948484
8.05	0.00001972788416788286
8.06	0.000019655857049965635
8.07	0.00001958517650626951
8.08	0.000019516090731490162
8.09	0.000019448936151076025
8.1	0.00001938417646824537
8.11	0.000019322462789869312
8.120000000000001	0.00001926472829472259
8.13	0.000019212340703822917
8.14	0.00001916735318112145
8.15	0.00001913292423179255
8.16	0.00001911402331619339
8.17	0.00001911858149591561
8.18	0.000019159129086322605
8.19	0.000019253897178162796
8.2	0.00001942132348227631
8.21	0.0000196475753118159
8.22	0.000019813140354994362
8.23	0.00001972816609581193
8.24	0.00001940686212166145
8.25	0.000019042668509437245
8.26	0.00001874204429943814
8.27	0.000018512792180308843
8.28	0.000018335732116478213
8.290000000000001	0.000018193147545374742
8.3	0.000018073034276822735
8.31	0.0000179678151281282
8.32	0.000017872737258636645
8.33	0.000017784772123690584
8.34	0.000017701944737982915
8.35	0.000017622934766801675
8.36	0.000017546837861034965
8.370000000000001	0.000017473020333823333
8.38	0.00001740102873049432
8.39	0.00001733053226738631
8.4	0.000017261285371375096
8.41	0.000017193102782187498
8.42	0.000017125842675365335
8.43	0.00001705939501112549
8.44	0.000016993673354019988
8.45	0.0000169286090394482
8.46	0.00001686414695383763
8.47	0.000016800242441856767
8.48	0.000016736859012394518
8.49	0.000016673966618515845
8.5	0.000016611540355299582
8.51	0.000016549559465771654
8.52	0.000016488006576816452
8.53	0.0000164268671089116
8.540000000000001	0.000016366128818973198
8.55	0.00001630578144660934
8.56	0.000016245816442049717
8.57	0.00001618622675989002
8.58	0.00001612700670720805
8.59	0.0000160681518380305
8.6	0.000016009658888885166
8.61	0.00001595152575251305
8.620000000000001	0.000015893751488942958
8.63	0.00001583633637522633
8.64	0.000015779281997373965
8.65	0.000015722591390628135
8.66	0.00001566626923739201
8.67	0.000015610322136250574
8.68	0.000015554758961011666
8.69	0.000015499591336230947
8.700000000000001	0.00001544483426623567
8.71	0.000015390506969696438
8.72	0.000015336633993564092
8.73	0.00001528324671219519
8.74	0.000015230385365286294
8.75	0.000015178101860763301
8.76	0.0000151264636806801
8.77	0.000015075559403914355
8.78	0.000015025506640562602
8.790000000000001	0.000014976463631404297
8.8	0.000014928646528603356
8.81	0.000014882355668755284
8.82	0.000014838016390467633
8.83	0.00001479624389126527
8.84	0.000014757948619122657
8.85	0.000014724511029718262
8.86	0.000014698075202940187
8.870000000000001	0.000014682039376181316
8.88	0.000014681829443574634
8.89	0.000014705854002121562
8.9	0.000014765359076362872
8.91	0.000014867169190469403
8.92	0.000014984636907232423
8.93	0.00001502201855379585
8.94	0.000014899675755011734
8.950000000000001	0.000014685416798056524
8.96	0.000014480417315514236
8.97	0.00001431729997162722
8.98	0.000014190787818448317
8.99	0.000014089527930916968
9.	0.000014004772180327426
9.01	0.000013930834081897898
9.02	0.000013864148684369204
9.03	0.00001380246910475487
9.040000000000001	0.000013744350946254136
9.05	0.0000136888429047209
9.06	0.000013635302728117967
9.07	0.000013583286421723153
9.08	0.000013532480214938915
9.09	0.000013482657842477548
9.1	0.000013433653109183717
9.11	0.000013385341883639988
9.120000000000001	0.000013337630036182992
9.13	0.000013290445204187514
9.14	0.000013243731071271813
9.15	0.000013197443329235131
9.16	0.000013151546786628473
9.17	0.000013106013272027416
9.18	0.000013060820097203995
9.19	0.000013015948921258065
9.200000000000001	0.000012971384906794324
9.21	0.000012927116092829091
9.22	0.000012883132932131106
9.23	0.000012839427956856281
9.24	0.000012795995548042149
9.25	0.000012752831793409505
9.26	0.000012709934425130376
9.27	0.00001266730283565553
9.28	0.000012624938176140575
9.290000000000001	0.000012582843549286667
9.3	0.000012541024317521464
9.31	0.000012499488559766716
9.32	0.00001245824772762895
9.33	0.000012417317577932618
9.34	0.000012376719498312591
9.35	0.000012336482404770105
9.36	0.000012296645489399658
9.370000000000001	0.000012257262258428915
9.38	0.000012218406570329507
9.39	0.000012180181841947045
9.4	0.00001214273538445947
9.41	0.000012106281228807822
9.42	0.000012071137282628685
9.43	0.000012037787027584881
9.44	0.00001200698323077795
9.450000000000001	0.00001197992091597194
9.46	0.000011958507902444816
9.47	0.000011945686738744477
9.48	0.00001194531242670598
9.49	0.00001195934557695088
9.5	0.000011977294036908658
9.51	0.000011965222113765013
9.52	0.000011898801552096864
9.53	0.000011804018956881559
9.540000000000001	0.000011714043917379892
9.55	0.000011638527241303565
9.56	0.000011575288574090352
9.57	0.000011520485210141866
9.58	0.000011471219468266947
9.59	0.000011425617282576857
9.6	0.000011382504178527516
9.61	0.000011341138935407352
9.620000000000001	0.000011301044124110352
9.63	0.000011261904602803327
9.64	0.000011223507114735776
9.65	0.000011185703881152253
9.66	0.000011148390212193165
9.67	0.000011111490427129055
9.68	0.00001107494879926148
9.69	0.000011038723605890771
9.700000000000001	0.000011002783139411287
9.71	0.000010967102983591454
9.72	0.000010931664122898804
9.73	0.000010896451611273069
9.74	0.000010861453624016681
9.75	0.000010826660777394372
9.76	0.000010792065639517873
9.77	0.000010757662381636249
9.78	0.000010723446536191453
9.790000000000001	0.000010689414840126557
9.8	0.000010655565151032872
9.81	0.000010621896431256808
9.82	0.000010588408802239843
9.83	0.000010555103679289336
9.84	0.00001052198400706887
9.85	0.000010489054630337552
9.86	0.000010456322855981446
9.870000000000001	0.00001042379929638637
9.88	0.000010391499139737932
9.89	0.000010359444085943823
9.9	0.000010327665346540042
9.91	0.000010296208386011486
9.92	0.000010265140576196645
9.93	0.000010234563811275315
9.94	0.00001020463563765902
9.950000000000001	0.000010175604760125165
9.96	0.00001014786882649299
9.97	0.000010122055969623747
9.98	0.000010099075746445045
9.99	0.000010079824557553595
10.	0.000010063508637218886
10.01	0.000010043997063771716
10.02	0.000010011989570512348
10.03	9.968655975570218e-6
10.040000000000001	9.923592388208775e-6
10.05	9.88185283945114e-6
10.06	9.843731924972731e-6
10.07	9.808270414694405e-6
10.08	9.774599797033905e-6
10.09	9.742133974165321e-6
10.1	9.710503101829455e-6
10.11	9.679474918490063e-6
10.120000000000001	9.648901128007168e-6
10.13	9.618684764046049e-6
10.14	9.588760783675197e-6
10.15	9.559084451980376e-6
10.16	9.529624265504439e-6
10.17	9.5003575465288e-6
10.18	9.471267637991038e-6
10.19	9.442342078376054e-6
10.200000000000001	9.413571390051142e-6
10.21	9.384948260203353e-6
10.22	9.356466978634098e-6
10.23	9.328123047421845e-6
10.24	9.299912908425763e-6
10.25	9.271833753971321e-6
10.26	9.243883398557418e-6
10.27	9.21606019785944e-6
10.28	9.188363007420697e-6
10.290000000000001	9.16079117841344e-6
10.3	9.133344592657137e-6
10.31	9.106023744661572e-6
10.32	9.078829886049028e-6
10.33	9.051765259192371e-6
10.34	9.024833465473237e-6
10.35	8.998040044860734e-6
10.36	8.971393397752397e-6
10.370000000000001	8.94490627571604e-6
10.38	8.91859823737477e-6
10.39	8.892499759492999e-6
10.4	8.866659155392035e-6
10.41	8.841153931749497e-6
10.42	8.81610737191277e-6
10.43	8.791702027172053e-6
10.44	8.768136790475888e-6
10.450000000000001	8.745335692695812e-6
10.46	8.722206778193779e-6
10.47	8.696740901439114e-6
10.48	8.668761495348729e-6
10.49	8.640231984062265e-6
10.5	8.612404721975546e-6
10.51	8.58542913528331e-6
10.52	8.55911427755531e-6
10.53	8.533269957268361e-6
10.540000000000001	8.507765091224645e-6
10.55	8.482516488880291e-6
10.56	8.457471832086074e-6
10.57	8.43259768699399e-6
10.58	8.407872148259827e-6
10.59	8.38328046160212e-6
10.6	8.358812408737492e-6
10.61	8.334460718896919e-6
10.620000000000001	8.31022008324442e-6
10.63	8.286086529695039e-6
10.64	8.262057017841295e-6
10.65	8.238129171420167e-6
10.66	8.214301098790426e-6
10.67	8.190571271169656e-6
10.68	8.166938439899072e-6
10.69	8.143401581090387e-6
10.700000000000001	8.119959860553244e-6
10.71	8.096612615020061e-6
10.72	8.073359348091094e-6
10.73	8.050199741547745e-6
10.74	8.027133685237095e-6
10.75	8.004161332267265e-6
10.76	7.981283191786666e-6
10.77	7.958500280901672e-6
10.78	7.935814373439148e-6
10.790000000000001	7.913228411762596e-6
10.8	7.890747197388136e-6
10.81	7.868378555494033e-6
10.82	7.84613525904097e-6
10.83	7.824037906920773e-6
10.84	7.802117640692642e-6
10.85	7.780410775043248e-6
10.86	7.758914811643227e-6
10.870000000000001	7.737462354395246e-6
10.88	7.715693395920315e-6
10.89	7.693513324957315e-6
10.9	7.671256599901937e-6
10.91	7.649176425981242e-6
10.92	7.627314997969049e-6
10.93	7.605640217709556e-6
10.94	7.58411662727555e-6
10.950000000000001	7.562719196862041e-6
10.96	7.541431864457181e-6
10.97	7.520244426685708e-6
10.98	7.499150273880637e-6
10.99	7.478144988908045e-6
11.	7.457225512384013e-6
11.01	7.436389644701094e-6
11.02	7.41563574430201e-6
11.03	7.394962541047936e-6
11.040000000000001	7.374369018263844e-6
11.05	7.353854336671017e-6
11.06	7.333417784498305e-6
11.07	7.313058744406763e-6
11.08	7.292776671573717e-6
11.09	7.2725710795243975e-6
11.1	7.252441531723093e-6
11.11	7.2323876379245555e-6
11.120000000000001	7.212409055090995e-6
11.13	7.192505493502201e-6
11.14	7.1726767297496205e-6
11.15	7.152922629930821e-6
11.16	7.133243189082235e-6
11.17	7.113638597615884e-6
11.18	7.094109353670004e-6
11.19	7.074656453149816e-6
11.200000000000001	7.055281703091298e-6
11.21	7.035988183939366e-6
11.22	7.016780649226565e-6
11.23	6.99766445750467e-6
11.24	6.978637848487932e-6
11.25	6.959671376425143e-6
11.26	6.940707902287228e-6
11.27	6.92173844078887e-6
11.28	6.90281726156306e-6
11.290000000000001	6.88398110363281e-6
11.3	6.865234753121934e-6
11.31	6.846572644434828e-6
11.32	6.827989044809906e-6
11.33	6.8094798846386434e-6
11.34	6.791042470221163e-6
11.35	6.7726749995922116e-6
11.36	6.754376217460966e-6
11.370000000000001	6.7361452028773585e-6
11.38	6.717981242832261e-6
11.39	6.699883756801495e-6
11.4	6.681852250975467e-6
11.41	6.663886289926061e-6
11.42	6.645985478707241e-6
11.43	6.6281494513493545e-6
11.44	6.610377863384714e-6
11.450000000000001	6.592670387009396e-6
11.46	6.575026708062762e-6
11.47	6.5574465243706005e-6
11.48	6.5399295452568e-6
11.49	6.522475492252492e-6
11.5	6.505084101284933e-6
11.51	6.487755126987765e-6
11.52	6.470488350357181e-6
11.53	6.453283591966476e-6
11.540000000000001	6.436140734562576e-6
11.55	6.4190597609637446e-6
11.56	6.402040813018305e-6
11.57	6.3850842590699385e-6
11.58	6.368190650891937e-6
11.59	6.35136005064635e-6
11.6	6.334589644957787e-6
11.61	6.3178716882975405e-6
11.620000000000001	6.301201347924631e-6
11.63	6.284584434727944e-6
11.64	6.268027470176593e-6
11.65	6.251531971638338e-6
11.66	6.235097146064984e-6
11.67	6.218721922186362e-6
11.68	6.20240544150454e-6
11.69	6.186147061282938e-6
11.700000000000001	6.169946284973939e-6
11.71	6.153802706877943e-6
11.72	6.137715977189756e-6
11.73	6.121685781095181e-6
11.74	6.10571182632976e-6
11.75	6.0897938356774446e-6
11.76	6.073931542361838e-6
11.77	6.058124687160488e-6
11.78	6.0423730165718916e-6
11.790000000000001	6.026676281647424e-6
11.8	6.011034237264219e-6
11.81	5.995446641714139e-6
11.82	5.979913256550623e-6
11.83	5.964433846688779e-6
11.84	5.949008180811275e-6
11.85	5.933636032210874e-6
11.86	5.918317180324262e-6
11.870000000000001	5.903051413410613e-6
11.88	5.887838533096871e-6
11.89	5.872678361573506e-6
11.9	5.857570750394779e-6
11.91	5.842515578477444e-6
11.92	5.827512681842052e-6
11.93	5.812561578328121e-6
11.94	5.797661147361849e-6
11.950000000000001	5.782810456983742e-6
11.96	5.768009945445055e-6
11.97	5.753260322694278e-6
11.98	5.738561663049605e-6
11.99	5.723913701685886e-6
12.	5.709316123376141e-6
12.01	5.694768639718869e-6
12.02	5.680270992798031e-6
12.030000000000001	5.6658229466475356e-6
12.040000000000001	5.651424280143565e-6
12.05	5.637074782620913e-6
12.06	5.622774251464468e-6
12.07	5.60852249095842e-6
12.08	5.5943193119504085e-6
12.09	5.580164532098064e-6
12.1	5.5660579766015865e-6
12.11	5.551999479418024e-6
12.120000000000001	5.5379888850263135e-6
12.13	5.5240260508850785e-6
12.14	5.51011085081423e-6
12.15	5.496243179654023e-6
12.16	5.4824229597365334e-6
12.17	5.468650149983054e-6
12.18	5.454924758879579e-6
12.19	5.441246863284126e-6
12.200000000000001	5.427616636140801e-6
12.21	5.414034387896546e-6
12.22	5.400500628665898e-6
12.23	5.387016159727928e-6
12.24	5.373582203108454e-6
12.25	5.360200609703777e-6
12.26	5.346874332806989e-6
12.27	5.333608302449634e-6
12.280000000000001	5.320410528625706e-6
12.290000000000001	5.307293734968028e-6
12.3	5.294277185898718e-6
12.31	5.2813841690991685e-6
12.32	5.268617360942907e-6
12.33	5.25588269250475e-6
12.34	5.2429555184306445e-6
12.35	5.229750650595083e-6
12.36	5.216469129434417e-6
12.370000000000001	5.203283075664383e-6
12.38	5.190226723250528e-6
12.39	5.177281206467939e-6
12.4	5.1644237804032134e-6
12.41	5.151638160006955e-6
12.42	5.138913886873828e-6
12.43	5.126244347474588e-6
12.44	5.1136252910628075e-6
12.450000000000001	5.10105390697287e-6
12.46	5.0885282742944315e-6
12.47	5.076047033812372e-6
12.48	5.063609189477422e-6
12.49	5.0512139857480455e-6
12.5	5.038860830108782e-6
12.51	5.0265492430249156e-6
12.52	5.014278824735947e-6
12.530000000000001	5.002049231803956e-6
12.540000000000001	4.989860157880327e-6
12.55	4.977711319894732e-6
12.56	4.9656024634760855e-6
12.57	4.953533369225065e-6
12.58	4.941503832412926e-6
12.59	4.9295136513681905e-6
12.6	4.917562629669517e-6
12.61	4.905650577635302e-6
12.620000000000001	4.893777311785337e-6
12.63	4.88194265384328e-6
12.64	4.870146429849843e-6
12.65	4.858388469465846e-6
12.66	4.846668605434582e-6
12.67	4.8349866731641555e-6
12.68	4.823342510399169e-6
12.69	4.8117359569598006e-6
12.700000000000001	4.80016685453258e-6
12.71	4.788635046501539e-6
12.72	4.777140377811294e-6
12.73	4.765682694856014e-6
12.74	4.754261845389578e-6
12.75	4.74287767845368e-6
12.76	4.731530044321647e-6
12.77	4.720218794456809e-6
12.780000000000001	4.708943781484793e-6
12.790000000000001	4.697704859177707e-6
12.8	4.686501882435283e-6
12.81	4.6753347071955915e-6
12.82	4.664203190106357e-6
12.83	4.653107188104253e-6
12.84	4.642046559358846e-6
12.85	4.631021164875992e-6
12.86	4.620030867282018e-6
12.870000000000001	4.609075529632385e-6
12.88	4.598155015811492e-6
12.89	4.5872691909962975e-6
12.9	4.576417921869762e-6
12.91	4.565601076762803e-6
12.92	4.554818525814388e-6
12.93	4.544070141178092e-6
12.94	4.533355797289852e-6
12.950000000000001	4.522675371212907e-6
12.96	4.512028743082082e-6
12.97	4.501415796677986e-6
12.98	4.490836420173941e-6
12.99	4.480290507115369e-6
13.	4.469777957715977e-6
13.01	4.459298680591015e-6
13.02	4.448852595101578e-6
13.030000000000001	4.4384396345649914e-6
13.040000000000001	4.428059750711152e-6
13.05	4.417712919959852e-6
13.06	4.407399152405164e-6
13.07	4.397118504896886e-6
13.08	4.38687110044135e-6
13.09	4.376657157550627e-6
13.1	4.366477035646167e-6
13.11	4.356331307025268e-6
13.120000000000001	4.346220873258526e-6
13.13	4.336147157115677e-6
13.14	4.3261124245929884e-6
13.15	4.316120325135833e-6
13.16	4.306176760175857e-6
13.17	4.296291049087258e-6
13.18	4.286476328449982e-6
13.19	4.276743607414887e-6
13.200000000000001	4.267073158494622e-6
13.21	4.25736439358912e-6
13.22	4.24749771342575e-6
13.23	4.237520943311556e-6
13.24	4.227566463319465e-6
13.25	4.217690413883739e-6
13.26	4.207891322601628e-6
13.27	4.198155259153161e-6
13.280000000000001	4.188470608763722e-6
13.290000000000001	4.178829645347797e-6
13.3	4.169227471481854e-6
13.31	4.1596609676791135e-6
13.32	4.150128097913968e-6
13.33	4.140627490024985e-6
13.34	4.131158186257875e-6
13.35	4.121719493583567e-6
13.36	4.112310892182417e-6
13.370000000000001	4.1029319782544875e-6
13.38	4.0935824274548185e-6
13.39	4.084261970975502e-6
13.4	4.074970379587156e-6
13.41	4.065707452787529e-6
13.42	4.0564730112827486e-6
13.43	4.047266891688878e-6
13.44	4.0380889427404705e-6
13.450000000000001	4.028939022538712e-6
13.46	4.019816996527754e-6
13.47	4.010722735988293e-6
13.48	4.001656116903639e-6
13.49	3.992617019097292e-6
13.5	3.9836053255708824e-6
13.51	3.9746209219916266e-6
13.52	3.965663696292535e-6
13.530000000000001	3.956733538358658e-6
13.540000000000001	3.947830339779665e-6
13.55	3.938953993654113e-6
13.56	3.930104394434623e-6
13.57	3.921281437805751e-6
13.58	3.912485020588586e-6
13.59	3.903715040667455e-6
13.6	3.894971396935499e-6
13.61	3.886253989257372e-6
13.620000000000001	3.877562718448658e-6
13.63	3.868897486269415e-6
13.64	3.8602581954315245e-6
13.65	3.85164474962337e-6
13.66	3.84305705355341e-6
13.67	3.8344950130150695e-6
13.68	3.825958534977574e-6
13.69	3.817447527709233e-6
13.700000000000001	3.8089619009422777e-6
13.71	3.800501566091822e-6
13.72	3.792066436546533e-6
13.73	3.783656428055795e-6
13.74	3.7752714592486533e-6
13.75	3.7669114523351836e-6
13.76	3.7585763340642274e-6
13.77	3.7502660370467887e-6
13.780000000000001	3.7419805016092672e-6
13.790000000000001	3.7337196784273764e-6
13.8	3.725483532331136e-6
13.81	3.7172720479000715e-6
13.82	3.7090852378509898e-6
13.83	3.700923155875001e-6
13.84	3.6927859167191566e-6
13.85	3.684673728319182e-6
13.86	3.676586944361192e-6
13.870000000000001	3.6685261518878483e-6
13.88	3.6604923186593353e-6
13.89	3.6524870370314593e-6
13.9	3.6445128927972615e-6
13.91	3.636573836516982e-6
13.92	3.628674626870586e-6
13.93	3.6208156297863794e-6
13.94	3.6129769560747827e-6
13.950000000000001	3.6051120205177794e-6
13.96	3.5972040712365446e-6
13.97	3.5892950050748024e-6
13.98	3.5814199106476877e-6
13.99	3.573585536361167e-6
14.	3.5657878863443097e-6
14.01	3.5580222296368927e-6
14.02	3.55028517538168e-6
14.030000000000001	3.5425745309176157e-6
14.040000000000001	3.5348888928547894e-6
14.05	3.527227342711935e-6
14.06	3.519589257645569e-6
14.07	3.511974197584014e-6
14.08	3.5043818379336585e-6
14.09	3.4968119288397114e-6
14.1	3.489264270000409e-6
14.11	3.4817386947408116e-6
14.120000000000001	3.4742350597135667e-6
14.13	3.4667532380941985e-6
14.14	3.459293114993781e-6
14.15	3.4518545843079498e-6
14.16	3.4444375465146937e-6
14.17	3.4370419071103938e-6
14.18	3.429667575482648e-6
14.19	3.422314464086851e-6
14.200000000000001	3.4149824878371515e-6
14.21	3.4076715636509303e-6
14.22	3.400381610104657e-6
14.23	3.3931125471716568e-6
14.24	3.3858642960208875e-6
14.25	3.3786367788617624e-6
14.26	3.3714299188242854e-6
14.27	3.3642436398666616e-6
14.280000000000001	3.357077866704777e-6
14.290000000000001	3.349932524759543e-6
14.3	3.342807540119279e-6
14.31	3.3357028395153983e-6
14.32	3.3286183503104503e-6
14.33	3.321554000498381e-6
14.34	3.314509718717715e-6
14.35	3.307485434279279e-6
14.36	3.300481077211226e-6
14.370000000000001	3.2934965783256287e-6
14.38	3.28653186931295e-6
14.39	3.2795868828736768e-6
14.4	3.2726615529006183e-6
14.41	3.2657558147318434e-6
14.42	3.2588696055038783e-6
14.43	3.252002864649921e-6
14.44	3.2451555346116558e-6
14.450000000000001	3.238327561871633e-6
14.46	3.231518898476334e-6
14.47	3.2247295043258444e-6
14.48	3.2179593506872724e-6
14.49	3.211208425704667e-6
14.5	3.2044767432364166e-6
14.51	3.197764357341954e-6
14.52	3.1910713864638407e-6
14.530000000000001	3.1843980541029165e-6
14.540000000000001	3.177744755857292e-6
14.55	3.171112159078836e-6
14.56	3.1645012938094466e-6
14.57	3.1579133495201895e-6
14.58	3.151348096549809e-6
14.59	3.144799493373737e-6
14.6	3.1382551100249854e-6
14.61	3.131712196547415e-6
14.620000000000001	3.1251823594453943e-6
14.63	3.1186739821699162e-6
14.64	3.112188317029632e-6
14.65	3.1057241896647914e-6
14.66	3.0992803438581156e-6
14.67	3.092855883281139e-6
14.68	3.0864502160428982e-6
14.69	3.080062948467611e-6
14.700000000000001	3.073693808426956e-6
14.71	3.0673425980152343e-6
14.72	3.0610091653618496e-6
14.73	3.0546933878076616e-6
14.74	3.0483951617007563e-6
14.75	3.0421143960741833e-6
14.76	3.0358510086391e-6
14.77	3.0296049231879294e-6
14.780000000000001	3.023376067875e-6
14.790000000000001	3.0171643740551806e-6
14.8	3.0109697754846564e-6
14.81	3.004792207761408e-6
14.82	2.9986316079272567e-6
14.83	2.9924879141807006e-6
14.84	2.986361065666972e-6
14.85	2.9802510023227644e-6
14.86	2.974157664760241e-6
14.870000000000001	2.9680809941797005e-6
14.88	2.962020932303533e-6
14.89	2.955977421326183e-6
14.9	2.949950403876539e-6
14.91	2.943939822990145e-6
14.92	2.937945622089502e-6
14.93	2.931967744971416e-6
14.94	2.926006135800781e-6
14.950000000000001	2.920060739110827e-6
14.96	2.914131499810278e-6
14.97	2.9082183631985417e-6
14.98	2.9023212749908655e-6
14.99	2.8964401813564453e-6
15.	2.890575028974158e-6
15.01	2.884725765112935e-6
15.02	2.8788923377476367e-6
15.030000000000001	2.873074695727116e-6
15.040000000000001	2.8672727890208623e-6
15.05	2.8614865690863867e-6
15.06	2.8557159894263484e-6
15.07	2.8499610064504183e-6
15.08	2.844221580837526e-6
15.09	2.8384976797372153e-6
15.1	2.832789280401929e-6
15.11	2.8270963762756296e-6
15.120000000000001	2.821418987215797e-6
15.13	2.8157571760337605e-6
15.14	2.8101110712926876e-6
15.15	2.8044808785357177e-6
15.16	2.7988667819179746e-6
15.17	2.7932684313518193e-6
15.18	2.7876839366126714e-6
15.19	2.7821107701252735e-6
15.200000000000001	2.7765495235749827e-6
15.21	2.771002791653908e-6
15.22	2.7654717740011455e-6
15.23	2.7599564447818896e-6
15.24	2.754456485197112e-6
15.25	2.748971612951002e-6
15.26	2.7435016234195457e-6
15.27	2.7380463698897703e-6
15.280000000000001	2.732605742323693e-6
15.290000000000001	2.727179653119269e-6
15.3	2.721768028477312e-6
15.31	2.7163708032684824e-6
15.32	2.710987917956856e-6
15.33	2.705619316721876e-6
15.34	2.7002649462863635e-6
15.35	2.6949247551682685e-6
15.36	2.6895986931922475e-6
15.370000000000001	2.6842867111640436e-6
15.38	2.6789887606490805e-6
15.39	2.67370479381912e-6
15.4	2.668434763344265e-6
15.41	2.663178622315717e-6
15.42	2.657936324189752e-6
15.43	2.652707822746599e-6
15.44	2.6474930720599703e-6
15.450000000000001	2.6422920264743268e-6
15.46	2.6371046405879243e-6
15.47	2.631930869240231e-6
15.48	2.6267706675028453e-6
15.49	2.621623990673292e-6
15.5	2.6164907942713916e-6
15.51	2.6113710340380947e-6
15.52	2.6062646659369306e-6
15.530000000000001	2.6011716461584735e-6
15.540000000000001	2.5960919311285987e-6
15.55	2.5910254775217687e-6
15.56	2.585972242281365e-6
15.57	2.5809321826502263e-6
15.58	2.575905256216428e-6
15.59	2.570891420982413e-6
15.6	2.565890635470821e-6
15.610000000000001	2.5609028588892913e-6
15.620000000000001	2.5559280513923247e-6
15.63	2.5509661745061366e-6
15.64	2.546017191831896e-6
15.65	2.541081070226513e-6
15.66	2.536157781782487e-6
15.67	2.5312473070021275e-6
15.68	2.5263496390053973e-6
15.69	2.5214647846613575e-6
15.700000000000001	2.516592741534446e-6
15.71	2.511733390617578e-6
15.72	2.5068863182756218e-6
15.73	2.5020510651978677e-6
15.74	2.497227787219978e-6
15.75	2.4924169172884633e-6
15.76	2.487618606955906e-6
15.77	2.482832807695498e-6
15.780000000000001	2.478059429819489e-6
15.790000000000001	2.4732983927925134e-6
15.8	2.4685496301569044e-6
15.81	2.4638130856391126e-6
15.82	2.4590887094078878e-6
15.83	2.4543764556152377e-6
15.84	2.4496762809124624e-6
15.85	2.4449881435676274e-6
15.860000000000001	2.4403120029354626e-6
15.870000000000001	2.435647819132767e-6
15.88	2.430995552835114e-6
15.89	2.42635516514656e-6
15.9	2.4217266175141993e-6
15.91	2.41710987167092e-6
15.92	2.412504889596256e-6
15.93	2.4079116334890883e-6
15.94	2.4033300657482634e-6
15.950000000000001	2.39876014895861e-6
15.96	2.3942018458806967e-6
15.97	2.3896551194432347e-6
15.98	2.3851199327374016e-6
15.99	2.3805962490125932e-6
16.	2.3760840316732766e-6
16.01	2.3715832442767507e-6
16.02	2.36709385053168e-6
16.03	2.362615814297402e-6
16.04	2.358149099584033e-6
16.05	2.353693670553536e-6
16.06	2.3492494915220463e-6
16.07	2.344816526963882e-6
16.080000000000002	2.340394741518095e-6
16.09	2.3359840999987626e-6
16.1	2.331584567411181e-6
16.11	2.327196108977476e-6
16.12	2.3228186901776714e-6
16.13	2.3184522768167176e-6
16.14	2.3140968351357667e-6
16.15	2.309752331999442e-6
16.16	2.305418735210186e-6
16.17	2.3010960140131553e-6
16.18	2.296784139768464e-6
16.19	2.29248308614795e-6
16.2	2.2881928255330693e-6
16.21	2.283913312073715e-6
16.22	2.2796444530618257e-6
16.23	2.275386147394866e-6
16.240000000000002	2.271138391891714e-6
16.25	2.266901229238491e-6
16.26	2.2626746575464335e-6
16.27	2.2584586426407086e-6
16.28	2.254253143679384e-6
16.29	2.2500581213503844e-6
16.3	2.245873538696588e-6
16.31	2.2416993604962396e-6
16.32	2.237535552661657e-6
16.330000000000002	2.2333820818432253e-6
16.34	2.2292389151901517e-6
16.35	2.2251060202080253e-6
16.36	2.220983364673161e-6
16.37	2.2168709165799853e-6
16.38	2.2127686441080085e-6
16.39	2.20867651560051e-6
16.4	2.204594499550496e-6
16.41	2.200522564591178e-6
16.42	2.1964606794894104e-6
16.43	2.192408813141044e-6
16.44	2.188366934567592e-6
16.45	2.1843350129138087e-6
16.46	2.1803130174459127e-6
16.47	2.176300917550326e-6
16.48	2.1722986827327746e-6
16.490000000000002	2.1683062826177663e-6
16.5	2.164323686948374e-6
16.51	2.1603508655863578e-6
16.52	2.156387788512701e-6
16.53	2.1524344258285966e-6
16.54	2.148490747757104e-6
16.55	2.14455672464565e-6
16.56	2.1406323269697604e-6
16.57	2.1367175253385804e-6
16.580000000000002	2.1328122905030843e-6
16.59	2.128916593368413e-6
16.6	2.1250304050127327e-6
16.61	2.1211536967166664e-6
16.62	2.1172864400099314e-6
16.63	2.1134286067457763e-6
16.64	2.1095801692158795e-6
16.65	2.1057411003015747e-6
16.66	2.1019113735395865e-6
16.67	2.0980909625034018e-6
16.68	2.0942798380530593e-6
16.69	2.0904779651959583e-6
16.7	2.086685312549622e-6
16.71	2.0829018662434256e-6
16.72	2.079127619765118e-6
16.73	2.0753625664161126e-6
16.740000000000002	2.0716067043226573e-6
16.75	2.0678600328138496e-6
16.76	2.064122509607153e-6
16.77	2.060393944022672e-6
16.78	2.0566740234942006e-6
16.79	2.052962711287239e-6
16.8	2.049260262702014e-6
16.81	2.045566821871036e-6
16.82	2.0418823796535647e-6
16.830000000000002	2.038206881590555e-6
16.84	2.03454027419142e-6
16.85	2.0308825125083553e-6
16.86	2.0272335584225325e-6
16.87	2.0235933782349978e-6
16.88	2.0199619409855204e-6
16.89	2.016339217423127e-6
16.9	2.0127251793933797e-6
16.91	2.0091197994718985e-6
16.92	2.0055230507413547e-6
16.93	2.001934906652748e-6
16.94	1.9983553409370785e-6
16.95	1.994784327547851e-6
16.96	1.9912218406227633e-6
16.97	1.9876678544577062e-6
16.98	1.984122343488732e-6
16.990000000000002	1.9805852822793895e-6
17.	1.97705664551169e-6
17.01	1.9735364079796345e-6
17.02	1.9700245445846614e-6
17.03	1.966521030332572e-6
17.04	1.96302584033188e-6
17.05	1.9595389497936163e-6
17.06	1.9560603340331284e-6
17.07	1.952589968474671e-6
17.080000000000002	1.949127828659898e-6
17.09	1.9456738902592016e-6
17.1	1.9422281290711233e-6
17.11	1.9387905209381948e-6
17.12	1.9353610413929968e-6
17.13	1.9319396651647863e-6
17.14	1.928526367139896e-6
17.150000000000002	1.9251211241795303e-6
17.16	1.9217239138122385e-6
17.17	1.9183347127783246e-6
17.18	1.9149534973734344e-6
17.19	1.9115802438833826e-6
17.2	1.9082149287094428e-6
17.21	1.9048575283768937e-6
17.22	1.9015080195226472e-6
17.23	1.8981663788841886e-6
17.240000000000002	1.8948325832922986e-6
17.25	1.8915066096665323e-6
17.26	1.8881884350123843e-6
17.27	1.8848780364194508e-6
17.28	1.8815753910601642e-6
17.29	1.8782804761888777e-6
17.3	1.874993269141159e-6
17.31	1.8717137473332147e-6
17.32	1.8684418882613957e-6
17.330000000000002	1.8651776695017647e-6
17.34	1.861921068709703e-6
17.35	1.85867206361953e-6
17.36	1.8554306320441681e-6
17.37	1.8521967518748046e-6
17.38	1.8489704010805781e-6
17.39	1.8457515577082783e-6
17.400000000000002	1.8425401998820569e-6
17.41	1.8393363058031643e-6
17.42	1.8361398537496906e-6
17.43	1.8329508220763596e-6
17.44	1.829769189214331e-6
17.45	1.8265949336710885e-6
17.46	1.8234280340303937e-6
17.47	1.8202684689523987e-6
17.48	1.8171162171739687e-6
17.490000000000002	1.8139712575093928e-6
17.5	1.810833568851564e-6
17.51	1.8077031301733502e-6
17.52	1.8045799205264291e-6
17.53	1.801463919025906e-6
17.54	1.798355104798128e-6
17.55	1.7952534569433962e-6
17.56	1.792158954714544e-6
17.57	1.7890715776631125e-6
17.580000000000002	1.7859913054212435e-6
17.59	1.7829181175970344e-6
17.6	1.77985199383644e-6
17.61	1.776792913867399e-6
17.62	1.7737408575142097e-6
17.63	1.770695804704582e-6
17.64	1.7676577354785301e-6
17.650000000000002	1.7646266300023988e-6
17.66	1.7616024685906673e-6
17.67	1.758585231739602e-6
17.68	1.755574900179607e-6
17.69	1.752571454957967e-6
17.7	1.7495748775723713e-6
17.71	1.7465851501907339e-6
17.72	1.7436022560192027e-6
17.73	1.7406261799209153e-6
17.740000000000002	1.7376569094272449e-6
17.75	1.7346944361889472e-6
17.76	1.7317387570178901e-6
17.77	1.7287898693727822e-6
17.78	1.7258477436072054e-6
17.79	1.7229122578612361e-6
17.8	1.7199832223078325e-6
17.81	1.7170606222185033e-6
17.82	1.7141446105363413e-6
17.830000000000002	1.71123526726516e-6
17.84	1.7083325822951006e-6
17.85	1.7054365199887524e-6
17.86	1.7025470457283373e-6
17.87	1.6996641300577565e-6
17.88	1.6967877475855716e-6
17.89	1.6939178755438785e-6
17.900000000000002	1.6910544927918078e-6
17.91	1.688197579206749e-6
17.92	1.6853471153216638e-6
17.93	1.682503082105673e-6
17.94	1.6796654608253039e-6
17.95	1.6768342329632705e-6
17.96	1.674009380191161e-6
17.97	1.6711908843380332e-6
17.98	1.668378727341702e-6
17.990000000000002	1.6655728912297323e-6
18.	1.6627733581156135e-6
18.01	1.6599801101942266e-6
18.02	1.6571931297368799e-6
18.03	1.6544123990871495e-6
18.04	1.6516379006577033e-6
18.05	1.6488696169278752e-6
18.06	1.6461075304418143e-6
18.07	1.6433516238070254e-6
18.080000000000002	1.6406018796932075e-6
18.09	1.6378582808313134e-6
18.1	1.6351208100127516e-6
18.11	1.6323894500887376e-6
18.12	1.629664183969703e-6
18.13	1.6269449946248124e-6
18.14	1.6242318650815082e-6
18.150000000000002	1.621524778425109e-6
18.16	1.6188237177984459e-6
18.17	1.6161286664015193e-6
18.18	1.6134396074911888e-6
18.19	1.6107565243808666e-6
18.2	1.6080794004402434e-6
18.21	1.6054082190950114e-6
18.22	1.6027429638266104e-6
18.23	1.6000836181719776e-6
18.240000000000002	1.5974301657233087e-6
18.25	1.5947825901278278e-6
18.26	1.5921408750875613e-6
18.27	1.5895050043591355e-6
18.28	1.586874961753571e-6
18.29	1.584250731136087e-6
18.3	1.5816322964258419e-6
18.31	1.5790196415954365e-6
18.32	1.576412750670015e-6
18.330000000000002	1.5738116077274303e-6
18.34	1.5712161969006685e-6
18.35	1.5686265023774731e-6
18.36	1.5660425083976612e-6
18.37	1.5634641992528728e-6
18.38	1.5608915592871517e-6
18.39	1.558324572897128e-6
18.400000000000002	1.5557632245320119e-6
18.41	1.553207498693576e-6
18.42	1.5506573799361873e-6
18.43	1.5481128528669233e-6
18.44	1.5455739021457854e-6
18.45	1.5430405124860613e-6
18.46	1.5405126686548614e-6
18.47	1.5379903554739287e-6
18.48	1.5354735578207953e-6
18.490000000000002	1.5329622606304859e-6
18.5	1.530456448897958e-6
18.51	1.527956107681676e-6
18.52	1.5254612221088825e-6
18.53	1.5229717773834519e-6
18.54	1.520487758797834e-6
18.55	1.5180091517514952e-6
18.56	1.5155359417800428e-6
18.57	1.5130681146021493e-6
18.580000000000002	1.510605656196805e-6
18.59	1.508148552932595e-6
18.6	1.5056967917851775e-6
18.61	1.5032503606935076e-6
18.62	1.5008092490754925e-6
18.63	1.4983734482228247e-6
18.64	1.495942949830827e-6
18.650000000000002	1.4935177365333103e-6
18.66	1.491097758785608e-6
18.67	1.4886829407473156e-6
18.68	1.4862732663770767e-6
18.69	1.483868782672523e-6
18.7	1.4814695125042422e-6
18.71	1.4790754456470005e-6
18.72	1.4766865621236697e-6
18.73	1.4743028421953859e-6
18.740000000000002	1.4719242679936123e-6
18.75	1.469550823148927e-6
18.76	1.4671824922704336e-6
18.77	1.4648192605826142e-6
18.78	1.4624611137029307e-6
18.79	1.4601080375094681e-6
18.8	1.4577600180617293e-6
18.81	1.4554170415524247e-6
18.82	1.4530790942774428e-6
18.830000000000002	1.4507461626167197e-6
18.84	1.448418233021737e-6
18.85	1.4460952920071747e-6
18.86	1.4437773261452121e-6
18.87	1.4414643220615345e-6
18.88	1.4391562664325008e-6
18.89	1.436853145983065e-6
18.900000000000002	1.434554947485237e-6
18.91	1.4322616577569118e-6
18.92	1.4299732636609508e-6
18.93	1.4276897521044739e-6
18.94	1.4254111100382575e-6
18.95	1.4231373244562626e-6
18.96	1.4208683823952134e-6
18.97	1.418604270934255e-6
18.98	1.4163449771946322e-6
18.990000000000002	1.4140904883394194e-6
19.	1.4118407915732668e-6
19.01	1.4095958741421663e-6
19.02	1.407355723333239e-6
19.03	1.4051203264745205e-6
19.04	1.4028896709347768e-6
19.05	1.4006637441233358e-6
19.06	1.3984425334899182e-6
19.07	1.396226026524445e-6
19.080000000000002	1.3940142107568705e-6
19.09	1.3918070737570318e-6
19.1	1.3896046031344907e-6
19.11	1.387406786538394e-6
19.12	1.3852136116573183e-6
19.13	1.3830250662191406e-6
19.14	1.3808411379908943e-6
19.150000000000002	1.3786618147786452e-6
19.16	1.3764870844273716e-6
19.17	1.3743169348208437e-6
19.18	1.3721513538815326e-6
19.19	1.3699903295705086e-6
19.2	1.3678338498873806e-6
19.21	1.3656819028702384e-6
19.22	1.3635344765956387e-6
19.23	1.3613915591786265e-6
19.240000000000002	1.3592531387728097e-6
19.25	1.3571192035705195e-6
19.26	1.3549897418030693e-6
19.27	1.3528647417411884e-6
19.28	1.3507441916956662e-6
19.29	1.3486280800183623e-6
19.3	1.3465163951037192e-6
19.31	1.3444091253910926e-6
19.32	1.3423062593683448e-6
19.330000000000002	1.3402077855774893e-6
19.34	1.338113692623713e-6
19.35	1.3360239691900643e-6
19.36	1.333938604061857e-6
19.37	1.331857586167692e-6
19.38	1.3297809046482887e-6
19.39	1.3277085489665875e-6
19.400000000000002	1.3256405090520675e-6
19.41	1.32357677532984e-6
19.42	1.321517337879948e-6
19.43	1.3194621826349518e-6
19.44	1.317411285367541e-6
19.45	1.3153646210004773e-6
19.46	1.3133221858776283e-6
19.47	1.3112839850575098e-6
19.48	1.3092500138052644e-6
19.490000000000002	1.3072202607691904e-6
19.5	1.3051947133152417e-6
19.51	1.3031733591697404e-6
19.52	1.301156186567638e-6
19.53	1.2991431841169961e-6
19.54	1.2971343406719122e-6
19.55	1.2951296452493633e-6
19.56	1.2931290869790498e-6
19.57	1.291132655073513e-6
19.580000000000002	1.2891403388101505e-6
19.59	1.2871521275201534e-6
19.6	1.2851680105815307e-6
19.61	1.2831879774146143e-6
19.62	1.281212017479062e-6
19.63	1.2792401202718254e-6
19.64	1.2772722753257222e-6
19.650000000000002	1.2753084722084166e-6
19.66	1.2733487005216605e-6
19.67	1.2713929499007168e-6
19.68	1.269441210013919e-6
19.69	1.267493470562302e-6
19.7	1.2655497212793132e-6
19.71	1.2636099519305528e-6
19.72	1.2616741523135642e-6
19.73	1.259742312257634e-6
19.740000000000002	1.2578144216236176e-6
19.75	1.2558904703037848e-6
19.76	1.2539704482216585e-6
19.77	1.2520543453318837e-6
19.78	1.2501421516200879e-6
19.79	1.2482338571027509e-6
19.8	1.2463294518270839e-6
19.81	1.2444289258709048e-6
19.82	1.2425322693425226e-6
19.830000000000002	1.2406394723806198e-6
19.84	1.2387505251541434e-6
19.85	1.2368654178621925e-6
19.86	1.23498414073391e-6
19.87	1.233106684028381e-6
19.88	1.2312330380345265e-6
19.89	1.2293631930710057e-6
19.900000000000002	1.2274971394861236e-6
19.91	1.225634867657736e-6
19.92	1.223776367993166e-6
19.93	1.2219216309291268e-6
19.94	1.2200706469316522e-6
19.95	1.2182234064960481e-6
19.96	1.2163799001468502e-6
19.97	1.2145401184378184e-6
19.98	1.2127040519519668e-6
19.990000000000002	1.210871691301646e-6
20.	1.2090430271287106e-6