0.	0.
0.01	1.4404120377718473e-6
0.02	2.881140286530123e-6
0.03	4.322501195970178e-6
0.04	5.764811693653773e-6
0.05	7.208389425065413e-6
0.06	8.653552995021025e-6
0.07	0.000010100622210887764
0.08	0.000011549918328080226
0.09	0.000013001764298307116
0.1	0.000014456485021052713
0.11	0.000015914407598789807
0.12	0.000017375861596434913
0.13	0.00001884117930557301
0.14	0.000020310696013997417
0.15	0.00002178475028113155
0.16	0.000023263684219921573
0.17	0.000024747843785816234
0.18	0.00002623757907347713
0.19	0.000027733244621895165
0.2	0.000029235199728623557
0.21	0.00003074380877387511
0.22	0.00003225944155527393
0.23	0.000033782473634097745
0.24	0.00003531328669389567
0.25	0.00003685226891242289
0.26	0.000038399815347892144
0.27	0.00003995632834060811
0.28	0.000041522217931122265
0.29	0.00004309790229612362
0.3	0.00004468380820336673
0.31	0.00004628037148703225
0.32	0.000047888037545016046
0.33	0.000049507261859757814
0.34	0.00005113851054433967
0.35000000000000003	0.00005278226091572298
0.36	0.000054439002097136516
0.37	0.00005610923565179404
0.38	0.000057793476250294715
0.39	0.00005949225237425857
0.4	0.0000612061070589632
0.41000000000000003	0.00006293559867798576
0.42	0.00006468130177311885
0.43	0.00006644380793311508
0.44	0.00006822372672514015
0.45	0.0000700216866831643
0.46	0.00007183833635791914
0.47000000000000003	0.00007367434543348219
0.48	0.00007553040591603438
0.49	0.00007740723340087938
0.5	0.00007930556842441229
0.51	0.0000812261779083971
0.52	0.00008316985670466248
0.53	0.0000851374292491671
0.54	0.00008712975133532214
0.55	0.00008914771201752071
0.56	0.00009119223565700855
0.5700000000000001	0.0000932642841235711
0.58	0.00009536485916802297
0.59	0.00009749500498219043
0.6	0.0000996558109650179
0.61	0.0001018484147156178
0.62	0.00010407400527658175
0.63	0.00010633382665371297
0.64	0.00010862918164157939
0.65	0.00011096143598800661
0.66	0.00011333202293486899
0.67	0.00011574244817743614
0.68	0.0001181942952901506
0.6900000000000001	0.00012068923167320201
0.7000000000000001	0.0001232290150817823
0.71	0.0001258155008086079
0.72	0.00012845064960043063
0.73	0.0001311365364010601
0.74	0.00013387536002722615
0.75	0.000136669453899792
0.76	0.000139521297971846
0.77	0.00014243353201763543
0.78	0.00014540897047283743
0.79	0.0001484506190481442
0.8	0.00015156169337562586
0.81	0.00015474563999210846
0.8200000000000001	0.00015800616001749492
0.8300000000000001	0.00016134723595054193
0.84	0.00016477316208263855
0.85	0.00016828857912473105
0.86	0.00017189851375774585
0.87	0.0001756084239577146
0.88	0.00017942425111981672
0.89	0.0001833524802190103
0.9	0.00018740020950957375
0.91	0.00019157523159561376
0.92	0.00019588612811758389
0.93	0.00020034238081991472
0.9400000000000001	0.00020495450242348376
0.9500000000000001	0.00020973419156570432
0.96	0.00021469451714657781
0.97	0.00021985013880679923
0.98	0.00022521757206674285
0.99	0.00023081550901384813
1.	0.00023666520853527745
1.01	0.00024279097422420627
1.02	0.00024922074362369905
1.03	0.00025598681995450364
1.04	0.000263126787681305
1.05	0.0002706846673364813
1.06	0.0002787123846005485
1.07	0.0002872716561994616
1.08	0.00029643643443036643
1.09	0.000306296108727133
1.1	0.0003169597453788428
1.11	0.00032856176906752185
1.12	0.0003412696742382525
1.1300000000000001	0.0003552946360647183
1.1400000000000001	0.0003709063287387524
1.1500000000000001	0.000388453951916964
1.16	0.00040839658393324686
1.17	0.0004313478188639412
1.18	0.000458142729967832
1.19	0.0004899404845200554
1.2	0.000528385146860315
1.21	0.0005758634971607891
1.22	0.0006359276073311383
1.23	0.000714000145283361
1.24	0.000818560073909407
1.25	0.0009630928644008389
1.26	0.0011689683590298404
1.27	0.0014679540630841532
1.28	0.0018957215282456512
1.29	0.0024442943205469922
1.3	0.0029344385657645777
1.31	0.0030127037167241993
1.32	0.0026214769111127384
1.33	0.002099906642227767
1.34	0.0016809357713841963
1.35	0.0013978184388676778
1.36	0.0012186577860148927
1.37	0.0011104707819797326
1.3800000000000001	0.0010508614330970232
1.3900000000000001	0.0010263738629031052
1.4000000000000001	0.0010296368762224347
1.41	0.0010574597846881566
1.42	0.0011099029567053647
1.43	0.0011901316879423095
1.44	0.0013050095047872656
1.45	0.0014665983742479492
1.46	0.0016949666073290816
1.47	0.0020228078367315813
1.48	0.0025013573228821347
1.49	0.003200348667521667
1.5	0.004167054716712911
1.51	0.0052545333011471814
1.52	0.005887318771560688
1.53	0.005535894702665286
1.54	0.004581317755046688
1.55	0.003671572623983736
1.56	0.0030340993555373745
1.57	0.0026465698611346854
1.58	0.0024447992912410886
1.59	0.0023831219731896905
1.6	0.0024403510449295153
1.61	0.0026172440728751325
1.62	0.0029367461365752525
1.6300000000000001	0.003448679692505104
1.6400000000000001	0.004235308429678751
1.6500000000000001	0.005395362896895809
1.6600000000000001	0.006921879903664518
1.67	0.008353973874469484
1.68	0.008701894814892962
1.69	0.007711770728281854
1.7	0.00631369542321385
1.71	0.005215026433526139
1.72	0.004546424086915122
1.73	0.004241705280391837
1.74	0.004237751459877203
1.75	0.004520022406052665
1.76	0.00512938302734532
1.77	0.006161016306953417
1.78	0.0077226978879344895
1.79	0.009718766920230043
1.8	0.011364684086338775
1.81	0.011409445827087614
1.82	0.009943481804204622
1.83	0.008256371098328077
1.84	0.0070798535490029565
1.85	0.006507260150174741
1.86	0.006476146132697007
1.87	0.006970495566032422
1.8800000000000001	0.008058382954712087
1.8900000000000001	0.009841790494845995
1.9000000000000001	0.012193489156777905
1.9100000000000001	0.014169590812428376
1.92	0.01426004515119756
1.93	0.012560074420793916
1.94	0.010630111135563901
1.95	0.009378011290038346
1.96	0.008953118572062982
1.97	0.009332794867170825
1.98	0.01055692366418818
1.99	0.01267965358236175
2.	0.015368820077423975
2.0100000000000002	0.017240852511180998
2.02	0.016757445951021913
2.0300000000000002	0.014654422812571627
2.04	0.01272390411357999
2.05	0.011769384438417994
2.06	0.011914855040047103
2.07	0.013186281686220826
2.08	0.01556498067492482
2.09	0.018479152712117183
2.1	0.02015781228339831
2.11	0.019188340706517863
2.12	0.016859004480560894
2.13	0.015078820610286576
2.14	0.014584182453081422
2.15	0.015501424038244603
2.16	0.017791093508024807
2.17	0.020869609122635142
2.18	0.022867953635252094
2.19	0.02206631741830689
2.2	0.019673872618607067
2.21	0.01787396920053193
2.22	0.017604511123268992
2.23	0.019028526527914102
2.24	0.021882789201854422
2.25	0.02482840487951978
2.2600000000000002	0.02547295412845188
2.27	0.023488483396320384
2.2800000000000002	0.021237072082789247
2.29	0.0204536350460941
2.3000000000000003	0.02159998393836969
2.31	0.02440948318737546
2.32	0.027407059868872582
2.33	0.02803669100785687
2.34	0.026008298853812513
2.35	0.02386224924010962
2.36	0.023434827345197612
2.37	0.02513416936252967
2.38	0.028263673514039387
2.39	0.03054365338923411
2.4	0.02981223487005827
2.41	0.02744512829403918
2.42	0.026152876523617488
2.43	0.02709513152383647
2.44	0.029932403882017573
2.45	0.03261988033151313
2.46	0.032521667533456006
2.47	0.030294560741206882
2.48	0.028851632160972827
2.49	0.029710935503724854
2.5	0.03251456985047238
2.5100000000000002	0.03496144530946604
2.52	0.03451900321601214
2.5300000000000002	0.03233243512509792
2.54	0.03136645663627504
2.5500000000000003	0.03283956760603506
2.56	0.035749939608615784
2.57	0.037198290286062356
2.58	0.03576312880193826
2.59	0.03393002772786721
2.6	0.03419117674650595
2.61	0.036633736712585394
2.62	0.03889489713777015
2.63	0.038395800375157205
2.64	0.03644791860710639
2.65	0.036057067296070645
2.66	0.038040046067288086
2.67	0.04042086183748507
2.68	0.04033675157616206
2.69	0.038507368018921524
2.7	0.038006358225705306
2.71	0.03984988826991134
2.72	0.04203309917447275
2.73	0.041786059499972876
2.74	0.040083342821506766
2.75	0.039927652545742265
2.7600000000000002	0.04191307030645234
2.77	0.04358767668968091
2.7800000000000002	0.04276906277096242
2.79	0.04136092043359775
2.8000000000000003	0.04195380234389966
2.81	0.044038262343229065
2.82	0.04470524055676756
2.83	0.043330723952304626
2.84	0.042724161717480134
2.85	0.04421328893765429
2.86	0.0457358340416788
2.87	0.045060795278264135
2.88	0.04389122740645802
2.89	0.044611022337942806
2.9	0.04630972748249651
2.91	0.04629570215259225
2.92	0.04504128766820711
2.93	0.0452118345117191
2.94	0.04677160384905106
2.95	0.04711227105722266
2.96	0.04595314593542125
2.97	0.045862058997343524
2.98	0.047233316435005
2.99	0.0476365194636266
3.	0.04657072767042395
3.0100000000000002	0.04645512960986835
3.02	0.047681081688584
3.0300000000000002	0.047926400894130285
3.04	0.04691905733686596
3.0500000000000003	0.046959837914356
3.06	0.04805227699355945
3.0700000000000003	0.04797680605818196
3.08	0.0470642582973116
3.09	0.04738692553429595
3.1	0.048249513393430705
3.11	0.04777350636603224
3.12	0.0471094008735613
3.13	0.04772517477336839
3.14	0.04814518635543173
3.15	0.04736943031532581
3.16	0.04716796079696296
3.17	0.04786210347352003
3.18	0.04765363492383197
3.19	0.046935296342062796
3.2	0.04725371513942188
3.21	0.04757724719157456
3.22	0.04688683522693059
3.23	0.046666827445186534
3.24	0.04713191009995626
3.25	0.04676668493357585
3.2600000000000002	0.04619303332041553
3.27	0.04648802785891431
3.2800000000000002	0.04643956537000017
3.29	0.045761196772115244
3.3000000000000003	0.045781239431267336
3.31	0.045904108985283285
3.3200000000000003	0.04527719952496745
3.33	0.04505793380802938
3.34	0.045215187838999776
3.35	0.0446865940165335
3.36	0.044309979177426614
3.37	0.044424180044749205
3.38	0.04397562028373497
3.39	0.04351525629770746
3.4	0.04356070543015599
3.41	0.043152020580192865
3.42	0.04265783575336764
3.43	0.04263681319714595
3.44	0.042229411344995645
3.45	0.041732341835571896
3.46	0.04165527456064141
3.47	0.041220436442574136
3.48	0.04074168018776961
3.49	0.04061489003880465
3.5	0.0401361102020967
3.5100000000000002	0.03969326901701022
3.52	0.03951267803132075
3.5300000000000002	0.038987986947683975
3.54	0.03859505840450676
3.5500000000000003	0.03834520486790124
3.56	0.037790611973544545
3.5700000000000003	0.03745119687797311
3.58	0.037111538499639135
3.59	0.03656171887837182
3.6	0.03625826828505842
3.61	0.03581886245904473
3.62	0.035317449170825764
3.63	0.03500580173035883
3.64	0.03448781084675271
3.65	0.03406225388724689
3.66	0.03368606229518086
3.67	0.0331493990885578
3.68	0.03278065370867319
3.69	0.03231148956218632
3.7	0.03182646753158631
3.71	0.03144629761072727
3.72	0.030922084746011855
3.73	0.030509270197861718
3.74	0.030054758134378152
3.75	0.02955955675962306
3.7600000000000002	0.0291590332723904
3.77	0.02864792184850186
3.7800000000000002	0.02822094516079654
3.79	0.027760060493695726
3.8000000000000003	0.027277857684427115
3.81	0.02685940180592379
3.8200000000000003	0.026359785578270484
3.83	0.02593609240706372
3.84	0.02546375233817472
3.85	0.02500769068421016
3.86	0.024571621336507452
3.87	0.024093596192642484
3.88	0.023673392286513856
3.89	0.023199655319281993
3.9	0.022772836927455985
3.91	0.022320932802946575
3.92	0.02187975538974147
3.93	0.02145100984529499
3.94	0.02100170415714559
3.95	0.020587586139696308
3.96	0.020141352489155478
3.97	0.019732590839869925
3.98	0.01929811411636896
3.99	0.018889742323680278
4.	0.018470665509539345
4.01	0.01806241625210068
4.0200000000000005	0.017658428310087133
4.03	0.017252809579234203
4.04	0.016861839681159264
4.05	0.016462068758868565
4.0600000000000005	0.01608198911654169
4.07	0.01569074930416063
4.08	0.015320163016002223
4.09	0.014939205067826446
4.1	0.014577545825756487
4.11	0.01420779032391095
4.12	0.013855100938310941
4.13	0.013496912512960441
4.14	0.013153564892647417
4.15	0.012807009852796973
4.16	0.012473486563633234
4.17	0.01213850906309264
4.18	0.011815270576932876
4.19	0.011491789992992328
4.2	0.011179209348015555
4.21	0.010867164226070867
4.22	0.010565502372744506
4.23	0.010264865473651543
4.24	0.00997426680887931
4.25	0.009685046956943716
4.26	0.009405544154368577
4.2700000000000005	0.009127781338089629
4.28	0.008859306832482046
4.29	0.008593060118323935
4.3	0.00833546693198263
4.3100000000000005	0.008080791234328852
4.32	0.007833887335044686
4.33	0.00759079598333456
4.34	0.0073543928896973
4.3500000000000005	0.007122809359728716
4.36	0.006896776708196902
4.37	0.0066764903978897144
4.38	0.0064607960583349345
4.39	0.006251448995119341
4.4	0.006046157015672811
4.41	0.005847290980121381
4.42	0.00565250036532158
4.43	0.005463676714002851
4.44	0.005279424609905581
4.45	0.00510039543312652
4.46	0.004926614219567243
4.47	0.004757490923100052
4.48	0.004594078471153581
4.49	0.004435065258694599
4.5	0.004280812153560951
4.51	0.004129476905576261
4.5200000000000005	0.003981321264296513
4.53	0.0038374655019780086
4.54	0.0036979233636256674
4.55	0.003563309602116708
4.5600000000000005	0.003432860608350009
4.57	0.00330674735942361
4.58	0.003184784919091933
4.59	0.0030666177554813058
4.6000000000000005	0.0029525126663216186
4.61	0.002842020765554496
4.62	0.002735239410123246
4.63	0.0026321003272242256
4.64	0.002532329430875155
4.65	0.002436078867758224
4.66	0.002343097982664609
4.67	0.0022533280485780324
4.68	0.002166790379945545
4.69	0.0020832504367216745
4.7	0.00200273392881807
4.71	0.0019251538931134035
4.72	0.001850352698204855
4.73	0.0017783498233611733
4.74	0.0017090180876262212
4.75	0.0016422581794382383
4.76	0.001578059759323903
4.7700000000000005	0.0015162966333938
4.78	0.001456897824436774
4.79	0.001399830392801894
4.8	0.0013449828381820305
4.8100000000000005	0.0012922941133880108
4.82	0.0012417206980864456
4.83	0.0011931671730595354
4.84	0.001146575021150665
4.8500000000000005	0.001101898735138947
4.86	0.0010590580249038922
4.87	0.0010179961270544338
4.88	0.000978671244415954
4.89	0.0009410197885380806
4.9	0.0009049919763450627
4.91	0.0008705580386363897
4.92	0.0008376822388258532
4.93	0.0008063434895924169
4.94	0.0007765565157611454
4.95	0.0007483669583329325
4.96	0.0007218716033712117
4.97	0.0006972405224508999
4.98	0.0006746222584685403
4.99	0.000653693765786883
5.	0.0006328294134181562
5.01	0.0006099437132327085
5.0200000000000005	0.000585615875288317
5.03	0.0005620119733521273
5.04	0.000540101207606169
5.05	0.0005198523647811041
5.0600000000000005	0.000501001108827755
5.07	0.00048331735573341184
5.08	0.00046663858367086345
5.09	0.0004508511718232486
5.1000000000000005	0.00043587168175600153
5.11	0.0004216364011779198
5.12	0.0004080948823713695
5.13	0.00039520472389233845
5.14	0.00038292851159793724
5.15	0.0003712329102543354
5.16	0.00036008809280855316
5.17	0.0003494667042905786
5.18	0.00033934311870078345
5.19	0.0003296934117357139
5.2	0.00032049548961523536
5.21	0.0003117289183718787
5.22	0.00030337468851325566
5.23	0.0002954152612811733
5.24	0.0002878348439099015
5.25	0.00028061967285319343
5.26	0.00027375830644854664
5.2700000000000005	0.0002672421437092311
5.28	0.0002610663773190976
5.29	0.00025523153690062636
5.3	0.0002497459099514524
5.3100000000000005	0.00024462947693317747
5.32	0.00023992052288718656
5.33	0.00023568682759282736
5.34	0.00023204415456616593
5.3500000000000005	0.00022918381808768076
5.36	0.00022739830568791516
5.37	0.00022702769927001167
5.38	0.0002280314895329597
5.39	0.00022877727438416618
5.4	0.00022582214119249282
5.41	0.00021832705061029236
5.42	0.00020950236040322265
5.43	0.00020172900630819737
5.44	0.0001953884556512244
5.45	0.00019016905297922717
5.46	0.00018573164030040123
5.47	0.00018183716099060584
5.48	0.00017833205387146782
5.49	0.00017511865193839814
5.5	0.0001721337165560903
5.51	0.00016933518449083234
5.5200000000000005	0.00016669429322192813
5.53	0.00016419091119356254
5.54	0.00016181074769166796
5.55	0.00015954368279651093
5.5600000000000005	0.00015738279108280638
5.57	0.00015532382533138303
5.58	0.0001533650422483659
5.59	0.00015150732985979751
5.6000000000000005	0.0001497546606749076
5.61	0.0001481149655751464
5.62	0.00014660162262909254
5.63	0.00014523591508393372
5.64	0.00014405108798870337
5.65	0.000143099113875687
5.66	0.0001424620908291803
5.67	0.0001422713763373955
5.68	0.00014273824917213117
5.69	0.00014419438424617751
5.7	0.0001471016896185794
5.71	0.00015182514807093577
5.72	0.0001575876132471567
5.73	0.00016076719776979634
5.74	0.0001573764854631403
5.75	0.00014937672449118
5.76	0.00014130271527500255
5.7700000000000005	0.00013496187263915284
5.78	0.00013025992491558846
5.79	0.00012671667523151366
5.8	0.00012394070286166032
5.8100000000000005	0.00012167447808561111
5.82	0.00011975676882299584
5.83	0.00011808689234942617
5.84	0.00011660132856574394
5.8500000000000005	0.00011525970508619049
5.86	0.00011403659271545
5.87	0.0001129167612506066
5.88	0.0001118925384397341
5.89	0.00011096254134282655
5.9	0.00011013143744183629
5.91	0.00010941066525229002
5.92	0.00010882030008556317
5.93	0.00010839260210687602
5.94	0.00010817837858433452
5.95	0.00010825801354650157
5.96	0.00010875913573410377
5.97	0.00010988455581436432
5.98	0.00011195655434118145
5.99	0.00011546451871321109
6.	0.00012100743175287925
6.01	0.00012869392723903543
6.0200000000000005	0.00013623802102375113
6.03	0.00013795724483208572
6.04	0.00013145076859996996
6.05	0.00012173235920295345
6.0600000000000005	0.00011330566532910614
6.07	0.00010712420302954847
6.08	0.00010272739147752141
6.09	0.00009953795668562473
6.1000000000000005	0.00009714221542324862
6.11	0.00009527717283919322
6.12	0.00009378011360025908
6.13	0.00009255063898875236
6.140000000000001	0.0000915272157100468
6.15	0.00009067355211473111
6.16	0.00008997103267386513
6.17	0.00008941497962647904
6.18	0.00008901363484028353
6.19	0.00008878954856833674
6.2	0.00008878374983186272
6.21	0.00008906388565216971
6.22	0.000089738697256639
6.23	0.00009098291452879077
6.24	0.00009307819258585622
6.25	0.00009647142777210621
6.26	0.00010181318916056412
6.2700000000000005	0.00010975711426320884
6.28	0.00011978749834848911
6.29	0.00012759824899503735
6.3	0.00012643877655794608
6.3100000000000005	0.0001169135051429916
6.32	0.0001059272276903747
6.33	0.00009723319571743672
6.34	0.00009109276087704102
6.3500000000000005	0.00008682300371992707
6.36	0.00008379801353589837
6.37	0.00008159676960370849
6.38	0.00007995719303874042
6.390000000000001	0.00007871975352238086
6.4	0.00007778933074853643
6.41	0.00007711278469822217
6.42	0.0000766668960535729
6.43	0.00007645316778061734
6.44	0.00007649789132052352
6.45	0.00007685746655167064
6.46	0.00007763055603314645
6.47	0.00007898063104832778
6.48	0.00008117470982442303
6.49	0.00008464340543283925
6.5	0.00009004555352025823
6.51	0.0000981991625634417
6.5200000000000005	0.00010930386693634379
6.53	0.00012040005583076183
6.54	0.00012380578858767457
6.55	0.00011590281811954087
6.5600000000000005	0.00010334334451288796
6.57	0.00009243605575815872
6.58	0.00008460101766306965
6.59	0.00007923652315952602
6.6000000000000005	0.0000755539905817182
6.61	0.00007298676702819153
6.62	0.00007117808523102108
6.63	0.00006991312066116103
6.640000000000001	0.00006906791223658848
6.65	0.00006857908841498163
6.66	0.00006842859805735292
6.67	0.00006863920628772509
6.68	0.00006927937144928901
6.69	0.00007047895137002711
6.7	0.00007246018005855545
6.71	0.00007559059632557316
6.72	0.00008045793538975214
6.73	0.00008791054001620599
6.74	0.0000987484074137469
6.75	0.00011206540332667966
6.76	0.00012187348145953172
6.7700000000000005	0.0001197582267884663
6.78	0.00010749664957591572
6.79	0.000093964449923735
6.8	0.00008352143570436782
6.8100000000000005	0.00007631909948000123
6.82	0.0000714688848996947
6.83	0.00006819456818170179
6.84	0.00006598475160622593
6.8500000000000005	0.00006453031663422499
6.86	0.0000636558080730009
6.87	0.00006327596354758655
6.88	0.00006337422846643732
6.890000000000001	0.00006399826390742152
6.9	0.000065271193682956
6.91	0.0000674216720074256
6.92	0.00007083910759604205
6.93	0.00007615409246197193
6.94	0.00008428543898856202
6.95	0.00009612268773155882
6.96	0.00011077283488533132
6.97	0.00012186235129375347
6.98	0.00012006318962743339
6.99	0.00010692076465841601
7.	0.00009216224380354158
7.01	0.00008074834378343016
7.0200000000000005	0.0000729207239618211
7.03	0.00006771651846514262
7.04	0.00006428360220817991
7.05	0.00006206336445387428
7.0600000000000005	0.000060725620586285464
7.07	0.00006009537822316294
7.08	0.00006010876720254424
7.09	0.000060796299657131254
7.1000000000000005	0.00006229013835756363
7.11	0.00006485711048834828
7.12	0.00006896265159425125
7.13	0.00007535774169512568
7.140000000000001	0.000085084613535224
7.15	0.00009889285873796855
7.16	0.00011471418506315031
7.17	0.00012397492168295148
7.18	0.00011823316016740244
7.19	0.0001028002958798333
7.2	0.00008768479997631557
7.21	0.00007655085815302363
7.22	0.00006907135946092055
7.23	0.00006418624529245308
7.24	0.00006106723737981367
7.25	0.00005919765099298139
7.26	0.000058292659822581335
7.2700000000000005	0.00005823249223932335
7.28	0.00005903138375268212
7.29	0.00006084074848820528
7.3	0.00006398724090733909
7.3100000000000005	0.00006904768452343276
7.32	0.00007693242348819703
7.33	0.00008877179300354631
7.34	0.00010477102033031682
7.3500000000000005	0.0001205712170011728
7.36	0.00012530039960673283
7.37	0.00011431203242367747
7.38	0.00009718397524940343
7.390000000000001	0.00008257339581665915
7.4	0.00007233871539265746
7.41	0.00006562490815038818
7.42	0.00006136036311698778
7.43	0.00005880263298577173
7.44	0.00005752315180853246
7.45	0.0000573251577420412
7.46	0.00005819523054589353
7.47	0.0000602993730279996
7.48	0.00006402413678008351
7.49	0.00007005861105152481
7.5	0.0000794553973050674
7.51	0.0000933204561096778
7.5200000000000005	0.00011093543823802944
7.53	0.00012535128393132813
7.54	0.00012500538719063844
7.55	0.00011016246044492315
7.5600000000000005	0.0000924587544822265
7.57	0.0000786128962529775
7.58	0.00006924427506878926
7.59	0.0000632490252442446
7.6000000000000005	0.000059606262603721976
7.61	0.00005766953580112794
7.62	0.0000571094089244316
7.63	0.000057843884128983724
7.640000000000001	0.00006001792345874319
7.65	0.00006403831784726917
7.66	0.00007065420164445316
7.67	0.00008099503332714259
7.68	0.00009611345239080969
7.69	0.0001146313342586256
7.7	0.00012810344450583783
7.71	0.000125095844936171
7.72	0.00010849201916927183
7.73	0.0000904865995246347
7.74	0.00007689150129313442
7.75	0.00006786730956924706
7.76	0.00006223210947327831
7.7700000000000005	0.00005899796742073331
7.78	0.00005757937129274611
7.79	0.000057729828511064126
7.8	0.00005948986619241336
7.8100000000000005	0.00006319622928140741
7.82	0.0000695486228170563
7.83	0.00007965756315742748
7.84	0.00009467189902990078
7.8500000000000005	0.00011365534456119134
7.86	0.0001288105960550317
7.87	0.00012780319858691144
7.88	0.00011159609997773852
7.890000000000001	0.0000927772192509923
7.9	0.00007827818479230972
7.91	0.00006864703538499254
7.92	0.00006271025541732951
7.930000000000001	0.00005942954062314908
7.94	0.00005819859385494985
7.95	0.000058796798661427056
7.96	0.00006134745954153168
7.97	0.00006634285278539233
7.98	0.0000747095836239611
7.99	0.00008770457712485294
8.	0.00010577335037672537
8.01	0.000124618492153512
8.02	0.00013202951097058524
8.03	0.00012094616818351638
8.040000000000001	0.00010145074690094035
8.05	0.00008439260853514949
8.06	0.0000725657455018953
8.07	0.00006515593039786363
8.08	0.00006097392146119872
8.09	0.00005924348040939712
8.1	0.00005964135671085924
8.11	0.00006225329676532195
8.120000000000001	0.0000675889736212362
8.13	0.00007662938781131418
8.14	0.00009063090264445154
8.15	0.00010962344851226065
8.16	0.0001279292774206961
8.17	0.0001324958508798945
8.18	0.00011888828802158352
8.19	0.00009896894476126326
8.2	0.0000825102948217073
8.21	0.00007142163534535007
8.22	0.00006470049458904864
8.23	0.00006121427278869743
8.24	0.00006030434018738726
8.25	0.00006180346896572418
8.26	0.00006601367558579974
8.27	0.0000737372128320622
8.28	0.00008619913112771789
8.290000000000001	0.00010409707787821647
8.3	0.00012397846134144024
8.31	0.00013403287709550765
8.32	0.00012491325429276768
8.33	0.00010522203454097973
8.34	0.000087130928866289
8.35	0.00007449227677593334
8.36	0.00006673262337457552
8.370000000000001	0.00006265858287052727
8.38	0.00006150744102653665
8.39	0.00006305989810744255
8.4	0.00006762823538953368
8.41	0.00007607051212712677
8.42	0.00008961482538234068
8.43	0.0001085129799992358
8.44	0.00012772037298666478
8.45	0.00013418663251064733
8.46	0.00012168637987078892
8.47	0.00010148698943928315
8.48	0.00008438623472871126
8.49	0.00007291170538691138
8.5	0.0000661933674717572
8.51	0.00006312635432398707
8.52	0.000063126760180393
8.53	0.00006620163544892342
8.540000000000001	0.0000729496134595004
8.55	0.00008448932470754725
8.56	0.00010168781174532476
8.57	0.00012195256787255162
8.58	0.0001343692411568775
8.59	0.00012774080058540013
8.6	0.00010850664665195482
8.61	0.0000897513816089832
8.620000000000001	0.00007649371082917201
8.63	0.0000685100440577158
8.64	0.00006465485166427324
8.65	0.00006421374535034238
8.66	0.00006710664086611387
8.67	0.00007389406561063321
8.68	0.00008566956838755788
8.69	0.00010316210920895666
8.700000000000001	0.00012325707694793212
8.71	0.0001344184272438469
8.72	0.000126356477581508
8.73	0.00010682623622616684
8.74	0.00008853978459626396
8.75	0.00007591206358081894
8.76	0.00006856853619845632
8.77	0.00006542454611108416
8.78	0.00006589640299902882
8.790000000000001	0.0000700829307861988
8.8	0.00007874808268807207
8.81	0.00009298252227965865
8.82	0.00011235793557575522
8.83	0.00013005052031638833
8.84	0.00013253947821880433
8.85	0.0001173889602868635
8.86	0.0000974987999945325
8.870000000000001	0.00008194020402349156
8.88	0.00007219154602647229
8.89	0.00006730518152459298
8.9	0.00006645043673229692
8.91	0.00006947032738203532
8.92	0.00007692410513789596
8.93	0.00008984330108881596
8.94	0.00010829525872763272
8.950000000000001	0.00012698925862120717
8.96	0.00013283873515690874
8.97	0.00012013969231669483
8.98	0.00010036932001412601
8.99	0.00008406625633232126
9.	0.00007365888459063386
9.01	0.00006839621412652136
9.02	0.00006743487797138444
9.03	0.00007060282019851707
9.040000000000001	0.00007846814880992845
9.05	0.00009199859853905162
9.06	0.00011075959291706857
9.07	0.00012813858156696621
9.08	0.00013084353439885037
9.09	0.00011620512753984764
9.1	0.00009682660336997348
9.11	0.00008177415127252166
9.120000000000001	0.00007262355490694918
9.13	0.00006854806282112995
9.14	0.00006888055799366121
9.15	0.00007368815856384203
9.16	0.00008372808615858433
9.17	0.00009964131262244009
9.18	0.00011880101998780487
9.19	0.0001305967758371616
9.200000000000001	0.0001242226132735407
9.21	0.00010594171295742844
9.22	0.00008842134368049917
9.23	0.00007658384187930617
9.24	0.00007037749073753544
9.25	0.00006898274323007866
9.26	0.00007216584290629832
9.27	0.0000804488552890114
9.28	0.00009459011543819699
9.290000000000001	0.00011318690812111052
9.3	0.00012772761200421253
9.31	0.00012579763981119076
9.32	0.0001093431861699261
9.33	0.00009130317766443495
9.34	0.00007845576617973646
9.35	0.00007144388093967036
9.36	0.0000695060430944871
9.370000000000001	0.00007233400188615435
9.38	0.00008037257738139908
9.39	0.00009428601582139504
9.4	0.0001124834509095124
9.41	0.00012625711434101285
9.42	0.00012362392590288123
9.43	0.00010723154023332816
9.44	0.00008978172230374268
9.450000000000001	0.00007761676234821839
9.46	0.00007128154097933923
9.47	0.00007009504804255179
9.48	0.00007387820962627305
9.49	0.00008315114454139866
9.5	0.00009824185222367536
9.51	0.00011596119854937438
9.52	0.00012550659591710296
9.53	0.00011779263908455734
9.540000000000001	0.00010032405995427007
9.55	0.00008463580240022074
9.56	0.00007472099107506848
9.57	0.00007046582909143746
9.58	0.00007134553025176326
9.59	0.00007749020300845551
9.6	0.00008945381823244213
9.61	0.00010626845514852552
9.620000000000001	0.0001208633977189853
9.63	0.00012117575583114122
9.64	0.00010687056701035016
9.65	0.000089933979331565
9.66	0.00007775994242675084
9.67	0.00007147882211648271
9.68	0.00007058171556729412
9.69	0.00007495023952285373
9.700000000000001	0.00008503597818625181
9.71	0.0001005009577936464
9.72	0.00011617554163211378
9.73	0.00012035257303908906
9.74	0.0001087978932464977
9.75	0.00009202981622606205
9.76	0.00007904617931353867
9.77	0.00007194159242852992
9.78	0.00007037240054954142
9.790000000000001	0.0000741507221810532
9.8	0.0000836377925699343
9.81	0.00009847825482978712
9.82	0.00011369164678806844
9.83	0.00011790277578793023
9.84	0.00010681978019781047
9.85	0.00009059836521525469
9.86	0.00007808708181759964
9.870000000000001	0.00007141045786318508
9.88	0.00007029964276630505
9.89	0.00007463159250199676
9.9	0.00008471344650012402
9.91	0.00009965684132911421
9.92	0.00011320511404304317
9.93	0.0001141648422691
9.94	0.00010150120462825555
9.950000000000001	0.00008613872740216164
9.96	0.00007527129091261854
9.97	0.00007021075247447639
9.98	0.00007067966425926759
9.99	0.00007671333204751337
10.	0.00008842038966465297
10.01	0.00010341328050901725
10.02	0.0001128647516787951
10.03	0.00010777273010078947
10.040000000000001	0.00009321734142630529
10.05	0.00007974577169532413
10.06	0.00007165509282037003
10.07	0.00006926052566911166
10.08	0.0000723813140589797
10.09	0.00008117546596647382
10.1	0.00009479774638498331
10.11	0.000107538166190854
10.120000000000001	0.00010886008093427354
10.13	0.00009731941491496654
10.14	0.00008306457293416779
10.15	0.00007309226166612916
10.16	0.00006881360433221088
10.17	0.00007008195026747354
10.18	0.0000769513148873091
10.19	0.00008905011108551994
10.200000000000001	0.00010236155118863701
10.21	0.00010703988989675113
10.22	0.0000982329264437402
10.23	0.00008429722691837668
10.24	0.00007356424989061294
10.25	0.00006837699885845698
10.26	0.00006874916372713008
10.27	0.00007467424808225908
10.28	0.00008584810074931676
10.290000000000001	0.00009877663117704923
10.3	0.00010420344375377776
10.31	0.00009653422532049888
10.32	0.00008319325688256952
10.33	0.00007264101212797088
10.34	0.00006750227235830131
10.35	0.00006789040288475685
10.36	0.00007378675736445692
10.370000000000001	0.00008473356408208542
10.38	0.00009687522419706324
10.39	0.000101009535778946
10.4	0.00009276929854414937
10.41	0.00008001076195406961
10.42	0.00007043850513632081
10.43	0.00006624677625291361
10.44	0.00006752390366799095
10.450000000000001	0.00007423580093947403
10.46	0.00008545733223348221
10.47	0.00009609920047676921
10.48	0.00009703897839531648
10.49	0.00008715771829356152
10.5	0.00007526716526003655
10.51	0.00006742592134705724
10.52	0.00006496311781726344
10.53	0.00006789049154046762
10.540000000000001	0.00007603847618542221
10.55	0.00008737939985146393
10.56	0.00009486266314172725
10.57	0.00009108789447659882
10.58	0.0000798584572459895
10.59	0.00006973596046410884
10.6	0.00006442829519363875
10.61	0.00006444339711086347
10.620000000000001	0.00006973205907523726
10.63	0.00007952123101645668
10.64	0.0000894976707039128
10.65	0.00009124089250659814
10.66	0.00008275320017135802
10.67	0.00007187445197638508
10.68	0.0000646381218936129
10.69	0.00006254696284830232
10.700000000000001	0.0000656697880253127
10.71	0.00007365422028056147
10.72	0.00008384386387391843
10.73	0.00008888652556519197
10.74	0.00008345190911961196
10.75	0.00007295856675044235
10.76	0.00006470323264186541
10.77	0.00006127521818101502
10.78	0.00006296815383442103
10.790000000000001	0.00006956805807033934
10.8	0.00007920488041822241
10.81	0.00008563757265944251
10.82	0.00008234524316984822
10.83	0.00007266271812744811
10.84	0.0000641410441080379
10.85	0.00006010839716118006
10.86	0.00006108191057071649
10.870000000000001	0.00006688706286542829
10.88	0.00007590922122788975
10.89	0.00008249186075587296
10.9	0.00008003608147591232
10.91	0.00007099161464616686
10.92	0.00006269189209022099
10.93	0.00005865586994015941
10.94	0.00005949379046195994
10.950000000000001	0.00006502205438746234
10.96	0.00007356359366534232
10.97	0.00007951298843897896
10.98	0.00007676757097497172
10.99	0.00006809795350745512
11.	0.00006044975386782258
11.01	0.00005700999982259481
11.02	0.00005831135870212975
11.03	0.00006406803820970932
11.040000000000001	0.00007219086568272522
11.05	0.00007672660319402111
11.06	0.00007277031835318735
11.07	0.00006433477608552677
11.08	0.0000577151839319369
11.09	0.00005536634110812641
11.1	0.00005761278223515788
11.11	0.00006390931819257336
11.120000000000001	0.00007133103699878099
11.13	0.00007354883797669085
11.14	0.00006794693216294512
11.15	0.00006001030582631745
11.16	0.00005486423972086179
11.17	0.000054050506262621505
11.18	0.000057616821798845424
11.19	0.0000644467700389358
11.200000000000001	0.00007031548019310206
11.21	0.000069354210182516
11.22	0.00006243267422967251
11.23	0.00005565617761826209
11.24	0.00005246788684574212
11.25	0.00005357117139390037
11.26	0.0000585990067116307
11.27	0.00006527471129842981
11.28	0.00006808920334447082
11.290000000000001	0.00006375246933238926
11.3	0.000056618590328415436
11.31	0.00005173951254428773
11.32	0.0000508455905082417
11.33	0.00005402362272640996
11.34	0.00006009819875161318
11.35	0.00006496371007681838
11.36	0.00006351160780908866
11.370000000000001	0.00005714603905679701
11.38	0.00005137831743399873
11.39	0.00004907204601640759
11.4	0.000050750421615200835
11.41	0.00005579954474165407
11.42	0.00006131913206634247
11.43	0.00006204136941002153
11.44	0.000056924010872785195
11.450000000000001	0.000050896341899609056
11.46	0.00004769173112608245
11.47	0.00004829015407775526
11.48	0.00005238895306666453
11.49	0.00005785251102961328
11.5	0.00005984519498299937
11.51	0.00005591153036200481
11.52	0.00005003171888359081
11.53	0.000046380114966543785
11.540000000000001	0.00004631444214872386
11.55	0.00004971999163822985
11.56	0.000054878382593650004
11.57	0.0000574145526120528
11.58	0.00005430608953577927
11.59	0.00004877099932263771
11.6	0.00004505424604490666
11.61	0.00004469986498587629
11.620000000000001	0.000047673888194302465
11.63	0.000052441802287731124
11.64	0.00005494333795470247
11.65	0.000052144664121985054
11.66	0.00004691417552458982
11.67	0.00004334670679287056
11.68	0.00004300120897852426
11.69	0.00004584805058183901
11.700000000000001	0.00005031488004388716
11.71	0.00005245454203877027
11.72	0.000049617854308794865
11.73	0.00004473462559137762
11.74	0.00004158835527197428
11.75	0.000041547678668747896
11.76	0.00004447470858062918
11.77	0.000048598107654109434
11.78	0.000050009998156870995
11.790000000000001	0.00004684203517861893
11.8	0.00004234016708044471
11.81	0.00003981291210862507
11.82	0.000040295571444921553
11.83	0.000043431029882864166
11.84	0.00004707181207337069
11.85	0.00004743065972225518
11.86	0.00004384564226279659
11.870000000000001	0.0000398714604348969
11.88	0.00003816118696336128
11.89	0.00003933665262797361
11.9	0.00004268799107300703
11.91	0.00004555105901818004
11.92	0.00004463712194637003
11.93	0.00004081840475219782
11.94	0.00003761246198412769
11.950000000000001	0.00003686164847233518
11.96	0.00003874827576621343
11.97	0.000042038895403654474
11.98	0.000043588608296994864
11.99	0.00004132777084454287
12.	0.00003760082562525773
12.01	0.00003539340606051268
12.02	0.000035748887921728396
12.030000000000001	0.000038321749032446664
12.040000000000001	0.00004110561200788621
12.05	0.00004096528400897873
12.06	0.00003782626015557435
12.07	0.00003477082162907086
12.08	0.000033809812350479766
12.09	0.00003526188887431348
12.1	0.00003809591007247812
12.11	0.00003956556303400082
12.120000000000001	0.000037705390666243284
12.13	0.00003446842401723192
12.14	0.00003255430519709222
12.15	0.000032932308157479015
12.16	0.000035224987948551134
12.17	0.000037481177073389665
12.18	0.000037008896960382035
12.19	0.000034155126280828446
12.200000000000001	0.00003169113031972456
12.21	0.000031211459872019144
12.22	0.0000328170542238813
12.23	0.00003524666480796314
12.24	0.0000358795855499298
12.25	0.000033730444364624365
12.26	0.00003104744038950256
12.27	0.000029894687304400315
12.280000000000001	0.000030789901608645456
12.290000000000001	0.000032971375998636984
12.3	0.000034200711972876865
12.31	0.00003274796770611117
12.32	0.000030126418201886298
12.33	0.000028608281194202486
12.34	0.000029015629663380622
12.35	0.00003091320254155506
12.36	0.000032461663558471936
12.370000000000001	0.00003162610037930035
12.38	0.000029215833059343046
12.39	0.00002750313893850767
12.4	0.000027550418636411536
12.41	0.000029150567638847666
12.42	0.00003078116296008765
12.43	0.000030362527768676657
12.44	0.00002819734431830811
12.450000000000001	0.00002643150178331365
12.46	0.000026263513924603885
12.47	0.000027628902632058507
12.48	0.000029221531610703866
12.49	0.000029036038490500417
12.5	0.000027096163145276086
12.51	0.000025389333064080737
12.52	0.00002515248491876128
12.530000000000001	0.00002638934684294049
12.540000000000001	0.000027908573485418365
12.55	0.00002779613545883784
12.56	0.000025980184649461545
12.57	0.000024325619055122158
12.58	0.000024038803082154623
12.59	0.000025127547729529337
12.6	0.000026453036464460512
12.61	0.000026256651197132673
12.620000000000001	0.000024559431415484862
12.63	0.000023096747616182077
12.64	0.000022934867934023213
12.65	0.000024014774810300806
12.66	0.000025181742418452163
12.67	0.000024840920011863445
12.68	0.00002322322318794857
12.69	0.000021968871224738654
12.700000000000001	0.00002196997110100473
12.71	0.000023053385731491013
12.72	0.000024002659576205195
12.73	0.000023444440583522974
12.74	0.00002190535865458494
12.75	0.000020904730174908687
12.76	0.000021114995309064674
12.77	0.00002220211777371393
12.780000000000001	0.00002287399803300002
12.790000000000001	0.00002208392232195425
12.8	0.00002068447342547585
12.81	0.00002001296375717869
12.82	0.00002048190288308066
12.83	0.000021530847070131867
12.84	0.000021807494642953865
12.85	0.000020739011846870143
12.86	0.000019464599636244638
12.870000000000001	0.000019064559091073052
12.88	0.000019681139478514886
12.89	0.000020543592999616618
12.9	0.000020401102684987364
12.91	0.00001923868580988235
12.92	0.00001827724270723337
12.93	0.000018257610515782807
12.94	0.00001903058526117267
12.950000000000001	0.00001961094262502921
12.96	0.000019053520131265825
12.97	0.00001792003965161745
12.98	0.0000173231892804306
12.99	0.00001764282808027862
13.	0.000018421306135519846
13.01	0.000018570551978152672
13.02	0.000017706352783203322
13.030000000000001	0.000016775962001479898
13.040000000000001	0.000016592716635750108
13.05	0.000017174280728133243
13.06	0.00001776588849326998
13.07	0.00001744985641596177
13.08	0.0000165248157013641
13.09	0.00001597501876012185
13.1	0.000016193081517130935
13.11	0.00001681499426540459
13.120000000000001	0.00001692790818779788
13.13	0.000016167546297215763
13.14	0.00001533102141641448
13.15	0.000015139207245097245
13.16	0.000015602865973425225
13.17	0.000016043958155139315
13.18	0.000015693127539434218
13.19	0.000014864653600070534
13.200000000000001	0.000014404666993062206
13.21	0.000014623119189516249
13.22	0.000015145583752611435
13.23	0.00001515492955446108
13.24	0.0000144734279656859
13.25	0.000013848688266658737
13.26	0.000013816947847723067
13.27	0.000014269080695815839
13.280000000000001	0.000014524754877862695
13.290000000000001	0.000014074959486080117
13.3	0.000013404592990535917
13.31	0.000013179396744854253
13.32	0.000013508221380739873
13.33	0.000013905728323997203
13.34	0.000013723976213067
13.35	0.000013122759989217047
13.36	0.000012755196806873457
13.370000000000001	0.00001288171825155343
13.38	0.000013221377260020205
13.39	0.00001314763484602269
13.4	0.000012567823392025296
13.41	0.000012087101287392003
13.42	0.000012094229625696602
13.43	0.000012433652371251911
13.44	0.000012522796805620118
13.450000000000001	0.000012078981975000405
13.46	0.000011584306065068483
13.47	0.000011498466431258235
13.48	0.000011785818407124391
13.49	0.000011955544267597894
13.5	0.000011623865405235807
13.51	0.000011138876792285724
13.52	0.000010986187837254546
13.530000000000001	0.000011216762457724753
13.540000000000001	0.000011427055741553074
13.55	0.00001119293886565015
13.56	0.000010747287711955626
13.57	0.000010572364190600896
13.58	0.000010779199359432704
13.59	0.000011034539620082892
13.6	0.000010894047989821878
13.61	0.000010471858987234829
13.620000000000001	0.000010218227192046017
13.63	0.000010302803511513768
13.64	0.000010466615281260602
13.65	0.00001029982054008606
13.66	9.889603927704185e-6
13.67	9.657097662671706e-6
13.68	9.753189651496682e-6
13.69	9.933512382967052e-6
13.700000000000001	9.810637443200345e-6
13.71	9.448270437575672e-6
13.72	9.237601122920053e-6
13.73	9.326953845215227e-6
13.74	9.493658801739524e-6
13.75	9.381857037047046e-6
13.76	9.053642387575903e-6
13.77	8.86993800497716e-6
13.780000000000001	8.962273387880793e-6
13.790000000000001	9.116949974088587e-6
13.8	9.014035426672677e-6
13.81	8.73395858589205e-6
13.82	8.610358234311546e-6
13.83	8.744117399271348e-6
13.84	8.900528582416972e-6
13.85	8.7657900426183e-6
13.86	8.445912638766608e-6
13.870000000000001	8.271169399668962e-6
13.88	8.325751047200687e-6
13.89	8.387610284514077e-6
13.9	8.216948098997591e-6
13.91	7.95180616265857e-6
13.92	7.85417375146934e-6
13.93	7.946170875232836e-6
13.94	7.995284579439079e-6
13.950000000000001	7.820871158716443e-6
13.96	7.598260584065221e-6
13.97	7.5485690560799875e-6
13.98	7.648229939142715e-6
13.99	7.662722778309575e-6
14.	7.480493672927112e-6
14.01	7.3040005569681356e-6
14.02	7.3044015184160555e-6
14.030000000000001	7.411769765737928e-6
14.040000000000001	7.403562372086386e-6
14.05	7.248456159904795e-6
14.06	7.156368088141561e-6
14.07	7.220705992663241e-6
14.08	7.292838133401103e-6
14.09	7.1746714801795515e-6
14.1	6.9418268331693655e-6
14.11	6.811930144143954e-6
14.120000000000001	6.834214405133164e-6
14.13	6.852969259904722e-6
14.14	6.723265471605122e-6
14.15	6.554606635707361e-6
14.16	6.507356175157377e-6
14.17	6.563346682141836e-6
14.18	6.553068361374519e-6
14.19	6.411540713793911e-6
14.200000000000001	6.289873766223139e-6
14.21	6.293844614340891e-6
14.22	6.347647856960141e-6
14.23	6.296838777415826e-6
14.24	6.163999530467992e-6
14.25	6.1040922625085304e-6
14.26	6.15885719854495e-6
14.27	6.212212269863937e-6
14.280000000000001	6.160801573396257e-6
14.290000000000001	6.0851849345034505e-6
14.3	6.0731173284528896e-6
14.31	6.0824513330607655e-6
14.32	6.007034278878209e-6
14.33	5.847650683543524e-6
14.34	5.73461348634762e-6
14.35	5.725523977130224e-6
14.36	5.73471207762645e-6
14.370000000000001	5.655444694366098e-6
14.38	5.541448474169524e-6
14.39	5.501152877807385e-6
14.4	5.52756965021677e-6
14.41	5.511492278086196e-6
14.42	5.416826883556808e-6
14.43	5.343638255623004e-6
14.44	5.351032075179766e-6
14.450000000000001	5.376145332770745e-6
14.46	5.330130672771439e-6
14.47	5.256562593170851e-6
14.48	5.25081662883871e-6
14.49	5.311075512141055e-6
14.5	5.343061103869887e-6
14.51	5.298195899220173e-6
14.52	5.2299502119035426e-6
14.530000000000001	5.188587804440668e-6
14.540000000000001	5.148252532927353e-6
14.55	5.055122861835091e-6
14.56	4.953507711878148e-6
14.57	4.913055163389109e-6
14.58	4.916058036848631e-6
14.59	4.883149115282386e-6
14.6	4.806078491058635e-6
14.61	4.757937195755826e-6
14.620000000000001	4.762285984723524e-6
14.63	4.75987927476002e-6
14.64	4.7058487587151135e-6
14.65	4.652072393614994e-6
14.66	4.649253734707212e-6
14.67	4.668567043427096e-6
14.68	4.65126200917785e-6
14.69	4.6183961779105466e-6
14.700000000000001	4.632607204363205e-6
14.71	4.688768344266296e-6
14.72	4.7060055281529446e-6
14.73	4.640644488942781e-6
14.74	4.556198104146518e-6
14.75	4.507270773325551e-6
14.76	4.465383296080236e-6
14.77	4.39556724787247e-6
14.780000000000001	4.332962187886293e-6
14.790000000000001	4.311979925564328e-6
14.8	4.305920925688999e-6
14.81	4.2692669092885656e-6
14.82	4.219616955880958e-6
14.83	4.200149277185075e-6
14.84	4.203663277335914e-6
14.85	4.186340068141096e-6
14.86	4.148129495654996e-6
14.870000000000001	4.1323478943748245e-6
14.88	4.1481555487979606e-6
14.89	4.160561503620589e-6
14.9	4.157838336330835e-6
14.91	4.175139867952544e-6
14.92	4.214011282523954e-6
14.93	4.212925892593025e-6
14.94	4.141875282192009e-6
14.950000000000001	4.058602418432178e-6
14.96	4.008948421483016e-6
14.97	3.9763795400852594e-6
14.98	3.930038478290555e-6
14.99	3.884251945877567e-6
15.	3.863824231170491e-6
15.01	3.855909687195488e-6
15.02	3.831230429681432e-6
15.030000000000001	3.798542020091739e-6
15.040000000000001	3.785025742107339e-6
15.05	3.786072575437659e-6
15.06	3.7752908466765906e-6
15.07	3.7564228904318576e-6
15.08	3.7573333152902768e-6
15.09	3.781128038402549e-6
15.1	3.806191739486484e-6
15.11	3.827225269410272e-6
15.120000000000001	3.846308640215888e-6
15.13	3.835871786339952e-6
15.14	3.7796882122829823e-6
15.15	3.7049553924538035e-6
15.16	3.6490155249468135e-6
15.17	3.6181812923890014e-6
15.18	3.590228623140907e-6
15.19	3.555377965335346e-6
15.200000000000001	3.5302643057709036e-6
15.21	3.5204481425968547e-6
15.22	3.5087475667073305e-6
15.23	3.4874202743655052e-6
15.24	3.4729610435829207e-6
15.25	3.47280291458328e-6
15.26	3.4733061262574297e-6
15.27	3.468833950312927e-6
15.280000000000001	3.476758951108688e-6
15.290000000000001	3.5068448287836796e-6
15.3	3.545190516375472e-6
15.31	3.568796358398443e-6
15.32	3.55860647742444e-6
15.33	3.5147351992736606e-6
15.34	3.4558746536282724e-6
15.35	3.397602391023295e-6
15.36	3.3551154966832152e-6
15.370000000000001	3.330298760440437e-6
15.38	3.3089530257094894e-6
15.39	3.284482421512325e-6
15.4	3.2668449694779885e-6
15.41	3.258934984403008e-6
15.42	3.250101406380624e-6
15.43	3.2374459544150734e-6
15.44	3.231928079670942e-6
15.450000000000001	3.2368511109335415e-6
15.46	3.244478580882206e-6
15.47	3.2563137499587446e-6
15.48	3.284682475083276e-6
15.49	3.326905807356922e-6
15.5	3.3524513099959925e-6
15.51	3.3312392326184666e-6
15.52	3.278168568471028e-6
15.530000000000001	3.2242277449736117e-6
15.540000000000001	3.1770406904294663e-6
15.55	3.1389295570627182e-6
15.56	3.1140564694700397e-6
15.57	3.097350741705813e-6
15.58	3.0802165656947623e-6
15.59	3.064850571504365e-6
15.6	3.0567021205028707e-6
15.610000000000001	3.0521952541146803e-6
15.620000000000001	3.046430501715687e-6
15.63	3.044674523465624e-6
15.64	3.0528849426667537e-6
15.65	3.0692709150757866e-6
15.66	3.0934200729286825e-6
15.67	3.1298375981291817e-6
15.68	3.1657571719106972e-6
15.69	3.1647919389383752e-6
15.700000000000001	3.1184336266038734e-6
15.71	3.0613634799834266e-6
15.72	3.01567976499937e-6
15.73	2.9799525434282215e-6
15.74	2.951756999251267e-6
15.75	2.9326566962858164e-6
15.76	2.91956578847155e-6
15.77	2.9072711014256423e-6
15.780000000000001	2.8971834942784147e-6
15.790000000000001	2.8926255305461377e-6
15.8	2.8915921799863738e-6
15.81	2.8923212525795275e-6
15.82	2.8996063843125035e-6
15.83	2.9180764832784278e-6
15.84	2.9475111371205766e-6
15.85	2.9850655922724123e-6
15.860000000000001	3.016007455769675e-6
15.870000000000001	3.0098809640085645e-6
15.88	2.963444327975745e-6
15.89	2.9079242812702463e-6
15.9	2.8642410818159166e-6
15.91	2.832974958668105e-6
15.92	2.8088104950885346e-6
15.93	2.790806915270133e-6
15.94	2.7788853899119737e-6
15.950000000000001	2.7699479015821708e-6
15.96	2.762538192678651e-6
15.97	2.759120269167547e-6
15.98	2.760682606137701e-6
15.99	2.766302970188159e-6
16.	2.7786191568804132e-6
16.01	2.8026996468508336e-6
16.02	2.838999920613243e-6
16.03	2.8767778350712608e-6
16.04	2.8894693203818045e-6
16.05	2.859494913213203e-6
16.06	2.8072659223171004e-6
16.07	2.758703725852208e-6
16.080000000000002	2.7229165556760266e-6
16.09	2.6979813325216193e-6
16.1	2.6793007273346603e-6
16.11	2.6653718468657393e-6
16.12	2.6562079161844994e-6
16.13	2.6502185254502173e-6
16.14	2.6465556937596516e-6
16.15	2.6470709710303508e-6
16.16	2.6533258029279698e-6
16.17	2.6661482401520456e-6
16.18	2.6886779988266082e-6
16.19	2.7236914086721283e-6
16.2	2.7626782438204422e-6
16.21	2.7782057551953357e-6
16.22	2.75089897670531e-6
16.23	2.700895414386683e-6
16.240000000000002	2.6539861374905256e-6
16.25	2.618383442560018e-6
16.26	2.5935440434575206e-6
16.27	2.5761408717039732e-6
16.28	2.5632595979335688e-6
16.29	2.55435511034374e-6
16.3	2.549316289353249e-6
16.31	2.547392838432901e-6
16.32	2.5492164152936973e-6
16.330000000000002	2.5570011976043295e-6
16.34	2.5728054638617893e-6
16.35	2.598890544833198e-6
16.36	2.6357783383904617e-6
16.37	2.670799971764717e-6
16.38	2.674373297494861e-6
16.39	2.637752788683032e-6
16.4	2.588140411506787e-6
16.41	2.546273201270569e-6
16.42	2.5155393672402178e-6
16.43	2.494033189695999e-6
16.44	2.4792268413884254e-6
16.45	2.46879869242208e-6
16.46	2.4619289927249694e-6
16.47	2.4588161459198516e-6
16.48	2.459502791276037e-6
16.490000000000002	2.464793500094172e-6
16.5	2.4770740741258904e-6
16.51	2.499116799943951e-6
16.52	2.5321968383581406e-6
16.53	2.5697116689980607e-6
16.54	2.587370033501122e-6
16.55	2.5640918196539385e-6
16.56	2.517010889071796e-6
16.57	2.4726826745286905e-6
16.580000000000002	2.4395797726617625e-6
16.59	2.416195158656077e-6
16.6	2.4000106228796065e-6
16.61	2.3890966376837747e-6
16.62	2.3820167321417136e-6
16.63	2.3784489604939334e-6
16.64	2.3788997159987803e-6
16.65	2.384138282074041e-6
16.66	2.3958967990575438e-6
16.67	2.417084263032331e-6
16.68	2.44936392966367e-6
16.69	2.4862073468126876e-6
16.7	2.504218837422368e-6
16.71	2.482681677987244e-6
16.72	2.437371618106225e-6
16.73	2.394117322538411e-6
16.740000000000002	2.3618405798380158e-6
16.75	2.3393132688744582e-6
16.76	2.3237666247404975e-6
16.77	2.3134014650940667e-6
16.78	2.307095267975817e-6
16.79	2.3043855338610935e-6
16.8	2.305767945577532e-6
16.81	2.3124072747991866e-6
16.82	2.3261699873999104e-6
16.830000000000002	2.3497277102640706e-6
16.84	2.383637564328336e-6
16.85	2.4173376535573526e-6
16.86	2.42466907228998e-6
16.87	2.3943700317625576e-6
16.88	2.3493132733448757e-6
16.89	2.3103688560931152e-6
16.9	2.282221224763999e-6
16.91	2.262876549695159e-6
16.92	2.2497618843478322e-6
16.93	2.241331188047387e-6
16.94	2.236855982119549e-6
16.95	2.2362143294982003e-6
16.96	2.240145598873797e-6
16.97	2.2502599114866537e-6
16.98	2.2688640771710105e-6
16.990000000000002	2.297888014621416e-6
17.	2.3330643542360615e-6
17.01	2.3541794350110422e-6
17.02	2.3388124606593472e-6
17.03	2.297784351198701e-6
17.04	2.2564729491893973e-6
17.05	2.225093633006686e-6
17.06	2.2033257072781736e-6
17.07	2.188665681809223e-6
17.080000000000002	2.1791421195574637e-6
17.09	2.1737810745680876e-6
17.1	2.1723734529194814e-6
17.11	2.175380945497218e-6
17.12	2.184157406342356e-6
17.13	2.2008953557115794e-6
17.14	2.2276146775938034e-6
17.150000000000002	2.2615143415652193e-6
17.16	2.285343432602068e-6
17.17	2.275438744208837e-6
17.18	2.2375086919979556e-6
17.19	2.196719669183543e-6
17.2	2.1651310557396875e-6
17.21	2.1431302491849206e-6
17.22	2.12837696406953e-6
17.23	2.118912277889271e-6
17.240000000000002	2.1136701629286917e-6
17.25	2.1124417278145515e-6
17.26	2.115745448134619e-6
17.27	2.1249294118857464e-6
17.28	2.1422009263509183e-6
17.29	2.16932486880531e-6
17.3	2.2021662377640424e-6
17.31	2.221840097284416e-6
17.32	2.207481009634922e-6
17.330000000000002	2.169230076752948e-6
17.34	2.1308268862966016e-6
17.35	2.1018274733445725e-6
17.36	2.081863492568041e-6
17.37	2.0686457991355043e-6
17.38	2.0604550466188814e-6
17.39	2.056430905788412e-6
17.400000000000002	2.0565442312189874e-6
17.41	2.061560164583725e-6
17.42	2.0730853142075332e-6
17.43	2.093331965319503e-6
17.44	2.122737759543265e-6
17.45	2.1523936767081105e-6
17.46	2.159569372256898e-6
17.47	2.1337831588362815e-6
17.48	2.0947661783762327e-6
17.490000000000002	2.0610855976274746e-6
17.5	2.0369627320587587e-6
17.51	2.0207529190320587e-6
17.52	2.010382754769521e-6
17.53	2.0045792879864543e-6
17.54	2.0028902899517776e-6
17.55	2.0056494694501693e-6
17.56	2.0140556279568842e-6
17.57	2.030129998207322e-6
17.580000000000002	2.055443004183053e-6
17.59	2.0857795108236087e-6
17.6	2.103030330134376e-6
17.61	2.088462789615422e-6
17.62	2.052652618069501e-6
17.63	2.017378147762031e-6
17.64	1.990994022714408e-6
17.650000000000002	1.9730362717148593e-6
17.66	1.9614042415689114e-6
17.67	1.954600476811541e-6
17.68	1.951993070592914e-6
17.69	1.9537610860888465e-6
17.7	1.960926095851703e-6
17.71	1.975308341858373e-6
17.72	1.998568062060705e-6
17.73	2.027755843227209e-6
17.740000000000002	2.0471148944719247e-6
17.75	2.036867714576492e-6
17.76	2.0036575742926694e-6
17.77	1.9690384097210453e-6
17.78	1.9426739306762767e-6
17.79	1.9246719702178147e-6
17.8	1.913047107267768e-6
17.81	1.906293245087681e-6
17.82	1.9037683235027427e-6
17.830000000000002	1.9056575576477455e-6
17.84	1.9129792703953655e-6
17.85	1.927508735249724e-6
17.86	1.9506469341165947e-6
17.87	1.9785860079310313e-6
17.88	1.9947649723947757e-6
17.89	1.9816946200093834e-6
17.900000000000002	1.948808944342029e-6
17.91	1.916306962670714e-6
17.92	1.8920737046221158e-6
17.93	1.8757520133045024e-6
17.94	1.8654269907086378e-6
17.95	1.8597312740747215e-6
17.96	1.8581916987311663e-6
17.97	1.8612163161455778e-6
17.98	1.870031709063342e-6
17.990000000000002	1.8864251046416032e-6
18.	1.9108615507591027e-6
18.01	1.9362426706012077e-6
18.02	1.943447017647896e-6
18.03	1.922421287407466e-6
18.04	1.8893099594689376e-6
18.05	1.860466335855758e-6
18.06	1.83991178441152e-6
18.07	1.8263942586530579e-6
18.080000000000002	1.8182236367445492e-6
18.09	1.8144477090141005e-6
18.1	1.8149545246147265e-6
18.11	1.820463169655666e-6
18.12	1.8324657941575401e-6
18.13	1.8524100608526343e-6
18.14	1.8778845302468763e-6
18.150000000000002	1.895354888393249e-6
18.16	1.8870801349498435e-6
18.17	1.8581128885265697e-6
18.18	1.8275315340158252e-6
18.19	1.8042433491134489e-6
18.2	1.7885116374032822e-6
18.21	1.778658061576939e-6
18.22	1.7734446016148438e-6
18.23	1.7724571516945317e-6
18.240000000000002	1.7761109462043348e-6
18.25	1.7856242358844987e-6
18.26	1.8025515474903738e-6
18.27	1.8261621488336942e-6
18.28	1.8467346282451376e-6
18.29	1.845972622009426e-6
18.3	1.8216770128626138e-6
18.31	1.7915763991401958e-6
18.32	1.7673711404160625e-6
18.330000000000002	1.7506613442917092e-6
18.34	1.7399899781815142e-6
18.35	1.7340780435972822e-6
18.36	1.7324052083455327e-6
18.37	1.7352497079891409e-6
18.38	1.7436810483170794e-6
18.39	1.7591723258066444e-6
18.400000000000002	1.781311382295295e-6
18.41	1.8015717912856344e-6
18.42	1.8024713957750004e-6
18.43	1.7802048077774042e-6
18.44	1.75125202521367e-6
18.45	1.727607245855831e-6
18.46	1.7112768593420343e-6
18.47	1.700942685454692e-6
18.48	1.6953255543497986e-6
18.490000000000002	1.6939031217405507e-6
18.5	1.6969697393356053e-6
18.51	1.7055938347494563e-6
18.52	1.721122612800455e-6
18.53	1.7425984899910982e-6
18.54	1.7605296267700756e-6
18.55	1.7583224406438588e-6
18.56	1.735321261080704e-6
18.57	1.7079486403449555e-6
18.580000000000002	1.6862881378895927e-6
18.59	1.6715646444269756e-6
18.6	1.6624527460812737e-6
18.61	1.6578433350004256e-6
18.62	1.65739188340458e-6
18.63	1.6615579216307908e-6
18.64	1.6715047006446938e-6
18.650000000000002	1.6882560142016077e-6
18.66	1.709143937773465e-6
18.67	1.7219195506430168e-6
18.68	1.7127383238063378e-6
18.69	1.687865287530303e-6
18.7	1.6628692142012986e-6
18.71	1.64425282628675e-6
18.72	1.631993243546932e-6
18.73	1.6247902536656106e-6
18.740000000000002	1.6218278140817825e-6
18.75	1.6230685010565443e-6
18.76	1.6292478404788308e-6
18.77	1.6415754822577215e-6
18.78	1.659996919789333e-6
18.79	1.6780754140991772e-6
18.8	1.6808656072278094e-6
18.81	1.6629547100456685e-6
18.82	1.6377911444790017e-6
18.830000000000002	1.6167514574035025e-6
18.84	1.6021962314400826e-6
18.85	1.5931347060190698e-6
18.86	1.5885018132540864e-6
18.87	1.5879248548728937e-6
18.88	1.5918034545133026e-6
18.89	1.601177417002713e-6
18.900000000000002	1.616768109539734e-6
18.91	1.6353149048865753e-6
18.92	1.6446543422834182e-6
18.93	1.6336975038748038e-6
18.94	1.6104515800350468e-6
18.95	1.5884682454094132e-6
18.96	1.5725389689896816e-6
18.97	1.5623149512540211e-6
18.98	1.5566818747133438e-6
18.990000000000002	1.5550778852985394e-6
19.	1.5576941505279657e-6
19.01	1.5654015465282502e-6
19.02	1.579078631038989e-6
19.03	1.5967407095989218e-6
19.04	1.6083654642171759e-6
19.05	1.6014832550505418e-6
19.06	1.5803264516413122e-6
19.07	1.5585190369624107e-6
19.080000000000002	1.54221055203029e-6
19.09	1.5315752063663474e-6
19.1	1.5255521764862014e-6
19.11	1.5235123802961427e-6
19.12	1.5255512996454074e-6
19.13	1.5324359520006811e-6
19.14	1.5450038170477043e-6
19.150000000000002	1.561551295902243e-6
19.16	1.5728907719358135e-6
19.17	1.5669686883940096e-6
19.18	1.547154483515009e-6
19.19	1.5263946018921208e-6
19.2	1.5107963186286886e-6
19.21	1.5006398177003836e-6
19.22	1.4949484003012508e-6
19.23	1.4931466898383689e-6
19.240000000000002	1.4953597211011501e-6
19.25	1.5023406417649897e-6
19.26	1.5147644909019307e-6
19.27	1.5303934904250808e-6
19.28	1.539560082225625e-6
19.29	1.5317589730949243e-6
19.3	1.5122414465271862e-6
19.31	1.49300985527533e-6
19.32	1.478926509036935e-6
19.330000000000002	1.469959251632899e-6
19.34	1.4652173359333105e-6
19.35	1.4642747174676032e-6
19.36	1.4673703691540106e-6
19.37	1.4752337088569642e-6
19.38	1.4880883295598823e-6
19.39	1.5022666406553758e-6
19.400000000000002	1.5069953852566845e-6
19.41	1.495346895407743e-6
19.42	1.4759294607208355e-6
19.43	1.4588034073912336e-6
19.44	1.446822670489366e-6
19.45	1.4394976954884735e-6
19.46	1.436069761049617e-6
19.47	1.4363429224012062e-6
19.48	1.4407638525522265e-6
19.490000000000002	1.450060940812204e-6
19.5	1.4634879659854126e-6
19.51	1.474680423991761e-6
19.52	1.4726703021614557e-6
19.53	1.4571237480463225e-6
19.54	1.4389150477168384e-6
19.55	1.4246974486732518e-6
19.56	1.4153389787294035e-6
19.57	1.4101031140696413e-6
19.580000000000002	1.4084923033943911e-6
19.59	1.4106255182958518e-6
19.6	1.4171353525769398e-6
19.61	1.4282837571059736e-6
19.62	1.4409458880870888e-6
19.63	1.4455870966230249e-6
19.64	1.4355748073290806e-6
19.650000000000002	1.4182537524472914e-6
19.66	1.402833334969229e-6
19.67	1.3920798068391521e-6
19.68	1.385627536880735e-6
19.69	1.382803447838816e-6
19.7	1.383426957524129e-6
19.71	1.387949156319837e-6
19.72	1.396951316702901e-6
19.73	1.4089607361976707e-6
19.740000000000002	1.4167132514437968e-6
19.75	1.4112791185040977e-6
19.76	1.3957971390050948e-6
19.77	1.3800411714751163e-6
19.78	1.368405627465157e-6
19.79	1.3610673421011475e-6
19.8	1.3573867712092691e-6
19.81	1.3571077114358815e-6
19.82	1.360536990594357e-6
19.830000000000002	1.3682137085298285e-6
19.84	1.3793061901780337e-6
19.85	1.388067529998887e-6
19.86	1.3853612540312354e-6
19.87	1.3717106761249157e-6
19.88	1.3563796139009662e-6
19.89	1.3446261853367583e-6
19.900000000000002	1.3370523203360785e-6
19.91	1.3330826593976494e-6
19.92	1.3324137470204416e-6
19.93	1.3352778037816858e-6
19.94	1.3421733806034898e-6
19.95	1.3524500028332177e-6
19.96	1.3610016453468622e-6
19.97	1.3591163748839853e-6
19.98	1.3465956547249167e-6
19.990000000000002	1.3320957164541901e-6
20.	1.3208691130091245e-6