0.	0.
0.01	0.000028603030013575772
0.02	0.000057226511637351054
0.03	0.00008589093490912457
0.04	0.00011461686686274053
0.05	0.00014342499037909114
0.06	0.00017233614346311572
0.07	0.0002013713590928544
0.08	0.00023055190579014174
0.09	0.000259899329066997
0.1	0.00028943549390722333
0.11	0.00031918262844922175
0.12	0.00034916336904361825
0.13	0.0003794008068680641
0.14	0.00040991853629159794
0.15	0.0004407407051923256
0.16	0.00047189206744503406
0.17	0.000503398037809793
0.18	0.0005352847494687955
0.19	0.0005675791144768061
0.2	0.000600308887410792
0.21	0.0006335027325268658
0.22	0.0006671902947577809
0.23	0.0007014022749121854
0.24	0.0007361705094679686
0.25	0.0007715280553867224
0.26	0.0008075092804149005
0.27	0.0008441499593803101
0.28	0.0008814873770404712
0.29	0.0009195604380928776
0.3	0.0009584097850168731
0.31	0.0009980779244835826
0.32	0.0010386093631449358
0.33	0.0010800507536963759
0.34	0.0011224510522015237
0.35000000000000003	0.0011658616877721821
0.36	0.001210336745815261
0.37	0.0012559331661911829
0.38	0.0013027109577782392
0.39	0.0013507334311065968
0.4	0.0014000674509169351
0.41000000000000003	0.0014507837107153774
0.42	0.00150295703164208
0.43	0.001556666688250111
0.44	0.0016119967641090936
0.45	0.0016690365405106072
0.46	0.001727880921966564
0.47000000000000003	0.0017886309026660385
0.48	0.001851394078600147
0.49	0.0019162852106901595
0.5	0.001983426844974859
0.51	0.0020529499967456414
0.52	0.0021249949064815394
0.53	0.002199711876554588
0.54	0.002277262198976836
0.55	0.0023578191859776358
0.56	0.002441569316974352
0.5700000000000001	0.002528713517580629
0.58	0.0026194685887441804
0.59	0.0027140688069935163
0.6	0.0028127677201901886
0.61	0.0029158401672399158
0.62	0.0030235845550485104
0.63	0.0031363254317851655
0.64	0.003254416402446116
0.65	0.0033782434410577445
0.66	0.003508228663948759
0.67	0.003644834640771049
0.68	0.0037885693348837413
0.6900000000000001	0.003939991783005608
0.7000000000000001	0.004099718646545362
0.71	0.004268431794844429
0.72	0.0044468871151464515
0.73	0.004635924787312355
0.74	0.004836481315584445
0.75	0.005049603678311764
0.76	0.005276466043799636
0.77	0.005518389612127632
0.78	0.0057768662867141015
0.79	0.00605358706624791
0.8	0.006350476292000534
0.81	0.006669733207774892
0.8200000000000001	0.007013882718257822
0.8300000000000001	0.0073858378064978365
0.84	0.007788976850038668
0.85	0.008227240140857595
0.86	0.00870525138797656
0.87	0.009228472043003873
0.88	0.009803399207306543
0.89	0.010437822064805636
0.9	0.011141157869202166
0.91	0.0119248974909043
0.92	0.012803203978644562
0.93	0.013793728079091716
0.9400000000000001	0.014918736421599407
0.9500000000000001	0.01620669824479481
0.96	0.017694557348143902
0.97	0.019431048778930184
0.98	0.021481642674098772
0.99	0.023936079424893047
1.	0.026920126128115604
1.01	0.030614360455139805
1.02	0.035284865819756255
1.03	0.04133427820641143
1.04	0.049387001658835084
1.05	0.06042682242290437
1.06	0.07598809044914367
1.07	0.0982621157896035
1.08	0.12934415595089777
1.09	0.16717277132533045
1.1	0.1973358412592429
1.11	0.19984274385143236
1.12	0.179956289092909
1.1300000000000001	0.1603646451376346
1.1400000000000001	0.1532511393553252
1.1500000000000001	0.1615162001458234
1.16	0.18647837363881611
1.17	0.22868762834437376
1.18	0.28008567073988294
1.19	0.3129884256481396
1.2	0.3032434183890053
1.21	0.27069833664096865
1.22	0.248077704057499
1.23	0.24926274965220724
1.24	0.2764623630272103
1.25	0.32342788458896576
1.26	0.36466239918613474
1.27	0.36552577107760054
1.28	0.3332149972962199
1.29	0.30609697059382585
1.3	0.3057094981524809
1.31	0.3334272223507743
1.32	0.37179000273852286
1.33	0.3847811161712089
1.34	0.36023937953316315
1.35	0.33076518448766723
1.36	0.32454447270114173
1.37	0.34423554753005287
1.3800000000000001	0.36823240361923776
1.3900000000000001	0.36476482099210905
1.4000000000000001	0.3372377526416153
1.41	0.31772410528940964
1.42	0.3214624722969912
1.43	0.3363780689422366
1.44	0.33462550815991715
1.45	0.31177624142716
1.46	0.2930633527410195
1.47	0.29239131414763914
1.48	0.29792317993373285
1.49	0.28846610505200226
1.5	0.2676711720412981
1.51	0.2553393163394055
1.52	0.25462438216174765
1.53	0.2500723742506774
1.54	0.2339003820919511
1.55	0.2190958924706002
1.56	0.2135810153984629
1.57	0.20829585238269577
1.58	0.1950642535945734
1.59	0.181800990152564
1.6	0.17494261405469524
1.61	0.1681588651084865
1.62	0.15641798861677178
1.6300000000000001	0.1457867644903737
1.6400000000000001	0.13922130157565737
1.6500000000000001	0.1314395039445982
1.6600000000000001	0.12133306883319586
1.67	0.11347766698187675
1.68	0.1072674050415724
1.69	0.09939050631748851
1.7	0.09169687360999523
1.71	0.08588955941634835
1.72	0.07976742539208809
1.73	0.07319545582805993
1.74	0.06789441533286021
1.75	0.0629264743746382
1.76	0.057613406590081614
1.77	0.053082256811624255
1.78	0.04900033674563797
1.79	0.04478746108517984
1.8	0.041107588987063064
1.81	0.037796918370699956
1.82	0.034501564441835074
1.83	0.03161424662804766
1.84	0.028982668126598384
1.85	0.026449770568505726
1.86	0.02423520733735583
1.87	0.02218540932269602
1.8800000000000001	0.02027873024400344
1.8900000000000001	0.018602308931704812
1.9000000000000001	0.01703942927332501
1.9100000000000001	0.015630363393894692
1.92	0.014369453760608867
1.93	0.013205823742437086
1.94	0.012172653919280787
1.95	0.011231590811160487
1.96	0.010382027083322564
1.97	0.009621621972671643
1.98	0.008929285134976067
1.99	0.008310769182391646
2.	0.007749744388795932
2.0100000000000002	0.007244983071651609
2.02	0.006789519703155945
2.0300000000000002	0.006377090919303139
2.04	0.006005162701652951
2.05	0.00566716318435845
2.06	0.00536130261440462
2.07	0.005082621978199625
2.08	0.004829116517909627
2.09	0.004597388410068344
2.1	0.004385393723031123
2.11	0.004190772317514714
2.12	0.004011706024804581
2.13	0.0038464731609720174
2.14	0.0036935856724398656
2.15	0.003551738100675774
2.16	0.0034197625448108425
2.17	0.0032966505315927823
2.18	0.0031815013888923274
2.19	0.003073531358300327
2.2	0.0029720488500694546
2.21	0.0028764438994252077
2.22	0.002786183813380791
2.23	0.0027007933102288577
2.24	0.002619858906843795
2.25	0.0025430091224603064
2.2600000000000002	0.0024699195810244418
2.27	0.002400298173774603
2.2800000000000002	0.002333887365257401
2.29	0.0022704552549763935
2.3000000000000003	0.0022097948968455615
2.31	0.0021517198179688423
2.32	0.0020960617732106485
2.33	0.0020426686079288944
2.34	0.0019914019313796026
2.35	0.0019421357813154466
2.36	0.0018947549245947762
2.37	0.0018491537218484927
2.38	0.00180523502732041
2.39	0.001762909230894279
2.4	0.001722093488198079
2.41	0.0016827109993230213
2.42	0.0016446904099388078
2.43	0.0016079652848452362
2.44	0.0015724736407330875
2.45	0.0015381575435456398
2.46	0.0015049627504588518
2.47	0.0014728383932473216
2.48	0.0014417366985976024
2.49	0.0014116127381279225
2.5	0.0013824242049930617
2.5100000000000002	0.0013541312136707091
2.52	0.0013266961195346583
2.5300000000000002	0.00130008335588219
2.54	0.0012742592863063435
2.5500000000000003	0.001249192070508774
2.56	0.0012248515420133553
2.57	0.0012012090964542942
2.58	0.001178237589272202
2.59	0.0011559112418189996
2.6	0.0011342055550078861
2.61	0.0011130972297513676
2.62	0.0010925640935242366
2.63	0.0010725850324696362
2.64	0.0010531399285344455
2.65	0.0010342096011786545
2.66	0.0010157757532538994
2.67	0.0009978209206901506
2.68	0.0009803284256674713
2.69	0.0009632823329829259
2.7	0.0009466674093517221
2.71	0.0009304690854072582
2.72	0.0009146734201872539
2.73	0.0008992670679131564
2.74	0.000884237246887729
2.75	0.0008695717103515944
2.7600000000000002	0.0008552587191536067
2.77	0.0008412870161026505
2.7800000000000002	0.0008276458018798147
2.79	0.0008143247124001967
2.8000000000000003	0.0008013137975228054
2.81	0.0007886035010154503
2.82	0.0007761846416890693
2.83	0.000764048395622858
2.84	0.0007521862794078329
2.85	0.0007405901343421775
2.86	0.0007292521115169501
2.87	0.0007181646577355143
2.88	0.0007073205022144339
2.89	0.0006967126440176129
2.9	0.0006863343401791725
2.91	0.0006761790944739977
2.92	0.000666240646798061
2.93	0.000656512963123596
2.94	0.0006469902259969764
2.95	0.0006376668255497091
2.96	0.0006285373509954595
2.97	0.0006195965825883086
2.98	0.0006108394840196923
2.99	0.0006022611952336288
3.	0.0005938570256419417
3.0100000000000002	0.0005856224477232585
3.02	0.0005775530909916736
3.0300000000000002	0.0005696447363230481
3.04	0.0005618933106291561
3.0500000000000003	0.0005542948818721503
3.06	0.0005468456544143242
3.0700000000000003	0.0005395419647008191
3.08	0.0005323802772759206
3.09	0.000525357181136949
3.1	0.0005184693864336129
3.11	0.000511713721525164
3.12	0.0005050871304129796
3.13	0.0004985866705724828
3.14	0.0004922095112158703
3.15	0.0004859529320263489
3.16	0.0004798143224158703
3.17	0.0004737911813723621
3.18	0.00046788111797990543
3.19	0.00046208185271728153
3.2	0.0004563912196681098
3.21	0.0004508071698113029
3.22	0.0004453277756061724
3.23	0.00043995123714561386
3.24	0.00043467589022785956
3.25	0.00042950021679869047
3.2600000000000002	0.00042442285835036456
3.27	0.0004194426330432273
3.2800000000000002	0.00041455855755831564
3.29	0.0004097698750192404
3.3000000000000003	0.00040507609077523415
3.31	0.00040047701846734505
3.3200000000000003	0.00039597283968452614
3.33	0.0003915641817733013
3.34	0.0003872522201722574
3.35	0.0003830388142762656
3.36	0.00037892668972614005
3.37	0.0003749196858529938
3.38	0.00037102309589135145
3.39	0.00036724414133481735
3.4	0.0003635926434980538
3.41	0.0003600819901835001
3.42	0.0003567305523995108
3.43	0.00035356380139931886
3.44	0.00035061753881618867
3.45	0.00034794293499264294
3.46	0.00034561456865794956
3.47	0.00034374354565695504
3.48	0.0003424993238014393
3.49	0.00034214640597274575
3.5	0.00034310524336898584
3.5100000000000002	0.0003460455830288633
3.52	0.0003519873176414471
3.5300000000000002	0.00036219894686222674
3.54	0.00037701620871330763
3.5500000000000003	0.0003919471098773638
3.56	0.00039517369630266816
3.5700000000000003	0.0003809608408762539
3.58	0.0003594905399246891
3.59	0.00034057969657130203
3.6	0.0003264817921685687
3.61	0.00031628781134676533
3.62	0.0003087889163804355
3.63	0.0003031206095139491
3.64	0.00029874780932765126
3.65	0.000295361865845633
3.66	0.0002928042813891281
3.67	0.0002910242092982824
3.68	0.0002900618293038509
3.69	0.000290052817911188
3.7	0.00029125488869819366
3.71	0.0002941040165291203
3.72	0.0002993157514967659
3.73	0.0003080516475844625
3.74	0.0003221414215788983
3.75	0.0003441405100950352
3.7600000000000002	0.0003760951459501204
3.77	0.0004138171921058301
3.7800000000000002	0.0004374328239566742
3.79	0.0004247562223785077
3.8000000000000003	0.00038636024735902344
3.81	0.0003474039446426367
3.8200000000000003	0.00031805279869217184
3.83	0.00029787615368184793
3.84	0.0002842808157858623
3.85	0.00027517799775506177
3.86	0.0002692519298049867
3.87	0.0002657689569750923
3.88	0.00026440526464712203
3.89	0.000265159732103413
3.9	0.0002683476062374256
3.91	0.00027467537016494334
3.92	0.0002854121497484685
3.93	0.0003026632800272396
3.94	0.00032959365565578855
3.95	0.00036965552273656273
3.96	0.00042144224100162334
3.97	0.0004657006640335165
3.98	0.00046736209906583635
3.99	0.0004237642018993856
4.	0.00036934498215697225
4.01	0.00032587845320662553
4.0200000000000005	0.0002959782135887977
4.03	0.00027642132535279706
4.04	0.000264069047763541
4.05	0.0002568946860067989
4.0600000000000005	0.00025382829870708646
4.07	0.0002545324252192588
4.08	0.00025931568847129964
4.09	0.0002692074528620727
4.1	0.000286189139327157
4.11	0.0003134636162559815
4.12	0.0003549942067091569
4.13	0.00041125730574260907
4.14	0.00046610409354736073
4.15	0.00048074513421437587
4.16	0.0004402337214400848
4.17	0.0003792971310912952
4.18	0.0003279425244196179
4.19	0.0002923291529388326
4.2	0.0002694274467316351
4.21	0.0002556115222540073
4.22	0.00024851831695004193
4.23	0.00024702992230376587
4.24	0.0002510795901573988
4.25	0.00026163665116967324
4.26	0.0002808839250626888
4.2700000000000005	0.0003123117028527853
4.28	0.000359328593109967
4.29	0.00041797688255934876
4.3	0.00046193256072046677
4.3100000000000005	0.0004536561089885871
4.32	0.00040040410793461864
4.33	0.0003416321511818777
4.34	0.00029709225367025824
4.3500000000000005	0.00026775538806798573
4.36	0.00024997889476827053
4.37	0.00024076708322322122
4.38	0.00023857942104889705
4.39	0.00024323601204186547
4.4	0.0002558839655053342
4.41	0.0002790664649443019
4.42	0.0003161448305831641
4.43	0.00036714165489129546
4.44	0.0004163888002703914
4.45	0.00042792076190778424
4.46	0.000389502647975746
4.47	0.00033380168002273755
4.48	0.00028775798363016975
4.49	0.00025667874166149414
4.5	0.00023788838201277713
4.51	0.00022841437226645464
4.5200000000000005	0.000226684316554127
4.53	0.00023262963044277764
4.54	0.00024764545805928517
4.55	0.0002743281203090749
4.5600000000000005	0.00031430393902588774
4.57	0.000359927074917811
4.58	0.0003838496817676676
4.59	0.00036274290040838494
4.6000000000000005	0.00031556760624338757
4.61	0.0002716563847255635
4.62	0.0002408437617319275
4.63	0.00022206680393099465
4.64	0.00021269235863913234
4.65	0.00021121650094855786
4.66	0.00021762630681390401
4.67	0.00023330442864769575
4.68	0.00026021576133485524
4.69	0.00029688268294435205
4.7	0.00032857443920170196
4.71	0.00032898107619961834
4.72	0.0002963314039541303
4.73	0.0002564489438204843
4.74	0.00022562107015256473
4.75	0.00020600679312379047
4.76	0.00019565413810409548
4.7700000000000005	0.000193005547885848
4.78	0.0001978149720973009
4.79	0.0002110758187473787
4.8	0.000233955060256391
4.8100000000000005	0.0002633836744605605
4.82	0.0002839967983078303
4.83	0.0002763347878920873
4.84	0.0002465390862988404
4.8500000000000005	0.00021567645096075432
4.86	0.00019342743891229516
4.87	0.00018018777665365082
4.88	0.0001744522125571174
4.89	0.00017544295072177067
4.9	0.00018349065731377252
4.91	0.00019938545700023044
4.92	0.0002213901750270113
4.93	0.00023889479983292018
4.94	0.00023576129390631638
4.95	0.0002136215975106025
4.96	0.00018896485593419493
4.97	0.0001707876384392876
4.98	0.0001600103088084513
4.99	0.00015559629339014338
5.	0.00015700562858415564
5.01	0.000164507954723146
5.0200000000000005	0.0001781964902056088
5.03	0.0001944540562227725
5.04	0.00020198997276381781
5.05	0.00019209615338427197
5.0600000000000005	0.00017293148619325664
5.07	0.00015588165409700453
5.08	0.00014464318461514605
5.09	0.00013896517354264
5.1000000000000005	0.00013823295775528628
5.11	0.00014239854891758273
5.12	0.00015148259260101783
5.13	0.00016318240525929202
5.14	0.00016956858534801047
5.15	0.00016321592107219158
5.16	0.00014905483161684516
5.17	0.0001359577010653671
5.18	0.00012723627546442717
5.19	0.00012289626186894352
5.2	0.00012252933920541814
5.21	0.00012606959904477158
5.22	0.00013316252424049177
5.23	0.00014088320468602116
5.24	0.00014246830041909252
5.25	0.00013499066071823152
5.26	0.00012425816211261562
5.2700000000000005	0.00011563126005071105
5.28	0.00011043794019071753
5.29	0.00010848774822873786
5.3	0.00010958740954546856
5.3100000000000005	0.00011356898300682211
5.32	0.00011903576865526006
5.33	0.00012168175724040366
5.34	0.00011776465541339176
5.3500000000000005	0.00011007429077337036
5.36	0.00010318602483807311
5.37	0.0000987603190878351
5.38	0.00009683139011921644
5.39	0.00009723673153746387
5.4	0.00009978231207664246
5.41	0.00010334110843968694
5.42	0.00010474528298052913
5.43	0.00010154845920586718
5.44	0.00009595308961259945
5.45	0.00009110282318105823
5.46	0.00008807026029901492
5.47	0.0000868702247719838
5.48	0.00008738256585600712
5.49	0.0000893035982996698
5.5	0.00009131262397316862
5.51	0.00009093875697428287
5.5200000000000005	0.0000876330887555243
5.53	0.0000836463063836861
5.54	0.00008065152609174558
5.55	0.00007900879021373071
5.5600000000000005	0.00007866089223873851
5.57	0.00007945896637120898
5.58	0.00008078664753330665
5.59	0.00008107239308230214
5.6000000000000005	0.00007921253664154644
5.61	0.00007633123599472314
5.62	0.00007389909885902503
5.63	0.00007240278538585977
5.64	0.00007184978916430103
5.65	0.0000721356967674866
5.66	0.00007286387457646086
5.67	0.00007299335190405684
5.68	0.0000716902849681719
5.69	0.00006963230753051203
5.7	0.0000678515385616536
5.71	0.00006671981001575852
5.72	0.00006625170038671159
5.73	0.00006635457506462314
5.74	0.00006668563059492661
5.75	0.0000664861980533888
5.76	0.00006534699654423114
5.7700000000000005	0.00006385633992135348
5.78	0.00006264095731604104
5.79	0.00006188633020222801
5.8	0.00006158084458712148
5.8100000000000005	0.00006161409895153236
5.82	0.00006163289953735329
5.83	0.00006112365000879111
5.84	0.000060101260706502386
5.8500000000000005	0.000059057918943736895
5.86	0.00005828449624249805
5.87	0.000057830058535346526
5.88	0.00005765290608221674
5.89	0.00005759203207193462
5.9	0.00005730887808389359
5.91	0.00005663109564644462
5.92	0.00005581981052738708
5.93	0.00005514441497702291
5.94	0.00005468277405360249
5.95	0.0000544206981827813
5.96	0.00005427185136670062
5.97	0.00005402876725820425
5.98	0.00005353116499667236
5.99	0.00005290896564864351
6.	0.000052357192695666824
6.01	0.00005194572278698663
6.0200000000000005	0.00005166972754078324
6.03	0.000051472803485224865
6.04	0.00005121999967375753
6.05	0.000050806730552313544
6.0600000000000005	0.000050315918191425814
6.07	0.00004987335185484929
6.08	0.00004952401023988879
6.09	0.000049262387642145485
6.1000000000000005	0.00004904404962320831
6.11	0.0000487762544940125
6.12	0.00004840909760067652
6.13	0.00004801044264391469
6.140000000000001	0.00004765333702268163
6.15	0.0000473586054875169
6.16	0.00004711658942488288
6.17	0.00004688760922022012
6.18	0.00004661120014041222
6.19	0.00004628190904177108
6.2	0.0000459534758613954
6.21	0.0000456609795608316
6.22	0.000045409434007553236
6.23	0.000045185224212976915
6.24	0.000044953885036720886
6.25	0.00004468790547495755
6.26	0.00004440565524053865
6.2700000000000005	0.00004413317755576743
6.28	0.000043877191297384536
6.29	0.00004363828517347903
6.3	0.000043405037041583825
6.3100000000000005	0.0000431558248117015
6.32	0.000042891607864237196
6.33	0.0000426330826860823
6.34	0.00004239163329139959
6.3500000000000005	0.00004216698186105167
6.36	0.00004195019508874006
6.37	0.0000417259148067251
6.38	0.000041489985772698864
6.390000000000001	0.00004125460841961869
6.4	0.00004102915107514553
6.41	0.0000408147988706736
6.42	0.00004060681731194237
6.43	0.00004039583860569357
6.44	0.00004017802014475103
6.45	0.00003996033779494696
6.46	0.000039749105978115574
6.47	0.00003954539277096361
6.48	0.00003934633387806229
6.49	0.00003914620941458235
6.5	0.000038942833085648644
6.51	0.0000387406184844089
6.5200000000000005	0.00003854351933626583
6.53	0.00003835231731449425
6.54	0.00003816543115429969
6.55	0.00003798004966154986
6.5600000000000005	0.00003779653593312978
6.57	0.00003761932694102267
6.58	0.00003745174711548789
6.59	0.00003729126547080533
6.6000000000000005	0.00003712386607085621
6.61	0.00003693314350349797
6.62	0.00003672556587626242
6.63	0.00003651900782280326
6.640000000000001	0.00003632099826435267
6.65	0.00003613099181785979
6.66	0.00003594611469802955
6.67	0.00003576405622081446
6.68	0.000035584537647160425
6.69	0.00003540795359339734
6.7	0.000035234172660496105
6.71	0.00003506252810540579
6.72	0.000034892098682106016
6.73	0.00003472265202020985
6.74	0.00003455474184597316
6.75	0.00003438873304385206
6.76	0.000034224550342367615
6.7700000000000005	0.00003406180211606791
6.78	0.00003390021407837322
6.79	0.00003374010349722411
6.8	0.000033581962923963516
6.8100000000000005	0.00003342610171382673
6.82	0.00003327272147610361
6.83	0.00003312217525575355
6.84	0.00003297546588319656
6.8500000000000005	0.00003283438260695741
6.86	0.00003270133334600345
6.87	0.00003257867514145547
6.88	0.00003246486819324633
6.890000000000001	0.000032345296909181455
6.9	0.00003219526853504723
6.91	0.00003201480253067901
6.92	0.0000318286625996668
6.93	0.00003165136775068123
6.94	0.00003148426148644788
6.95	0.00003132496961864626
6.96	0.00003117122951522886
6.97	0.00003102145777561337
6.98	0.00003087461118799173
6.99	0.000030730038749879355
7.	0.000030587388131367294
7.01	0.000030446462637950447
7.0200000000000005	0.000030307128965500933
7.03	0.00003016929736715944
7.04	0.00003003294513741783
7.05	0.00002989814752634149
7.0600000000000005	0.00002976505799971597
7.07	0.000029633909043372023
7.08	0.000029505065488314058
7.09	0.000029379132103405337
7.1000000000000005	0.000029257115770169277
7.11	0.000029140633222745857
7.12	0.000029032154911589784
7.13	0.0000289348302672191
7.140000000000001	0.000028849863987345722
7.15	0.00002876727566725751
7.16	0.000028658221510076797
7.17	0.000028505632838848676
7.18	0.000028333165341440254
7.19	0.00002816663776045773
7.2	0.00002801269422467244
7.21	0.000027869253753074106
7.22	0.000027733210850404858
7.23	0.000027602279989292267
7.24	0.000027475004565043934
7.25	0.000027350491135138646
7.26	0.000027228197533101947
7.2700000000000005	0.000027107804272755552
7.28	0.000026989144782618296
7.29	0.000026872172084033963
7.3	0.000026756947484673092
7.3100000000000005	0.000026643652163757143
7.32	0.000026532627720320892
7.33	0.0000264244566875715
7.34	0.000026320102210683733
7.3500000000000005	0.000026221131416169158
7.36	0.000026129998793784618
7.37	0.000026050030206416527
7.38	0.00002598339032207817
7.390000000000001	0.000025922696207645676
7.4	0.00002583997879894059
7.41	0.000025710361016875245
7.42	0.000025552756168318352
7.43	0.000025397862776403016
7.44	0.000025256076448123883
7.45	0.000025126014464873086
7.46	0.00002500429858449393
7.47	0.000024888307439617204
7.48	0.000024776351892975528
7.49	0.0000246674007133523
7.5	0.000024560844018659215
7.51	0.000024456346610665212
7.5200000000000005	0.000024353769298716478
7.53	0.000024253137573275268
7.54	0.00002415464861185239
7.55	0.000024058718754792546
7.5600000000000005	0.000023966084976058458
7.57	0.00002387798351197297
7.58	0.000023796413444471117
7.59	0.0000237243304205026
7.6000000000000005	0.000023664830139933922
7.61	0.00002361606946970107
7.62	0.000023559200654588444
7.63	0.00002346241293541373
7.640000000000001	0.00002332594504364361
7.65	0.000023181665043284037
7.66	0.000023048197270597644
7.67	0.00002292728151327157
7.68	0.000022815809928659924
7.69	0.000022710838751464063
7.7	0.000022610385301557294
7.71	0.00002251323353276131
7.72	0.00002241867476396053
7.73	0.000022326336004831285
7.74	0.000022236089460772627
7.75	0.0000221480231732087
7.76	0.00002206246469594274
7.7700000000000005	0.00002198006424518407
7.78	0.000021901954972367734
7.79	0.00002182999227743007
7.8	0.00002176691036940219
7.8100000000000005	0.000021715457775608867
7.82	0.00002167338532321438
7.83	0.000021622293435173123
7.84	0.00002153349855527659
7.8500000000000005	0.000021409727518661533
7.86	0.000021280350910787068
7.87	0.000021161258976518645
7.88	0.000021053540564288935
7.890000000000001	0.000020954304517803087
7.9	0.000020860918421449925
7.91	0.000020771635436104557
7.92	0.00002068540517783563
7.930000000000001	0.000020601645832398836
7.94	0.000020520101707506193
7.95	0.000020440780908621154
7.96	0.00002036396026349236
7.97	0.000020290258186840136
7.98	0.000020220785982150315
7.99	0.00002015735698989685
8.	0.0000201024987131348
8.01	0.000020058027659580328
8.02	0.000020018889519057703
8.03	0.000019964162569967857
8.040000000000001	0.00001987324149682664
8.05	0.00001975906798210416
8.06	0.00001964604672637395
8.07	0.00001954310633342013
8.08	0.000019449435737905013
8.09	0.000019362432148868863
8.1	0.000019280053279843833
8.11	0.000019201009701877026
8.120000000000001	0.000019124566448679858
8.13	0.000019050373709993444
8.14	0.000018978380567789298
8.15	0.000018908825066994624
8.16	0.000018842297769340618
8.17	0.000018779879653876742
8.18	0.000018723296944948306
8.19	0.00001867469282978723
8.2	0.000018634401488000447
8.21	0.000018593943036230614
8.22	0.000018532467986022105
8.23	0.00001844137520367621
8.24	0.000018339116254879585
8.25	0.000018242091077237514
8.26	0.00001815374208888442
8.27	0.000018072398521754516
8.28	0.000017995994155669404
8.290000000000001	0.000017923086697725097
8.3	0.00001785282037800768
8.31	0.000017784762316349457
8.32	0.000017718799097755054
8.33	0.00001765511064950018
8.34	0.000017594218037248332
8.35	0.000017537096019210173
8.36	0.000017485259263057806
8.370000000000001	0.000017440314770728534
8.38	0.000017401241149239837
8.39	0.000017357949285577713
8.4	0.000017293474711153042
8.41	0.000017207987367871308
8.42	0.000017118484084707006
8.43	0.00001703488000781946
8.44	0.00001695810839970222
8.45	0.000016886537808528337
8.46	0.000016818642309556986
8.47	0.000016753432918233773
8.48	0.000016690368198452275
8.49	0.000016629241074624265
8.5	0.000016570129958610546
8.51	0.000016513419875037102
8.52	0.000016459880903697314
8.53	0.000016410713381151315
8.540000000000001	0.00001636709573173067
8.55	0.000016327750965370405
8.56	0.000016283840915434596
8.57	0.000016222496604674244
8.58	0.000016145892588048645
8.59	0.000016067443965254158
8.6	0.00001599397314430126
8.61	0.000015925814403650008
8.620000000000001	0.00001586165943862428
8.63	0.000015800370047868383
8.64	0.000015741237310370533
8.65	0.000015683907163269182
8.66	0.00001562830634916656
8.67	0.000015574626107296197
8.68	0.00001552336148366866
8.69	0.000015475353507908574
8.700000000000001	0.000015431556997122082
8.71	0.0000153915572752526
8.72	0.000015349802067355896
8.73	0.00001529606546215736
8.74	0.000015229400798159416
8.75	0.000015159780507221073
8.76	0.000015093601857059078
8.77	0.000015031657699297704
8.78	0.000014973016997685674
8.790000000000001	0.000014916771841335355
8.8	0.000014862347787532193
8.81	0.000014809467029745267
8.82	0.000014758095186090653
8.83	0.000014708433160117906
8.84	0.00001466094607435412
8.85	0.000014616337278644443
8.86	0.000014575062184086456
8.870000000000001	0.000014535371413980304
8.88	0.000014490748133740585
8.89	0.000014435418227900637
8.9	0.000014373780870637932
8.91	0.000014312959515502301
8.92	0.000014255371745750688
8.93	0.000014200716744179496
8.94	0.00001414824771519579
8.950000000000001	0.000014097417319583869
8.96	0.000014047932324521841
8.97	0.000013999714128311304
8.98	0.000013952882050404863
8.99	0.000013907765253610069
9.	0.000013864868917091807
9.01	0.000013824471383731426
9.02	0.000013785098733635152
9.03	0.000013741785300076258
9.040000000000001	0.000013690664082700281
9.05	0.000013635369396418987
9.06	0.000013580952348734633
9.07	0.000013528979718958589
9.08	0.000013479179862739573
9.09	0.00001343101672815441
9.1	0.000013384114689800535
9.11	0.000013338291031635948
9.120000000000001	0.000013293532022872781
9.13	0.000013249986713680224
9.14	0.000013207962652600948
9.15	0.000013167788103809924
9.16	0.00001312910399257025
9.17	0.000013089333870174205
9.18	0.000013044573199209893
9.19	0.00001299528772858768
9.200000000000001	0.000012945486893807721
9.21	0.000012897300241210209
9.22	0.000012850872688765101
9.23	0.000012805831740889834
9.24	0.000012761859101075617
9.25	0.000012718783238791847
9.26	0.000012676569696360494
9.27	0.000012635312565025164
9.28	0.000012595224034118916
9.290000000000001	0.000012556515296801261
9.3	0.000012518838790704274
9.31	0.000012480205477824321
9.32	0.000012437950259167045
9.33	0.00001239275668401496
9.34	0.00001234745937279482
9.35	0.000012303403049791793
9.36	0.000012260626271657415
9.370000000000001	0.000012218864004943183
9.38	0.000012177906443949985
9.39	0.000012137652927550538
9.4	0.000012098105877823876
9.41	0.000012059364107000402
9.42	0.000012021589152329382
9.43	0.000011984797106292465
9.44	0.00001194821226419099
9.450000000000001	0.000011909897873144306
9.46	0.000011868986925995528
9.47	0.000011827160466094002
9.48	0.00001178597424083806
9.49	0.000011745774846172981
9.5	0.000011706423084516988
9.51	0.000011667747434826592
9.52	0.000011629649182904614
9.53	0.000011592108778476795
9.540000000000001	0.000011555179906550417
9.55	0.000011518966668645892
9.56	0.000011483490569765264
9.57	0.000011448262539833782
9.58	0.000011411973574506371
9.59	0.000011373927398038084
9.6	0.000011335217998166493
9.61	0.000011296954963249623
9.620000000000001	0.000011259402332952222
9.63	0.000011222475243424955
9.64	0.00001118606788425156
9.65	0.000011150119892283091
9.66	0.000011114623176208867
9.67	0.000011079620010248336
9.68	0.000011045174203852275
9.69	0.000011011227198359315
9.700000000000001	0.000010977251119369113
9.71	0.000010942317487153256
9.72	0.00001090637367052395
9.73	0.00001087032786647373
9.74	0.000010834743517667068
9.75	0.000010799688005132803
9.76	0.000010765083734336504
9.77	0.000010730863226340607
9.78	0.000010696999048261511
9.790000000000001	0.00001066350353983631
9.8	0.000010630416493398324
9.81	0.000010597742438830867
9.82	0.000010565253796599743
9.83	0.000010532350275095438
9.84	0.000010498714839430791
9.85	0.000010464848061965957
9.86	0.000010431258494257521
9.870000000000001	0.000010398071225124673
9.88	0.000010365248037858546
9.89	0.000010332738799632447
9.9	0.000010300518934515032
9.91	0.0000102685923009508
9.92	0.000010236982683023534
9.93	0.000010205691111789203
9.94	0.000010174564024378756
9.950000000000001	0.000010143202040670824
9.96	0.000010111400117163118
9.97	0.000010079494666582247
9.98	0.000010047818385546463
9.99	0.000010016438767461959
10.	9.985314886738122e-6
10.01	9.954422154336151e-6
10.02	9.923763945794207e-6
10.03	9.893351991596765e-6
10.040000000000001	9.863199724195641e-6
10.05	9.833284747965814e-6
10.06	9.803448179104296e-6
10.07	9.773415460676829e-6
10.08	9.743170764418817e-6
10.09	9.712979770316244e-6
10.1	9.683006931247296e-6
10.11	9.65327212600576e-6
10.120000000000001	9.623753807746201e-6
10.13	9.594434696359664e-6
10.14	9.565310609944956e-6
10.15	9.536387995833875e-6
10.16	9.507667173719261e-6
10.17	9.479088720129186e-6
10.18	9.450485412551286e-6
10.19	9.421750934112972e-6
10.200000000000001	9.393015848213653e-6
10.21	9.364431641132012e-6
10.22	9.336040110213565e-6
10.23	9.307832368752968e-6
10.24	9.279795259980932e-6
10.25	9.25192353130198e-6
10.26	9.224219853024419e-6
10.27	9.196685859008989e-6
10.28	9.169291014032526e-6
10.290000000000001	9.141935098884226e-6
10.3	9.114535918529954e-6
10.31	9.087164937214986e-6
10.32	9.05992644411255e-6
10.33	9.03284351023535e-6
10.34	9.005888450617085e-6
10.35	8.979046850727031e-6
10.36	8.952337053211259e-6
10.370000000000001	8.92577653600277e-6
10.38	8.899366866559605e-6
10.39	8.873080303814752e-6
10.4	8.846844748929263e-6
10.41	8.820614943142814e-6
10.42	8.794443903686057e-6
10.43	8.768392922114455e-6
10.44	8.742478412095098e-6
10.450000000000001	8.716696386009465e-6
10.46	8.691041445837924e-6
10.47	8.665511591455367e-6
10.48	8.640107219286965e-6
10.49	8.614823682582114e-6
10.5	8.589633695510125e-6
10.51	8.564489888099965e-6
10.52	8.539388122472108e-6
10.53	8.514373165032717e-6
10.540000000000001	8.489473331488282e-6
10.55	8.464692261973933e-6
10.56	8.440026616937953e-6
10.57	8.415474067340183e-6
10.58	8.391034524718733e-6
10.59	8.366707669863053e-6
10.6	8.34248430227855e-6
10.61	8.318338237444889e-6
10.620000000000001	8.294253316288683e-6
10.63	8.270252598703634e-6
10.64	8.24635912890203e-6
10.65	8.22256343611005e-6
10.66	8.198837700740221e-6
10.67	8.175181444873388e-6
10.68	8.151620514226758e-6
10.69	8.128169160172473e-6
10.700000000000001	8.10482352825028e-6
10.71	8.081565046593244e-6
10.72	8.058376043337096e-6
10.73	8.035263715029411e-6
10.74	8.012243894871893e-6
10.75	7.989321949052252e-6
10.76	7.966496872129722e-6
10.77	7.943766885183901e-6
10.78	7.921131018030542e-6
10.790000000000001	7.898588536156778e-6
10.8	7.876135974720716e-6
10.81	7.853763129355914e-6
10.82	7.831460623135222e-6
10.83	7.809234127662227e-6
10.84	7.787093956743868e-6
10.85	7.765043708044695e-6
10.86	7.743083070512891e-6
10.870000000000001	7.721211332677664e-6
10.88	7.699428390617486e-6
10.89	7.677734335284837e-6
10.9	7.656127455128888e-6
10.91	7.634602680598109e-6
10.92	7.6131584748512615e-6
10.93	7.591801606822846e-6
10.94	7.570531463913924e-6
10.950000000000001	7.549326032666492e-6
10.96	7.52816378535642e-6
10.97	7.507059591096768e-6
10.98	7.48603863314201e-6
10.99	7.465108727077362e-6
11.	7.444265687417447e-6
11.01	7.423502018514426e-6
11.02	7.402815125411699e-6
11.03	7.382207389736762e-6
11.040000000000001	7.3616800422476745e-6
11.05	7.341232497776058e-6
11.06	7.320863824737018e-6
11.07	7.300573309986411e-6
11.08	7.280360302901966e-6
11.09	7.260223401329587e-6
11.1	7.240159736238959e-6
11.11	7.220167442146045e-6
11.120000000000001	7.200248154830969e-6
11.13	7.1804038504652575e-6
11.14	7.160635019527368e-6
11.15	7.140941579049946e-6
11.16	7.12132360146667e-6
11.17	7.101781514676051e-6
11.18	7.082315933598685e-6
11.19	7.062927303041083e-6
11.200000000000001	7.043616653872513e-6
11.21	7.024385474457154e-6
11.22	7.005226718864294e-6
11.23	6.986116323147179e-6
11.24	6.9670389075495e-6
11.25	6.948013759292318e-6
11.26	6.929062718493402e-6
11.27	6.910191128736472e-6
11.28	6.891396216900683e-6
11.290000000000001	6.872674161673619e-6
11.3	6.854022996961871e-6
11.31	6.835442071961988e-6
11.32	6.816930706400127e-6
11.33	6.798488134847328e-6
11.34	6.780113707521078e-6
11.35	6.76180689992325e-6
11.36	6.7435671619577434e-6
11.370000000000001	6.725393689683116e-6
11.38	6.7072857091633646e-6
11.39	6.6892432234760935e-6
11.4	6.671266620188527e-6
11.41	6.653356076008536e-6
11.42	6.635511713367644e-6
11.43	6.61773387318098e-6
11.44	6.600023300190769e-6
11.450000000000001	6.5823812603244814e-6
11.46	6.5648094856482155e-6
11.47	6.547309297697678e-6
11.48	6.529876676649817e-6
11.49	6.512493325792942e-6
11.5	6.495139032175261e-6
11.51	6.4778235238175265e-6
11.52	6.460569344005923e-6
11.53	6.4433852463729936e-6
11.540000000000001	6.426270358863694e-6
11.55	6.40922179266978e-6
11.56	6.3922372691109935e-6
11.57	6.375315412754508e-6
11.58	6.358455288522137e-6
11.59	6.341656163872742e-6
11.6	6.3249174655901214e-6
11.61	6.308238741448697e-6
11.620000000000001	6.291619602346142e-6
11.63	6.275059663042742e-6
11.64	6.258558605306712e-6
11.65	6.242116333518879e-6
11.66	6.22573290411826e-6
11.67	6.209408451639988e-6
11.68	6.193143295612582e-6
11.69	6.176938108239757e-6
11.700000000000001	6.1607940893721156e-6
11.71	6.144712963729921e-6
11.72	6.128695892092219e-6
11.73	6.112738770906747e-6
11.74	6.096825085702245e-6
11.75	6.080938186748151e-6
11.76	6.065087719709695e-6
11.77	6.049292758858469e-6
11.78	6.033560238082661e-6
11.790000000000001	6.017889290316667e-6
11.8	6.002277562132177e-6
11.81	5.98672314524678e-6
11.82	5.971224758487048e-6
11.83	5.955781530549427e-6
11.84	5.940392829225145e-6
11.85	5.925058178654337e-6
11.86	5.909777210465668e-6
11.870000000000001	5.894549630152316e-6
11.88	5.879375200177475e-6
11.89	5.864253764440503e-6
11.9	5.849185289777428e-6
11.91	5.834169881086395e-6
11.92	5.819207840312926e-6
11.93	5.804299793571879e-6
11.94	5.789446836018901e-6
11.950000000000001	5.774650451619857e-6
11.96	5.759911161068821e-6
11.97	5.745223655311542e-6
11.98	5.730572301952172e-6
11.99	5.7159469187222344e-6
12.	5.70135958942152e-6
12.01	5.686824457513073e-6
12.02	5.672345217175493e-6
12.030000000000001	5.657920594446388e-6
12.040000000000001	5.643548679918777e-6
12.05	5.629228005797664e-6
12.06	5.614957568687354e-6
12.07	5.600736677060085e-6
12.08	5.586564832826175e-6
12.09	5.572441663810473e-6
12.1	5.558366886687686e-6
12.11	5.544340289063863e-6
12.120000000000001	5.530361728821748e-6
12.13	5.516431155256949e-6
12.14	5.502548647639364e-6
12.15	5.48871447676084e-6
12.16	5.474929207644412e-6
12.17	5.461193800070716e-6
12.18	5.447509410113551e-6
12.19	5.433875764081441e-6
12.200000000000001	5.420286493940559e-6
12.21	5.406728090872092e-6
12.22	5.393196841793407e-6
12.23	5.3797049464609726e-6
12.24	5.366261625246466e-6
12.25	5.352868280029709e-6
12.26	5.339523556154964e-6
12.27	5.326225974822615e-6
12.280000000000001	5.312974446777488e-6
12.290000000000001	5.29976822102052e-6
12.3	5.286606773815611e-6
12.31	5.273489728073623e-6
12.32	5.260416802664933e-6
12.33	5.247387788718266e-6
12.34	5.234402545209493e-6
12.35	5.221461010484056e-6
12.36	5.2085632334412325e-6
12.370000000000001	5.195709429483623e-6
12.38	5.182900063785148e-6
12.39	5.170135913584556e-6
12.4	5.157417805318353e-6
12.41	5.144744974999505e-6
12.42	5.132111161074346e-6
12.43	5.119505876662392e-6
12.44	5.1069289819804e-6
12.450000000000001	5.094390626142883e-6
12.46	5.081896693740611e-6
12.47	5.06944758788374e-6
12.48	5.057042133106069e-6
12.49	5.044679205360483e-6
12.5	5.032357992111994e-6
12.51	5.0200779295295314e-6
12.52	5.007838617653857e-6
12.530000000000001	4.9956397635793904e-6
12.540000000000001	4.983481150713602e-6
12.55	4.9713626269527606e-6
12.56	4.959284108418608e-6
12.57	4.94724559991833e-6
12.58	4.935247236566334e-6
12.59	4.923289347146932e-6
12.6	4.9113724995258766e-6
12.61	4.899497291343603e-6
12.620000000000001	4.887663073670986e-6
12.63	4.875864964683555e-6
12.64	4.864094980807126e-6
12.65	4.852353184281401e-6
12.66	4.840647301363046e-6
12.67	4.828981700816561e-6
12.68	4.8173566261489734e-6
12.69	4.8057711549459604e-6
12.700000000000001	4.794224413108404e-6
12.71	4.782715764751711e-6
12.72	4.771244763447681e-6
12.73	4.759811088767312e-6
12.74	4.748414504729272e-6
12.75	4.7370548386918106e-6
12.76	4.725731975977503e-6
12.77	4.714445868328487e-6
12.780000000000001	4.7031965570250555e-6
12.790000000000001	4.691984213099045e-6
12.8	4.680809185776542e-6
12.81	4.669671932148885e-6
12.82	4.658572320111299e-6
12.83	4.647507586199994e-6
12.84	4.636471713200736e-6
12.85	4.625462757467132e-6
12.86	4.614485971978931e-6
12.870000000000001	4.60354549637565e-6
12.88	4.592641965330195e-6
12.89	4.581774738304408e-6
12.9	4.570943105999408e-6
12.91	4.5601465328581354e-6
12.92	4.549384637274959e-6
12.93	4.538657142730892e-6
12.94	4.5279638438910294e-6
12.950000000000001	4.517304589456323e-6
12.96	4.506679278664365e-6
12.97	4.496087870460707e-6
12.98	4.485530406543877e-6
12.99	4.475007045835177e-6
13.	4.464518074732077e-6
13.01	4.454063710883088e-6
13.02	4.443643171870308e-6
13.030000000000001	4.433253065467186e-6
13.040000000000001	4.422889438216366e-6
13.05	4.412553757594083e-6
13.06	4.402250155328627e-6
13.07	4.391980293775348e-6
13.08	4.381743998038018e-6
13.09	4.371540702428596e-6
13.1	4.361369920410964e-6
13.11	4.351231294657104e-6
13.120000000000001	4.341124564456906e-6
13.13	4.331049534791048e-6
13.14	4.321006058740056e-6
13.15	4.3109940319057086e-6
13.16	4.301013397606964e-6
13.17	4.291064163106118e-6
13.18	4.2811464238291046e-6
13.19	4.271260364702667e-6
13.200000000000001	4.261406089187317e-6
13.21	4.2515828760554224e-6
13.22	4.241788077245068e-6
13.23	4.232019044048043e-6
13.24	4.2222771927990185e-6
13.25	4.212565372075794e-6
13.26	4.202884566751482e-6
13.27	4.193234581167747e-6
13.280000000000001	4.183614992592037e-6
13.290000000000001	4.174025438300299e-6
13.3	4.1644656453076715e-6
13.31	4.154935408744044e-6
13.32	4.1454345715814164e-6
13.33	4.135963013970462e-6
13.34	4.126520651829171e-6
13.35	4.11710744421245e-6
13.36	4.1077234084715245e-6
13.370000000000001	4.09836863119465e-6
13.38	4.089043207778462e-6
13.39	4.079746883160718e-6
13.4	4.070478221526143e-6
13.41	4.0612349476180046e-6
13.42	4.052017046087479e-6
13.43	4.042826598736714e-6
13.44	4.033664738773166e-6
13.450000000000001	4.024531464272887e-6
13.46	4.015426456824748e-6
13.47	4.00634941408155e-6
13.48	3.9973001015585675e-6
13.49	3.98827833975231e-6
13.5	3.979283988044699e-6
13.51	3.970316935769692e-6
13.52	3.961377100683414e-6
13.530000000000001	3.9524644343057495e-6
13.540000000000001	3.943578932507889e-6
13.55	3.93472063844801e-6
13.56	3.925889573794026e-6
13.57	3.9170854116456355e-6
13.58	3.90830690328354e-6
13.59	3.899552582068909e-6
13.6	3.890822894335759e-6
13.61	3.882119256606927e-6
13.620000000000001	3.873442216771913e-6
13.63	3.864791665654832e-6
13.64	3.856167352683777e-6
13.65	3.847569051336441e-6
13.66	3.8389965707465325e-6
13.67	3.8304497536367165e-6
13.68	3.821928493299918e-6
13.69	3.813432717626225e-6
13.700000000000001	3.804962367124679e-6
13.71	3.7965174034161394e-6
13.72	3.7880978209326963e-6
13.73	3.779703624221784e-6
13.74	3.7713346704463105e-6
13.75	3.7629902772980717e-6
13.76	3.754669298864168e-6
13.77	3.746371581149672e-6
13.780000000000001	3.7380980691388837e-6
13.790000000000001	3.729849315619643e-6
13.8	3.7216253028742894e-6
13.81	3.7134258418954387e-6
13.82	3.7052507471880804e-6
13.83	3.6970998664932263e-6
13.84	3.6889730756265948e-6
13.85	3.6808702711957083e-6
13.86	3.672791367091557e-6
13.870000000000001	3.6647362950979745e-6
13.88	3.656705008772264e-6
13.89	3.648697485353918e-6
13.9	3.6407136996137033e-6
13.91	3.6327534881790645e-6
13.92	3.624816276239121e-6
13.93	3.6169012988662266e-6
13.94	3.609008621156824e-6
13.950000000000001	3.6011388761191264e-6
13.96	3.5932923292983487e-6
13.97	3.585468908609751e-6
13.98	3.577668460023974e-6
13.99	3.5698908402372757e-6
14.	3.562135929339104e-6
14.01	3.5544036266367545e-6
14.02	3.546693846262593e-6
14.030000000000001	3.5390065139426292e-6
14.040000000000001	3.5313415617885473e-6
14.05	3.5236989245291467e-6
14.06	3.516078554312214e-6
14.07	3.508480389832036e-6
14.08	3.5009041661662534e-6
14.09	3.4933493321695183e-6
14.1	3.4858156370485295e-6
14.11	3.4783034294728683e-6
14.120000000000001	3.470812988844045e-6
14.13	3.4633443060611223e-6
14.14	3.4558972635730095e-6
14.15	3.4484717376756756e-6
14.16	3.441067619929069e-6
14.17	3.433684816224466e-6
14.18	3.426323243570509e-6
14.19	3.4189828286302427e-6
14.200000000000001	3.4116635082950932e-6
14.21	3.4043652310083227e-6
14.22	3.397087951942878e-6
14.23	3.3898315959049146e-6
14.24	3.382595947672226e-6
14.25	3.3753806147473157e-6
14.26	3.368185420162467e-6
14.27	3.3610105803165755e-6
14.280000000000001	3.3538562562736e-6
14.290000000000001	3.3467224188362145e-6
14.3	3.339608969093472e-6
14.31	3.3325158047971664e-6
14.32	3.3254428340763568e-6
14.33	3.318389974862423e-6
14.34	3.3113571529896747e-6
14.35	3.304344301570411e-6
14.36	3.2973513616997352e-6
14.370000000000001	3.2903782827369823e-6
14.38	3.2834250137040807e-6
14.39	3.2764914599401874e-6
14.4	3.269577397452513e-6
14.41	3.2626825421844902e-6
14.42	3.2558068624150524e-6
14.43	3.248950511082734e-6
14.44	3.24211353953749e-6
14.450000000000001	3.235295889481243e-6
14.46	3.2284974716280507e-6
14.47	3.2217181988150657e-6
14.48	3.214957991585997e-6
14.49	3.208216777245239e-6
14.5	3.201494488753163e-6
14.51	3.194791064553029e-6
14.52	3.188106448683324e-6
14.530000000000001	3.1814405873142946e-6
14.540000000000001	3.1747934084027903e-6
14.55	3.1681647708649175e-6
14.56	3.1615544724059197e-6
14.57	3.1549624375736144e-6
14.58	3.148388736017379e-6
14.59	3.1418333883429434e-6
14.6	3.1352963407757434e-6
14.61	3.128777517152545e-6
14.620000000000001	3.122276842059207e-6
14.63	3.115794244924964e-6
14.64	3.1093296595706628e-6
14.65	3.1028830235836962e-6
14.66	3.0964542782679558e-6
14.67	3.0900433686756064e-6
14.68	3.083650240842357e-6
14.69	3.0772748268373727e-6
14.700000000000001	3.0709170112990828e-6
14.71	3.0645766479802614e-6
14.72	3.0582536850565255e-6
14.73	3.0519481522625554e-6
14.74	3.0456600347463203e-6
14.75	3.0393892591420654e-6
14.76	3.033135735856957e-6
14.77	3.0268994051451184e-6
14.780000000000001	3.0206802266803777e-6
14.790000000000001	3.0144781501068065e-6
14.8	3.008293117217902e-6
14.81	3.002125070025635e-6
14.82	2.995973953076438e-6
14.83	2.989839709674189e-6
14.84	2.983722266292492e-6
14.85	2.9776215145834282e-6
14.86	2.971537357232643e-6
14.870000000000001	2.965469773322095e-6
14.88	2.9594187571813237e-6
14.89	2.9533842681270224e-6
14.9	2.947366246956394e-6
14.91	2.9413646319800777e-6
14.92	2.935379363363987e-6
14.93	2.929410383455659e-6
14.94	2.9234576365233796e-6
14.950000000000001	2.9175210686573588e-6
14.96	2.911600627643454e-6
14.97	2.9056962613665737e-6
14.98	2.899807910465185e-6
14.99	2.8939354947548196e-6
15.	2.8880789274362324e-6
15.01	2.8822381656539628e-6
15.02	2.8764131921734085e-6
15.030000000000001	2.87060397088324e-6
15.040000000000001	2.8648104505562504e-6
15.05	2.859032576892786e-6
15.06	2.8532702939999033e-6
15.07	2.8475235372347547e-6
15.08	2.8417922321289115e-6
15.09	2.836076322609549e-6
15.1	2.8303757789315783e-6
15.11	2.824690565707416e-6
15.120000000000001	2.8190206304158607e-6
15.13	2.8133659031424376e-6
15.14	2.8077263100933983e-6
15.15	2.8021018059878512e-6
15.16	2.796492361545198e-6
15.17	2.7908979355626794e-6
15.18	2.785318477356484e-6
15.19	2.7797539344166466e-6
15.200000000000001	2.7742042549870035e-6
15.21	2.7686693883918156e-6
15.22	2.7631492849430157e-6
15.23	2.757643895872021e-6
15.24	2.7521531731649948e-6
15.25	2.7466770684604667e-6
15.26	2.7412155290906554e-6
15.27	2.7357684938331332e-6
15.280000000000001	2.7303359050156977e-6
15.290000000000001	2.7249177241518483e-6
15.3	2.719513916063219e-6
15.31	2.714124437071844e-6
15.32	2.7087492393816176e-6
15.33	2.703388275081569e-6
15.34	2.698041497343288e-6
15.35	2.692708860613355e-6
15.36	2.6873903200108292e-6
15.370000000000001	2.682085828033129e-6
15.38	2.6767953269789203e-6
15.39	2.671518751121775e-6
15.4	2.66625605052935e-6
15.41	2.6610071898710927e-6
15.42	2.655772134553197e-6
15.43	2.650550848483196e-6
15.44	2.645343289188737e-6
15.450000000000001	2.6401494101357635e-6
15.46	2.6349691643656283e-6
15.47	2.629802505652113e-6
15.48	2.6246493885592597e-6
15.49	2.6195097683170893e-6
15.5	2.6143836007224485e-6
15.51	2.6092708419620526e-6
15.52	2.604171447874665e-6
15.530000000000001	2.5990853720142946e-6
15.540000000000001	2.5940125653793892e-6
15.55	2.5889529833720867e-6
15.56	2.58390658783086e-6
15.57	2.5788733394075075e-6
15.58	2.5738531958776885e-6
15.59	2.568846114202223e-6
15.6	2.563852051581956e-6
15.610000000000001	2.558870965713376e-6
15.620000000000001	2.553902814868715e-6
15.63	2.5489475579937533e-6
15.64	2.5440051547493565e-6
15.65	2.539075564941282e-6
15.66	2.5341587458638935e-6
15.67	2.529254647253999e-6
15.68	2.5243632118681368e-6
15.69	2.51948439328823e-6
15.700000000000001	2.5146181656708655e-6
15.71	2.5097645019592093e-6
15.72	2.5049233645565273e-6
15.73	2.5000947115907114e-6
15.74	2.495278500992209e-6
15.75	2.490474691416659e-6
15.76	2.4856832422162168e-6
15.77	2.4809041132067064e-6
15.780000000000001	2.476137264167883e-6
15.790000000000001	2.4713826540105893e-6
15.8	2.466640241358052e-6
15.81	2.4619099873438607e-6
15.82	2.4571918548470747e-6
15.83	2.4524858059021823e-6
15.84	2.4477918017891182e-6
15.85	2.4431098037426646e-6
15.860000000000001	2.4384397732163076e-6
15.870000000000001	2.4337816719339288e-6
15.88	2.429135461904086e-6
15.89	2.424501105429517e-6
15.9	2.419878565046499e-6
15.91	2.4152678032418044e-6
15.92	2.410668782281249e-6
15.93	2.406081465433837e-6
15.94	2.401505817214141e-6
15.950000000000001	2.396941798431372e-6
15.96	2.3923893609713906e-6
15.97	2.3878484579308457e-6
15.98	2.383319060235165e-6
15.99	2.3788011436005904e-6
16.	2.374294675714339e-6
16.01	2.3697996197243505e-6
16.02	2.3653159381227165e-6
16.03	2.3608435936736635e-6
16.04	2.356382549215975e-6
16.05	2.3519327679469606e-6
16.06	2.347494214289558e-6
16.07	2.3430668532849376e-6
16.080000000000002	2.3386506497504565e-6
16.09	2.334245568393644e-6
16.1	2.3298515740318855e-6
16.11	2.325468631657809e-6
16.12	2.3210967064464798e-6
16.13	2.316735763760903e-6
16.14	2.3123857691400705e-6
16.15	2.3080466882144697e-6
16.16	2.3037184865641705e-6
16.17	2.2994011299252066e-6
16.18	2.295094584862067e-6
16.19	2.2907988186500596e-6
16.2	2.286513798756906e-6
16.21	2.2822394923459906e-6
16.22	2.2779758640040926e-6
16.23	2.273722871963739e-6
16.240000000000002	2.2694804740347205e-6
16.25	2.2652486417868344e-6
16.26	2.2610273524495476e-6
16.27	2.256816577063157e-6
16.28	2.2526162824038672e-6
16.29	2.248426434504928e-6
16.3	2.244247000050344e-6
16.31	2.240077946301012e-6
16.32	2.2359192407118244e-6
16.330000000000002	2.2317708508903653e-6
16.34	2.2276327446285017e-6
16.35	2.2235048898986874e-6
16.36	2.219387254839646e-6
16.37	2.2152798077436508e-6
16.38	2.211182517038573e-6
16.39	2.2070953512439258e-6
16.4	2.203018278930413e-6
16.41	2.1989512688605726e-6
16.42	2.1948942901664244e-6
16.43	2.190847312208082e-6
16.44	2.18681030450363e-6
16.45	2.182783236845763e-6
16.46	2.1787660793728547e-6
16.47	2.1747588022555238e-6
16.48	2.170761374057199e-6
16.490000000000002	2.1667737586359037e-6
16.5	2.1627959182596225e-6
16.51	2.1588278251152172e-6
16.52	2.154869457288467e-6
16.53	2.150920788619247e-6
16.54	2.14698178946018e-6
16.55	2.143052429390259e-6
16.56	2.1391326781747905e-6
16.57	2.1352225059138055e-6
16.580000000000002	2.1313218829942496e-6
16.59	2.127430780027737e-6
16.6	2.123549167806597e-6
16.61	2.1196770172731154e-6
16.62	2.115814299488576e-6
16.63	2.111960985608268e-6
16.64	2.1081170469221076e-6
16.65	2.104282454915211e-6
16.66	2.1004571812256556e-6
16.67	2.0966411976056373e-6
16.68	2.092834475947463e-6
16.69	2.0890369883345595e-6
16.7	2.0852487070990276e-6
16.71	2.0814696048615555e-6
16.72	2.0776996543828587e-6
16.73	2.073938827612657e-6
16.740000000000002	2.0701870933683553e-6
16.75	2.0664444179201678e-6
16.76	2.0627107736307026e-6
16.77	2.0589861392975367e-6
16.78	2.055270491398303e-6
16.79	2.0515638031786537e-6
16.8	2.0478660469970075e-6
16.81	2.0441771953297794e-6
16.82	2.0404972209357083e-6
16.830000000000002	2.036826096817729e-6
16.84	2.0331637961669543e-6
16.85	2.0295102923200153e-6
16.86	2.0258655587452003e-6
16.87	2.0222295690531737e-6
16.88	2.018602296979542e-6
16.89	2.0149837163626034e-6
16.9	2.011373801147256e-6
16.91	2.0077725253962003e-6
16.92	2.0041798633033984e-6
16.93	2.0005957892150064e-6
16.94	1.99702027766181e-6
16.95	1.9934533033950275e-6
16.96	1.98989484135765e-6
16.97	1.98634486630333e-6
16.98	1.982803351436735e-6
16.990000000000002	1.9792702672161388e-6
17.	1.9757455858481642e-6
17.01	1.972229285756471e-6
17.02	1.968721345874787e-6
17.03	1.9652217423441293e-6
17.04	1.9617304500610197e-6
17.05	1.9582474438489853e-6
17.06	1.95477269874039e-6
17.07	1.951306189976743e-6
17.080000000000002	1.947847892973904e-6
17.09	1.9443977832958564e-6
17.1	1.940955836627543e-6
17.11	1.9375220287560764e-6
17.12	1.9340963355603544e-6
17.13	1.9306787330163243e-6
17.14	1.9272691972217576e-6
17.150000000000002	1.923867704393514e-6
17.16	1.92047423085637e-6
17.17	1.9170887530611448e-6
17.18	1.9137112476174923e-6
17.19	1.9103416913215683e-6
17.2	1.9069800610817828e-6
17.21	1.9036263334183786e-6
17.22	1.9002804832202553e-6
17.23	1.896942483965968e-6
17.240000000000002	1.8936123123390782e-6
17.25	1.890289948616944e-6
17.26	1.886975371926595e-6
17.27	1.883668559652883e-6
17.28	1.880369488706786e-6
17.29	1.8770781360850034e-6
17.3	1.8737944789658315e-6
17.31	1.8705184946880166e-6
17.32	1.8672501607207733e-6
17.330000000000002	1.863989454644555e-6
17.34	1.860736354139802e-6
17.35	1.8574908369806645e-6
17.36	1.8542528810322116e-6
17.37	1.851022464250344e-6
17.38	1.8477995646846125e-6
17.39	1.844584160485708e-6
17.400000000000002	1.8413762299199948e-6
17.41	1.8381757513887573e-6
17.42	1.8349827034405262e-6
17.43	1.831797064706455e-6
17.44	1.828618813510109e-6
17.45	1.825447926960574e-6
17.46	1.8222843813147198e-6
17.47	1.8191281553629435e-6
17.48	1.8159792302729717e-6
17.490000000000002	1.8128375862548824e-6
17.5	1.8097032023472104e-6
17.51	1.8065760573127261e-6
17.52	1.8034561300024156e-6
17.53	1.8003433994116133e-6
17.54	1.7972378446647644e-6
17.55	1.7941394449947486e-6
17.56	1.791048179725294e-6
17.57	1.787964028255393e-6
17.580000000000002	1.7848869700625477e-6
17.59	1.7818169847294686e-6
17.6	1.7787540519358425e-6
17.61	1.7756981514373144e-6
17.62	1.7726492630745318e-6
17.63	1.7696073667924258e-6
17.64	1.7665724426556026e-6
17.650000000000002	1.7635444708290482e-6
17.66	1.7605234313936138e-6
17.67	1.7575093037780333e-6
17.68	1.7545020665087633e-6
17.69	1.7515016992232067e-6
17.7	1.7485081837562465e-6
17.71	1.745521501792094e-6
17.72	1.7425416340564985e-6
17.73	1.7395685609480483e-6
17.740000000000002	1.7366022629038496e-6
17.75	1.733642720476115e-6
17.76	1.7306899143272862e-6
17.77	1.7277438252152413e-6
17.78	1.724804433982327e-6
17.79	1.7218717215488147e-6
17.8	1.7189456689095902e-6
17.81	1.7160262571330352e-6
17.82	1.713113467361728e-6
17.830000000000002	1.710207280815598e-6
17.84	1.7073076787981937e-6
17.85	1.7044146427060855e-6
17.86	1.7015281540348548e-6
17.87	1.6986481943436316e-6
17.88	1.6957747450520393e-6
17.89	1.6929077869914432e-6
17.900000000000002	1.690047300648727e-6
17.91	1.6871932678429218e-6
17.92	1.6843456715174424e-6
17.93	1.6815044941312993e-6
17.94	1.678669717612893e-6
17.95	1.6758413237940076e-6
17.96	1.6730192945787535e-6
17.97	1.6702036119675985e-6
17.98	1.6673942580462588e-6
17.990000000000002	1.6645912149681225e-6
18.	1.661794464947961e-6
18.01	1.6590039902873612e-6
18.02	1.6562197733783397e-6
18.03	1.6534417966724812e-6
18.04	1.6506700426773942e-6
18.05	1.647904493968799e-6
18.06	1.6451451332005112e-6
18.07	1.6423919431100146e-6
18.080000000000002	1.6396449064999654e-6
18.09	1.6369040061179052e-6
18.1	1.6341692243553836e-6
18.11	1.6314405433007034e-6
18.12	1.6287179458550255e-6
18.13	1.6260014158266757e-6
18.14	1.623290936783277e-6
18.150000000000002	1.6205864919083266e-6
18.16	1.617888064308047e-6
18.17	1.6151956371463507e-6
18.18	1.6125091936674552e-6
18.19	1.6098287171911335e-6
18.2	1.607154191105838e-6
18.21	1.60448559886397e-6
18.22	1.6018229239792356e-6
18.23	1.5991661500255036e-6
18.240000000000002	1.5965152606369668e-6
18.25	1.5938702395096428e-6
18.26	1.5912310704045124e-6
18.27	1.5885977371518737e-6
18.28	1.5859702236512843e-6
18.29	1.5833485138399755e-6
18.3	1.5807325915582878e-6
18.31	1.5781224403571553e-6
18.32	1.5755180438564669e-6
18.330000000000002	1.5729193864549999e-6
18.34	1.570326452841668e-6
18.35	1.5677392274231568e-6
18.36	1.565157694451603e-6
18.37	1.5625818381938016e-6
18.38	1.5600116429776537e-6
18.39	1.5574470931877937e-6
18.400000000000002	1.5548881732614705e-6
18.41	1.5523348677139333e-6
18.42	1.549787161140388e-6
18.43	1.5472450381837203e-6
18.44	1.544708483529376e-6
18.45	1.5421774819143958e-6
18.46	1.5396520181330912e-6
18.47	1.5371320770405128e-6
18.48	1.534617643552865e-6
18.490000000000002	1.5321087026294828e-6
18.5	1.529605239190645e-6
18.51	1.5271072379812238e-6
18.52	1.5246146837598726e-6
18.53	1.5221275618036913e-6
18.54	1.5196458576508726e-6
18.55	1.517169556673495e-6
18.56	1.5146986441390892e-6
18.57	1.5122331053319148e-6
18.580000000000002	1.5097729255913055e-6
18.59	1.5073180903153226e-6
18.6	1.5048685849576948e-6
18.61	1.5024243950249395e-6
18.62	1.49998550607456e-6
18.63	1.4975519037141656e-6
18.64	1.4951235736013472e-6
18.650000000000002	1.492700501444305e-6
18.66	1.490282673003289e-6
18.67	1.487870074092296e-6
18.68	1.4854626905769152e-6
18.69	1.4830605083510131e-6
18.7	1.4806635132594735e-6
18.71	1.4782716910456714e-6
18.72	1.4758850276149687e-6
18.73	1.4735035092385906e-6
18.740000000000002	1.4711271222311397e-6
18.75	1.4687558528007303e-6
18.76	1.4663896871331354e-6
18.77	1.4640286114421849e-6
18.78	1.461672611983349e-6
18.79	1.4593216750812596e-6
18.8	1.4569757871317688e-6
18.81	1.4546349345709893e-6
18.82	1.4522991038697394e-6
18.830000000000002	1.4499682815410433e-6
18.84	1.4476424541439022e-6
18.85	1.4453216082846918e-6
18.86	1.4430057306181278e-6
18.87	1.4406948078465516e-6
18.88	1.4383888267085407e-6
18.89	1.436087773935301e-6
18.900000000000002	1.4337916361997745e-6
18.91	1.4315004002463669e-6
18.92	1.429214053077642e-6
18.93	1.4269325817814493e-6
18.94	1.4246559733870923e-6
18.95	1.4223842149117732e-6
18.96	1.4201172934060584e-6
18.97	1.4178551959659543e-6
18.98	1.415597909733351e-6
18.990000000000002	1.41334542189456e-6
19.	1.4110977196791104e-6
19.01	1.4088547903590343e-6
19.02	1.406616621248603e-6
19.03	1.4043831997044305e-6
19.04	1.402154513125986e-6
19.05	1.3999305489562091e-6
19.06	1.3977112946803418e-6
19.07	1.395496737815191e-6
19.080000000000002	1.3932868658750708e-6
19.09	1.3910816663528558e-6
19.1	1.3888811268385758e-6
19.11	1.3866852350960609e-6
19.12	1.3844939789193999e-6
19.13	1.3823073460704903e-6
19.14	1.380125324313164e-6
19.150000000000002	1.3779479014566827e-6
19.16	1.3757750653761092e-6
19.17	1.373606803987541e-6
19.18	1.3714431052358897e-6
19.19	1.3692839571007553e-6
19.2	1.3671293476004075e-6
19.21	1.3649792647926594e-6
19.22	1.3628336967750112e-6
19.23	1.3606926316848302e-6
19.240000000000002	1.3585560576991456e-6
19.25	1.3564239630308916e-6
19.26	1.354296335913053e-6
19.27	1.3521731645742307e-6
19.28	1.3500544372775227e-6
19.29	1.3479401424101996e-6
19.3	1.3458302684302101e-6
19.31	1.3437248037918865e-6
19.32	1.3416237369592984e-6
19.330000000000002	1.339527056427623e-6
19.34	1.3374347507295761e-6
19.35	1.3353468084358663e-6
19.36	1.333263218154562e-6
19.37	1.3311839685305026e-6
19.38	1.3291090482449557e-6
19.39	1.3270384460154686e-6
19.400000000000002	1.3249721505959277e-6
19.41	1.3229101507767636e-6
19.42	1.3208524353849026e-6
19.43	1.318798993281494e-6
19.44	1.3167498133519566e-6
19.45	1.314704884490417e-6
19.46	1.3126641956238298e-6
19.47	1.310627735767072e-6
19.48	1.3085954939833378e-6
19.490000000000002	1.306567459337142e-6
19.5	1.3045436209244698e-6
19.51	1.3025239678889554e-6
19.52	1.3005084894033334e-6
19.53	1.298497174666541e-6
19.54	1.2964900129093413e-6
19.55	1.294486993396629e-6
19.56	1.2924881054276496e-6
19.57	1.2904933383357852e-6
19.580000000000002	1.2885026814884338e-6
19.59	1.2865161242869783e-6
19.6	1.2845336561663563e-6
19.61	1.2825552665922752e-6
19.62	1.2805809450524213e-6
19.63	1.2786106810507142e-6
19.64	1.2766444641368641e-6
19.650000000000002	1.2746822839282709e-6
19.66	1.2727241300738024e-6
19.67	1.2707699922375514e-6
19.68	1.2688198601084857e-6
19.69	1.2668737234067143e-6
19.7	1.2649315718848242e-6
19.71	1.262993395327743e-6
19.72	1.2610591835524295e-6
19.73	1.2591289264076268e-6
19.740000000000002	1.2572026137737342e-6
19.75	1.2552802355627842e-6
19.76	1.2533617817184905e-6
19.77	1.2514472422162414e-6
19.78	1.249536607062138e-6
19.79	1.2476298662887083e-6
19.8	1.2457270099476141e-6
19.81	1.243828028116199e-6
19.82	1.2419329109163671e-6
19.830000000000002	1.2400416485131365e-6
19.84	1.238154231109001e-6
19.85	1.2362706489309228e-6
19.86	1.234390892226241e-6
19.87	1.2325149512686799e-6
19.88	1.2306428163617235e-6
19.89	1.2287744778391935e-6
19.900000000000002	1.2269099260650401e-6
19.91	1.2250491514330854e-6
19.92	1.2231921443668433e-6
19.93	1.2213388953194278e-6
19.94	1.2194893947733978e-6
19.95	1.2176436332400381e-6
19.96	1.2158016012566659e-6
19.97	1.213963289382774e-6
19.98	1.212128688206649e-6
19.990000000000002	1.210297788359132e-6
20.	1.2084705805043215e-6