0.	0.
0.01	0.00006058358131630873
0.02	0.00012122533373239119
0.03	0.0001819835683857971
0.04	0.00024291687712052766
0.05	0.0003040842744220869
0.06	0.00036554534126359426
0.07	0.0004273603715215723
0.08	0.0004895905216388324
0.09	0.0005522979642357672
0.1	0.0006155460464005768
0.11	0.0006793994534238348
0.12	0.0007439243787837231
0.13	0.0008091887012356606
0.14	0.0008752621699145074
0.15	0.0009422165984196029
0.16	0.0010101260689233354
0.17	0.0010790671474235813
0.18	0.0011491191113501011
0.19	0.001220364190835935
0.2	0.001292887825078253
0.21	0.0013667789353403609
0.22	0.0014421302162892675
0.23	0.0015190384475232573
0.24	0.0015976048273233007
0.25	0.0016779353308633894
0.26	0.001760141095340662
0.27	0.0018443388347396709
0.28	0.0019306512872300009
0.29	0.002019207698516707
0.3	0.0021101443448236228
0.31	0.0022036050995958493
0.32	0.0022997420484660827
0.33	0.002398716157547193
0.34	0.002500698000698987
0.35000000000000003	0.002605868552080324
0.36	0.0027144200510499233
0.37	0.00282655694733367
0.38	0.0029424969353481966
0.39	0.00306247208767831
0.4	0.003186730098969974
0.41000000000000003	0.003315535652946252
0.42	0.003449171926909274
0.43	0.0035879422499914258
0.44	0.0037321719336032783
0.45	0.0038822102950423166
0.46	0.004038432898130954
0.47000000000000003	0.004201244038112098
0.48	0.004371079501924783
0.49	0.004548409639506593
0.5	0.0047337427870372505
0.51	0.004927629089185813
0.52	0.005130664774616671
0.53	0.005343496947445762
0.54	0.005566828967258619
0.55	0.005801426501998371
0.56	0.006048124351860711
0.5700000000000001	0.0063078341587296275
0.58	0.006581553135187009
0.59	0.006870373970388517
0.6	0.007175496097931236
0.61	0.007498238544253668
0.62	0.00784005461636253
0.63	0.008202548736344266
0.64	0.008587495789165619
0.65	0.008996863422185374
0.66	0.009432837822742478
0.67	0.009897853608168722
0.68	0.010394628595734066
0.6900000000000001	0.010926204384975494
0.7000000000000001	0.011495993890127721
0.71	0.012107837217069466
0.72	0.012766067601846426
0.73	0.013475589535535404
0.74	0.014241971718273322
0.75	0.015071558147407101
0.76	0.015971601496183357
0.77	0.016950424041374333
0.78	0.018017612834083156
0.79	0.019184257692155638
0.8	0.02046324308367446
0.81	0.021869608290421214
0.8200000000000001	0.023420994700337944
0.8300000000000001	0.025138205123795106
0.84	0.02704590830010347
0.85	0.029173533189646543
0.86	0.03155641360417228
0.87	0.03423726625567867
0.88	0.03726811748567165
0.89	0.040712840488091005
0.9	0.04465053308289909
0.91	0.04918006757465717
0.92	0.0544262974296383
0.93	0.06054864054939488
0.9400000000000001	0.0677531257675996
0.9500000000000001	0.07630957224713836
0.96	0.08657651598133016
0.97	0.0990380583808585
0.98	0.11435944365356426
0.99	0.13347269768232126
1.	0.1577115834852651
1.01	0.18902916603069697
1.02	0.23035613486649842
1.03	0.2862006359869729
1.04	0.36365472870159693
1.05	0.4740246870348713
1.06	0.6350928055618085
1.07	0.872320435748978
1.08	1.2095703615690434
1.09	1.619596179261264
1.1	1.9242225506943182
1.11	1.876001677571365
1.12	1.531591478854344
1.1300000000000001	1.1551688439044676
1.1400000000000001	0.8768968902776156
1.1500000000000001	0.7046537700729345
1.16	0.6174152736154263
1.17	0.5955970716741743
1.18	0.611563122251069
1.19	0.609325315237106
1.2	0.5414265226838098
1.21	0.4353828075641434
1.22	0.34015212084325225
1.23	0.2720798293517495
1.24	0.22837633374081395
1.25	0.2019040404538512
1.26	0.18291192578346405
1.27	0.1612222721173191
1.28	0.13599682681923161
1.29	0.11314564156981188
1.3	0.095469649950203
1.31	0.08251001279048137
1.32	0.07279526164827024
1.33	0.06464167568825141
1.34	0.05713206754983183
1.35	0.050487541399215456
1.36	0.044963350548930914
1.37	0.040451502995921235
1.3800000000000001	0.036701038243182924
1.3900000000000001	0.03346832875653912
1.4000000000000001	0.030626053870398517
1.41	0.028140696762249357
1.42	0.025975089408616748
1.43	0.024076366631099844
1.44	0.022393471251432144
1.45	0.02088860209500453
1.46	0.01953723689889583
1.47	0.01831952385440823
1.48	0.017217415919252393
1.49	0.01621534458533415
1.5	0.015300643581331794
1.51	0.014463011346417474
1.52	0.013693684570082042
1.53	0.012985100727403547
1.54	0.012330759633981963
1.55	0.0117250737993207
1.56	0.011163196514511493
1.57	0.010640890252038165
1.58	0.010154435142739846
1.59	0.009700554173352029
1.6	0.009276348282797362
1.61	0.00887924250697992
1.62	0.008506942021468499
1.6300000000000001	0.008157395333556873
1.6400000000000001	0.007828763057643273
1.6500000000000001	0.007519391422790752
1.6600000000000001	0.007227789718627381
1.67	0.006952610967114209
1.68	0.006692635279708198
1.69	0.006446755474739558
1.7	0.006213964600968506
1.71	0.005993345075238089
1.72	0.005784059194307569
1.73	0.005585340821533285
1.74	0.0053964880816494845
1.75	0.005216856923722415
1.76	0.005045855434325488
1.77	0.004882938801060032
1.78	0.004727604841532674
1.79	0.004579390025378879
1.8	0.004437865927353927
1.81	0.004302636058270852
1.82	0.004173333027946298
1.83	0.004049616000558774
1.84	0.003931168408122719
1.85	0.0038176958922936004
1.86	0.0037089244485727572
1.87	0.0036045987502812634
1.8800000000000001	0.003504480632507235
1.8900000000000001	0.0034083477186725953
1.9000000000000001	0.0033159921744734446
1.9100000000000001	0.003227219575772775
1.92	0.0031418478786072786
1.93	0.00305970648084627
1.94	0.0029806353662402392
1.95	0.002904484322643696
1.96	0.0028311122271134368
1.97	0.0027603863913866497
1.98	0.0026921819619489273
1.99	0.0026263813695230776
2.	0.0025628738233570525
2.0100000000000002	0.002501554846172432
2.02	0.0024423258460625078
2.0300000000000002	0.0023850937220074968
2.04	0.0023297705000106055
2.05	0.002276272997156998
2.06	0.002224522511163608
2.07	0.002174444533224449
2.08	0.0021259684821673982
2.09	0.002079027458127366
2.1	0.0020335580141096774
2.11	0.001989499943969056
2.12	0.0019467960854653102
2.13	0.001905392137179027
2.14	0.001865236488180188
2.15	0.001826280059441579
2.16	0.0017884761560778219
2.17	0.0017517803295713722
2.18	0.0017161502492193423
2.19	0.001681545582100785
2.2	0.0016479278809234754
2.21	0.0016152604791631517
2.22	0.001583508392957048
2.23	0.0015526382292579668
2.24	0.0015226180997954487
2.25	0.0014934175404273588
2.2600000000000002	0.001465007435498578
2.27	0.0014373599468540145
2.2800000000000002	0.0014104484471808858
2.29	0.0013842474573806563
2.3000000000000003	0.001358732587694133
2.31	0.0013338804823245193
2.32	0.0013096687673225347
2.33	0.001286076001515593
2.34	0.0012630816302792462
2.35	0.001240665941964112
2.36	0.0012188100268052276
2.37	0.0011974957381533486
2.38	0.0011767056558793913
2.39	0.0011564230518138106
2.4	0.0011366318570926084
2.41	0.00111731663129067
2.42	0.0010984625332315287
2.43	0.0010800552933703305
2.44	0.001062081187653919
2.45	0.001044527012768505
2.46	0.001027380062691517
2.47	0.0010106281064697804
2.48	0.000994259367151479
2.49	0.0009782625018040741
2.5	0.0009626265825549205
2.5100000000000002	0.0009473410785953983
2.52	0.000932395839093282
2.5300000000000002	0.0009177810769615995
2.54	0.0009034873534355993
2.5500000000000003	0.0008895055634124935
2.56	0.0008758269215115608
2.57	0.0008624429488148217
2.58	0.0008493454602510466
2.59	0.0008365265525881396
2.6	0.0008239785930011214
2.61	0.0008116942081849853
2.62	0.0007996662739835423
2.63	0.0007878879055072023
2.64	0.0007763524477142306
2.65	0.0007650534664316311
2.66	0.0007539847397932113
2.67	0.0007431402500737881
2.68	0.0007325141758997521
2.69	0.0007221008848174328
2.7	0.0007118949262018309
2.71	0.0007018910244893828
2.72	0.0006920840727194072
2.73	0.0006824691263698821
2.74	0.0006730413974740923
2.75	0.000663796249005584
2.7600000000000002	0.0006547291895196758
2.77	0.0006458358680406043
2.7800000000000002	0.0006371120691841366
2.79	0.0006285537085062519
2.8000000000000003	0.000620156828069208
2.81	0.0006119175922170499
2.82	0.0006038322835533046
2.83	0.0005958972991143361
2.84	0.0005881091467325311
2.85	0.0005804644415842106
2.86	0.0005729599029179073
2.87	0.0005655923509594013
2.88	0.0005583587039907223
2.89	0.0005512559756011484
2.9	0.0005442812721091572
2.91	0.0005374317901552443
2.92	0.0005307048144665904
2.93	0.0005240977157957291
2.94	0.0005176079490366734
2.95	0.0005112330515234008
2.96	0.0005049706415172729
2.97	0.0004988184168918073
2.98	0.0004927741540254064
2.99	0.000486835706915096
3.	0.00048100100652723773
3.0100000000000002	0.000475268060404509
3.02	0.0004696349525524105
3.0300000000000002	0.000464099843633181
3.04	0.00045866097150051594
3.0500000000000003	0.0004533166521150009
3.06	0.0004480652808879933
3.0700000000000003	0.0004429053345110262
3.08	0.0004378353733391037
3.09	0.0004328540444098576
3.1	0.00042796008519712444
3.11	0.00042315232821767146
3.12	0.0004184297066345523
3.13	0.00041379126103102
3.14	0.00040923614756655234
3.15	0.00040476364777330894
3.16	0.00040037318030968633
3.17	0.0003960643150608624
3.18	0.0003918367900685611
3.19	0.00038769053188940144
3.2	0.0003836256801305815
3.21	0.000379642617103395
3.22	0.0003757420037826709
3.23	0.00037192482358212853
3.24	0.00036819243587702326
3.25	0.0003645466417611351
3.2600000000000002	0.00036098976526356886
3.27	0.0003575247542401042
3.2800000000000002	0.0003541553064905256
3.29	0.0003508860284759779
3.3000000000000003	0.0003477226365194243
3.31	0.00034467221386155067
3.3200000000000003	0.0003417435418493756
3.33	0.0003389475305091596
3.34	0.00033629778379326477
3.35	0.0003338113494265434
3.36	0.00033150972491370416
3.37	0.00032942022372574634
3.38	0.0003275778551397968
3.39	0.0003260279478294182
3.4	0.00032482986812608957
3.41	0.00032406237797364025
3.42	0.00032383149554745264
3.43	0.0003242822528777105
3.44	0.0003256166508258308
3.45	0.00032812168596408134
3.46	0.0003322141012665634
3.47	0.00033851344543832135
3.48	0.0003479636665609797
3.49	0.00036203760416058224
3.5	0.00038307647771990534
3.5100000000000002	0.00041481028782923695
3.52	0.00046291999229187974
3.5300000000000002	0.0005344707062528959
3.54	0.0006313217025586966
3.5500000000000003	0.0007284003201062103
3.56	0.0007597663925313331
3.5700000000000003	0.0006934025624926338
3.58	0.0005860663807509468
3.59	0.0004924691006566644
3.6	0.00042512178239464287
3.61	0.00037887856046114036
3.62	0.0003468981425282596
3.63	0.00032422834547437955
3.64	0.00030771053228051116
3.65	0.000295386920522285
3.66	0.0002860474883857984
3.67	0.00027895020938953997
3.68	0.00027366080308080103
3.69	0.00026996844772718756
3.7	0.0002678533868323295
3.71	0.00026749796129308333
3.72	0.00026934483167058296
3.73	0.00027421324160289956
3.74	0.00028346321915329254
3.75	0.0002990343444095934
3.7600000000000002	0.0003224791331043122
3.77	0.0003504984678117379
3.7800000000000002	0.00036757407811007056
3.79	0.0003563882586482077
3.8000000000000003	0.0003251515536212302
3.81	0.00029343968655568697
3.8200000000000003	0.0002691409359668831
3.83	0.00025188034486924027
3.84	0.0002395883031654734
3.85	0.00023057386479270585
3.86	0.00022372667255096408
3.87	0.0002183567516514572
3.88	0.00021404202648533496
3.89	0.00021053059936558318
3.9	0.0002076861215112047
3.91	0.00020546268857200948
3.92	0.00020390164678507768
3.93	0.00020314549272291415
3.94	0.0002034514544269105
3.95	0.00020511398443017397
3.96	0.0002079770400800651
3.97	0.00021020907181726163
3.98	0.00020849269013040232
3.99	0.0002025637589686584
4.	0.00019565238342938364
4.01	0.00018979651170165189
4.0200000000000005	0.00018522931359275967
4.03	0.00018163249721887638
4.04	0.00017869215275347005
4.05	0.00017619311893678343
4.0600000000000005	0.00017400056059459408
4.07	0.00017203263028362355
4.08	0.00017024195765481774
4.09	0.00016860556546196992
4.1	0.00016712073430135777
4.11	0.0001658038382431157
4.12	0.00016468333840107173
4.13	0.00016375555907323502
4.14	0.0001628515219697855
4.15	0.0001615757765250352
4.16	0.00015977371810184883
4.17	0.00015779119834450755
4.18	0.00015592688780717066
4.19	0.00015423953937183322
4.2	0.00015269522091452092
4.21	0.00015125341514839945
4.22	0.00014988519042462528
4.23	0.00014857217294790608
4.24	0.00014730320553233607
4.25	0.00014607196934909
4.26	0.00014487567864780983
4.2700000000000005	0.00014371428634273934
4.28	0.00014258861085681259
4.29	0.00014149297578689918
4.3	0.0001404005193660501
4.3100000000000005	0.00013927383025942412
4.32	0.00013811894976758186
4.33	0.00013697314063740984
4.34	0.00013585470980201507
4.3500000000000005	0.0001347638498103288
4.36	0.00013369626511843032
4.37	0.0001326481779951158
4.38	0.00013161699729986642
4.39	0.00013060105205700163
4.4	0.00012959930065202993
4.41	0.0001286111413558238
4.42	0.00012763624410687757
4.43	0.00012667412876577792
4.44	0.00012572308195497143
4.45	0.00012477974194673622
4.46	0.00012384278501702237
4.47	0.00012291469441468936
4.48	0.00012199749158345816
4.49	0.00012109139027497804
4.5	0.00012019593734661559
4.51	0.00011931065014721111
4.5200000000000005	0.00011843514639218673
4.53	0.0001175691341828387
4.54	0.00011671238609836955
4.55	0.00011586471836751836
4.5600000000000005	0.00011502596426903546
4.57	0.00011419591106679423
4.58	0.00011337422547230812
4.59	0.00011256060990351355
4.6000000000000005	0.00011175505733524467
4.61	0.000110957635741691
4.62	0.00011016828658127074
4.63	0.0001093868815242829
4.64	0.00010861328398703277
4.65	0.0001078473659398389
4.66	0.00010708900868134588
4.67	0.00010633810087242288
4.68	0.00010559453648920261
4.69	0.00010485821173830195
4.7	0.00010412901951245273
4.71	0.00010340684975376391
4.72	0.00010269160695008744
4.73	0.00010198321141125641
4.74	0.00010128158077543514
4.75	0.00010058662759050069
4.76	0.00009989826410967976
4.7700000000000005	0.00009921640436206122
4.78	0.00009854096444307777
4.79	0.00009787186237374847
4.8	0.0000972090179011494
4.8100000000000005	0.00009655235222273127
4.82	0.0000959017876203707
4.83	0.00009525724766235961
4.84	0.00009461865814126235
4.8500000000000005	0.00009398594666416537
4.86	0.00009335904172328785
4.87	0.00009273787272479491
4.88	0.0000921223701972001
4.89	0.0000915124658413229
4.9	0.00009090809250843576
4.91	0.00009030918416379018
4.92	0.00008971567584657821
4.93	0.00008912750362590913
4.94	0.00008854460458008388
4.95	0.00008796691682039185
4.96	0.0000873943794605965
4.97	0.00008682693254623939
4.98	0.00008626451703135068
4.99	0.00008570707477031715
5.	0.00008515454850274225
5.01	0.00008460688183478545
5.0200000000000005	0.00008406401922014055
5.03	0.00008352590594130782
5.04	0.00008299248809151574
5.05	0.00008246371255909487
5.0600000000000005	0.00008193952701295433
5.07	0.00008141987988507549
5.08	0.00008090472035385495
5.09	0.00008039399832977349
5.1000000000000005	0.00007988766444149217
5.11	0.0000793856700220487
5.12	0.00007888796709534312
5.13	0.00007839450836297866
5.14	0.00007790524719146728
5.15	0.00007742013759985745
5.16	0.00007693913424774308
5.17	0.00007646219242345322
5.18	0.0000759892680325467
5.19	0.00007552031758668626
5.2	0.00007505529819280402
5.21	0.00007459416754252724
5.22	0.00007413688390186363
5.23	0.00007368340610113943
5.24	0.00007323369352518415
5.25	0.00007278770610375456
5.26	0.00007234540430218681
5.2700000000000005	0.00007190674911226365
5.28	0.00007147170204329716
5.29	0.00007104022511341917
5.3	0.00007061228084107085
5.3100000000000005	0.00007018783223668466
5.32	0.00006976684279455277
5.33	0.00006934927648487634
5.34	0.0000689350977459902
5.3500000000000005	0.00006852427147675795
5.36	0.00006811676302913161
5.37	0.00006771253820087165
5.38	0.000067311563228423
5.39	0.00006691380477994231
5.4	0.00006651922994847238
5.41	0.00006612780624526032
5.42	0.0000657395015932145
5.43	0.00006535428432049808
5.44	0.00006497212315425485
5.45	0.00006459298721446467
5.46	0.00006421684600792471
5.47	0.00006384366942235455
5.48	0.00006347342772062165
5.49	0.0000631060915350852
5.5	0.00006274163186205546
5.51	0.00006238002005636633
5.5200000000000005	0.00006202122782605992
5.53	0.0000616652272271802
5.54	0.00006131199065867438
5.55	0.00006096149085740077
5.5600000000000005	0.00006061370089324148
5.57	0.000060268594164318955
5.58	0.000059926144392315374
5.59	0.000059586325617894425
5.6000000000000005	0.0000592491121962248
5.61	0.00005891447879260602
5.62	0.00005858240037819547
5.63	0.000058252852225839165
5.64	0.000057925809906005466
5.65	0.00005760124928282434
5.66	0.00005727914651023416
5.67	0.0000569594780282379
5.68	0.00005664222055927305
5.69	0.00005632735110469887
5.7	0.000056014846941406245
5.71	0.000055704685618556456
5.72	0.00005539684495445608
5.73	0.000055091303033577627
5.74	0.000054788038203736417
5.75	0.000054487029073436646
5.76	0.00005418825450940252
5.7700000000000005	0.00005389169363431294
5.78	0.00005359732582476214
5.79	0.000053305130709472954
5.8	0.00005301508816779463
5.8100000000000005	0.00005272717832852454
5.82	0.00005244138156909934
5.83	0.00005215767851521267
5.84	0.00005187605004092727
5.8500000000000005	0.00005159647726936467
5.86	0.00005131894157407405
5.87	0.00005104342458120418
5.88	0.000050769908172632144
5.89	0.00005049837449023747
5.9	0.00005022880594155762
5.91	0.00004996118520711816
5.92	0.00004969549524980634
5.93	0.00004943171932675432
5.94	0.0000491698410043228
5.95	0.00004890984417694173
5.96	0.000048651713090780074
5.97	0.0000483954323735054
5.98	0.00004814098707177825
5.99	0.00004788836269864633
6.	0.00004763754529370908
6.01	0.00004738852149989767
6.0200000000000005	0.00004714127866206295
6.03	0.000046895804954458894
6.04	0.00004665208954689628
6.05	0.000046410122823203225
6.0600000000000005	0.00004616989667124549
6.07	0.000045931404872045176
6.08	0.00004569464362793471
6.09	0.00004545961228852472
6.1000000000000005	0.00004522631436237599
6.11	0.00004499475894803246
6.12	0.000044764962791366123
6.13	0.00004453695329585185
6.140000000000001	0.00004431077301171159
6.15	0.00004408648646860424
6.16	0.00004386419080334489
6.17	0.00004364403266723032
6.18	0.000043426235732187785
6.19	0.00004321114634380161
6.2	0.00004299931025016758
6.21	0.00004279160062453569
6.22	0.0000425894187151997
6.23	0.000042394934898525865
6.24	0.00004221101144647457
6.25	0.00004203917077885441
6.26	0.000041871835567493864
6.2700000000000005	0.00004168389602194985
6.28	0.00004145664838864447
6.29	0.00004120896841748821
6.3	0.00004096585296786716
6.3100000000000005	0.000040734757653010175
6.32	0.000040514111442167566
6.33	0.000040301030792815955
6.34	0.000040093327987672135
6.3500000000000005	0.000039889583268419644
6.36	0.00003968890357977805
6.37	0.00003949072246785541
6.38	0.000039294672540825636
6.390000000000001	0.00003910050909307205
6.4	0.00003890806472945532
6.41	0.00003871722211650484
6.42	0.00003852789735825592
6.43	0.000038340029720776515
6.44	0.00003815357527137232
6.45	0.00003796850305029007
6.46	0.000037784793014116196
6.47	0.00003760243538845847
6.48	0.00003742143136905666
6.49	0.00003724179540724686
6.5	0.00003706355970020337
6.51	0.000036886782104535546
6.5200000000000005	0.000036711559697853874
6.53	0.000036538051893089884
6.54	0.000036366519457342846
6.55	0.00003619738733226785
6.5600000000000005	0.000036031328507425467
6.57	0.00003586928948324699
6.58	0.000035712045345173
6.59	0.00003555809678342554
6.6000000000000005	0.00003540008786248974
6.61	0.00003522953146922575
6.62	0.00003505011791168378
6.63	0.00003487133150990788
6.640000000000001	0.00003469709516947335
6.65	0.00003452726316116367
6.66	0.00003436083141535889
6.67	0.00003419696972905033
6.68	0.000034035127052021277
6.69	0.000033874954412866875
6.7	0.000033716229791712595
6.71	0.00003355880863802004
6.72	0.00003340259402526688
6.73	0.00003324751895038899
6.74	0.00003309353577260916
6.75	0.00003294060984523465
6.76	0.00003278871566890165
6.7700000000000005	0.00003263783463515902
6.78	0.00003248795386545019
6.79	0.00003233906593143555
6.8	0.00003219116946396731
6.8100000000000005	0.00003204427089305686
6.82	0.0000318983878795151
6.83	0.00003175355545054565
6.84	0.00003160983628343229
6.8500000000000005	0.000031467335665184025
6.86	0.00003132621259007619
6.87	0.00003118663466461576
6.88	0.000031048495018078935
6.890000000000001	0.0000309107348227103
6.9	0.00003077155579901042
6.91	0.00003063094658100513
6.92	0.000030490690036702858
6.93	0.000030351834427890548
6.94	0.00003021447386184395
6.95	0.00003007842622921956
6.96	0.000029943517414604507
6.97	0.000029809626672985628
6.98	0.000029676675476784348
6.99	0.000029544612402798974
7.	0.000029413402642975982
7.01	0.000029283021599801748
7.0200000000000005	0.00002915345109100334
7.03	0.000029024677103349726
7.04	0.000028896688462138782
7.05	0.000028769476060605923
7.0600000000000005	0.000028643032460436174
7.07	0.00002851735178001362
7.08	0.0000283924298663565
7.09	0.000028268264823457313
7.1000000000000005	0.000028144858048886687
7.11	0.000028022215933164823
7.12	0.0000279003518199891
7.13	0.000027779284580977825
7.140000000000001	0.000027659018020388496
7.15	0.000027539468729943553
7.16	0.000027420406282489173
7.17	0.00002730169222821121
7.18	0.000027183505843623415
7.19	0.00002706604330664536
7.2	0.00002694935125599286
7.21	0.0000268334083389608
7.22	0.00002671818527965307
7.23	0.000026603659232545152
7.24	0.000026489813801164342
7.25	0.000026376636954307325
7.26	0.00002626411937875786
7.2700000000000005	0.000026152253441934143
7.28	0.000026041032574698645
7.29	0.000025930450909027606
7.3	0.000025820503067830747
7.3100000000000005	0.000025711184049625643
7.32	0.000025602489179572822
7.33	0.00002549441411774403
7.34	0.000025386954930240734
7.3500000000000005	0.000025280108235795233
7.36	0.00002517387140411475
7.37	0.00002506824253198733
7.38	0.000024963218899234298
7.390000000000001	0.000024858790628647073
7.4	0.000024754932344461554
7.41	0.000024651621052652185
7.42	0.000024548866876945067
7.43	0.00002444668888283073
7.44	0.000024345090839630077
7.45	0.000024244067657104542
7.46	0.000024143612772077443
7.47	0.00002404372022475616
7.48	0.000023944384788432223
7.49	0.000023845601758745294
7.5	0.000023747366769911637
7.51	0.000023649675676467112
7.5200000000000005	0.000023552524482665426
7.53	0.000023455909301333897
7.54	0.000023359826330655033
7.55	0.000023264271842617474
7.5600000000000005	0.000023169242180377052
7.57	0.000023074733763962435
7.58	0.000022980743103602652
7.59	0.00002288726680967343
7.6000000000000005	0.000022794301536451067
7.61	0.000022701843643707223
7.62	0.00002260988839526287
7.63	0.000022518430226088323
7.640000000000001	0.000022427465726916068
7.65	0.000022336993615698004
7.66	0.000022247011760847984
7.67	0.000022157516939208824
7.68	0.000022068505633843073
7.69	0.000021979974365872045
7.7	0.00002189191974673153
7.71	0.000021804338464569655
7.72	0.00002171722726616723
7.73	0.000021630582944360882
7.74	0.000021544402330324386
7.75	0.000021458682288997375
7.76	0.000021373419716465075
7.7700000000000005	0.000021288611538629205
7.78	0.000021204254710864714
7.79	0.0000211203462184432
7.8	0.000021036883076728553
7.8100000000000005	0.00002095386232606783
7.82	0.000020871281004675516
7.83	0.000020789136088864302
7.84	0.00002070742452397459
7.8500000000000005	0.000020626143446183722
7.86	0.000020545290156839762
7.87	0.000020464861908461404
7.88	0.000020384855897447785
7.890000000000001	0.000020305269321474898
7.9	0.000020226099401827592
7.91	0.000020147343386487297
7.92	0.000020068998548862176
7.930000000000001	0.000019991062186288886
7.94	0.00001991353161894907
7.95	0.000019836404189140414
7.96	0.000019759677260779476
7.97	0.000019683348219053325
7.98	0.00001960741447017404
7.99	0.000019531873441199643
8.	0.000019456722579804206
8.01	0.000019381959353498897
8.02	0.000019307581246999198
8.03	0.00001923358575848234
8.040000000000001	0.000019159970405772842
8.05	0.000019086732739249884
8.06	0.000019013870332962057
8.07	0.000018941380773832282
8.08	0.000018869261663740495
8.09	0.000018797510622479924
8.1	0.000018726125288510093
8.11	0.000018655103318859646
8.120000000000001	0.00001858444238887536
8.13	0.000018514140191981304
8.14	0.000018444194439466892
8.15	0.000018374602860297104
8.16	0.000018305363200937802
8.17	0.000018236473225191265
8.18	0.000018167930714037795
8.19	0.000018099733465470912
8.2	0.00001803187929428163
8.21	0.000017964366031716177
8.22	0.00001789719152522905
8.23	0.000017830353638998463
8.24	0.000017763850254178756
8.25	0.000017697679267968984
8.26	0.00001763183859317448
8.27	0.000017566326158276098
8.28	0.00001750113990741657
8.290000000000001	0.000017436277800288385
8.3	0.000017371737811994626
8.31	0.00001730751793290736
8.32	0.000017243616168528964
8.33	0.000017180030539356154
8.34	0.00001711675908074648
8.35	0.00001705379984278677
8.36	0.000016991150890163236
8.370000000000001	0.000016928810302032085
8.38	0.000016866776171887803
8.39	0.000016805046607426146
8.4	0.000016743619730423502
8.41	0.00001668249367665503
8.42	0.00001662166659577222
8.43	0.000016561136651141042
8.44	0.000016500902019719203
8.45	0.00001644096089194898
8.46	0.000016381311471644708
8.47	0.000016321951975877734
8.48	0.000016262880634861377
8.49	0.000016204095691837283
8.5	0.00001614559540296278
8.51	0.000016087378037199493
8.52	0.00001602944187620317
8.53	0.00001597178521421457
8.540000000000001	0.000015914406357951405
8.55	0.00001585730362650124
8.56	0.0000158004753512151
8.57	0.000015743919875603083
8.58	0.000015687635555232626
8.59	0.000015631620757625434
8.6	0.000015575873862154024
8.61	0.000015520393259941136
8.620000000000001	0.000015465177353760616
8.63	0.00001541022455793908
8.64	0.00001535553329825831
8.65	0.000015301102011858685
8.66	0.000015246929147143606
8.67	0.000015193013163684911
8.68	0.00001513935253212925
8.69	0.000015085945734105512
8.700000000000001	0.000015032791262133199
8.71	0.000014979887619531815
8.72	0.000014927233320331273
8.73	0.000014874826889183273
8.74	0.000014822666861273902
8.75	0.000014770751782237131
8.76	0.000014719080208069383
8.77	0.000014667650705045214
8.78	0.00001461646184963429
8.790000000000001	0.000014565512228419505
8.8	0.000014514800438016502
8.81	0.000014464325084994459
8.82	0.000014414084785798516
8.83	0.000014364078166673843
8.84	0.00001431430386359158
8.85	0.00001426476052217691
8.86	0.000014215446797639563
8.870000000000001	0.000014166361354707188
8.88	0.000014117502867562126
8.89	0.000014068870019782205
8.9	0.000014020461504286553
8.91	0.000013972276023287583
8.92	0.00001392431228825066
8.93	0.000013876569019863731
8.94	0.000013829044948019639
8.950000000000001	0.000013781738811815067
8.96	0.000013734649359571676
8.97	0.000013687775348886757
8.98	0.000013641115546724256
8.99	0.000013594668729561503
9.	0.000013548433683613633
9.01	0.00001350240920516867
9.02	0.00001345659410108209
9.03	0.00001341098718950545
9.040000000000001	0.000013365587300964412
9.05	0.000013320393279969061
9.06	0.000013275403987450076
9.07	0.000013230618304505357
9.08	0.000013186035138270349
9.09	0.000013141653431305687
9.1	0.000013097472176926666
9.11	0.000013053490444709859
9.120000000000001	0.00001300970742341625
9.13	0.000012966122492555367
9.14	0.000012922735333903154
9.15	0.000012879546061779661
9.16	0.000012836555158277619
9.17	0.00001279376226305004
9.18	0.00001275116174776837
9.19	0.000012708738486319596
9.200000000000001	0.00001266648205740792
9.21	0.00001262440249501169
9.22	0.00001258251200877205
9.23	0.000012540813230573655
9.24	0.000012499304172711068
9.25	0.000012457982247034175
9.26	0.000012416845266702736
9.27	0.000012375891465187315
9.28	0.000012335119363691379
9.290000000000001	0.00001229452766391427
9.3	0.000012254115180048533
9.31	0.000012213880798060767
9.32	0.000012173823451438715
9.33	0.000012133942106548844
9.34	0.000012094235753611521
9.35	0.000012054703401009812
9.36	0.00001201534407161764
9.370000000000001	0.00001197615680037948
9.38	0.000011937140632684828
9.39	0.000011898294623260308
9.4	0.000011859617835409672
9.41	0.00001182110934049615
9.42	0.000011782768217603385
9.43	0.000011744593553338478
9.44	0.000011706584441761618
9.450000000000001	0.00001166873998444445
9.46	0.000011631059290679153
9.47	0.000011593541477884844
9.48	0.000011556185672295417
9.49	0.000011518991010072473
9.5	0.000011481956639087598
9.51	0.000011445081721792786
9.52	0.000011408365439906282
9.53	0.000011371807002186584
9.540000000000001	0.000011335405657502971
9.55	0.000011299160716829008
9.56	0.000011263071588959274
9.57	0.000011227137830295213
9.58	0.000011191359172379825
9.59	0.000011155735322896411
9.6	0.00001112026488811466
9.61	0.000011084943157617226
9.620000000000001	0.00001104976378568671
9.63	0.00001101472707300864
9.64	0.000010979838046821945
9.65	0.000010945098803015417
9.66	0.000010910508662569419
9.67	0.000010876066257052964
9.68	0.00001084177029233239
9.69	0.000010807619650032062
9.700000000000001	0.000010773613345443609
9.71	0.000010739750480350689
9.72	0.000010706030211164767
9.73	0.000010672451729561311
9.74	0.000010639014250954284
9.75	0.00001060571700758134
9.76	0.000010572559244276435
9.77	0.000010539540215826086
9.78	0.000010506659185277085
9.790000000000001	0.000010473915422829336
9.8	0.000010441308205098208
9.81	0.000010408836814617423
9.82	0.000010376500539505165
9.83	0.00001034429867324774
9.84	0.00001031223051457601
9.85	0.00001028029536742587
9.86	0.000010248492540988585
9.870000000000001	0.000010216821349874102
9.88	0.000010185281114435603
9.89	0.000010153871161343846
9.9	0.000010122590824569987
9.91	0.000010091439447057108
9.92	0.000010060416383566944
9.93	0.000010029521005487456
9.94	9.998752708563938e-6
9.950000000000001	9.968110923134603e-6
9.96	9.937595116694507e-6
9.97	9.907204736744548e-6
9.98	9.876938946830292e-6
9.99	9.846796193468057e-6
10.	9.816774827055793e-6
10.01	9.786874708250573e-6
10.02	9.75709636336297e-6
10.03	9.727439632274875e-6
10.040000000000001	9.69790387376489e-6
10.05	9.668488351353618e-6
10.06	9.639192354618479e-6
10.07	9.610015210824633e-6
10.08	9.580956275362806e-6
10.09	9.552014922615426e-6
10.1	9.523190539952907e-6
10.11	9.494482524102532e-6
10.120000000000001	9.465890278979745e-6
10.13	9.437413214376835e-6
10.14	9.409050745151927e-6
10.15	9.380802290714065e-6
10.16	9.35266727468723e-6
10.17	9.324645124685645e-6
10.18	9.296735272160652e-6
10.19	9.268937152296058e-6
10.200000000000001	9.241250203939093e-6
10.21	9.213673869561028e-6
10.22	9.186207595247404e-6
10.23	9.158850830724263e-6
10.24	9.131603029435395e-6
10.25	9.10446364869996e-6
10.26	9.077432150003326e-6
10.27	9.050507999511371e-6
10.28	9.023690668940512e-6
10.290000000000001	8.99697963687024e-6
10.3	8.970374389960716e-6
10.31	8.943874420313024e-6
10.32	8.91747920460316e-6
10.33	8.891188145197408e-6
10.34	8.86500055980811e-6
10.35	8.838915896070014e-6
10.36	8.812933800965284e-6
10.370000000000001	8.787053883877197e-6
10.38	8.761275660188394e-6
10.39	8.735598614694567e-6
10.4	8.710022233830247e-6
10.41	8.684546011818793e-6
10.42	8.65916944993842e-6
10.43	8.63389205506479e-6
10.44	8.608713338608934e-6
10.450000000000001	8.583632815853515e-6
10.46	8.558650005549678e-6
10.47	8.533764429668817e-6
10.48	8.50897561324483e-6
10.49	8.48428308426957e-6
10.5	8.459686373620303e-6
10.51	8.435185015007038e-6
10.52	8.410778544932711e-6
10.53	8.386466502662369e-6
10.540000000000001	8.362248430199405e-6
10.55	8.338123872268458e-6
10.56	8.314092376306098e-6
10.57	8.290153492462435e-6
10.58	8.266306773619872e-6
10.59	8.242551775439634e-6
10.6	8.218888056450984e-6
10.61	8.195315178187203e-6
10.620000000000001	8.171832705272849e-6
10.63	8.148440204895246e-6
10.64	8.125137243742991e-6
10.65	8.101923381051028e-6
10.66	8.078798171754073e-6
10.67	8.055761192396219e-6
10.68	8.032812039109192e-6
10.69	8.009950302330802e-6
10.700000000000001	7.987175565528024e-6
10.71	7.964487411977809e-6
10.72	7.941885427469251e-6
10.73	7.919369200697607e-6
10.74	7.896938323127892e-6
10.75	7.874592388827222e-6
10.76	7.852330994344733e-6
10.77	7.830153738632391e-6
10.78	7.808060222991747e-6
10.790000000000001	7.786050051036047e-6
10.8	7.764122828661422e-6
10.81	7.742278164023362e-6
10.82	7.720515667516612e-6
10.83	7.698834951757176e-6
10.84	7.67723563156585e-6
10.85	7.655717323952994e-6
10.86	7.634279648104493e-6
10.870000000000001	7.612922225369188e-6
10.88	7.591644679248408e-6
10.89	7.570446635388618e-6
10.9	7.549327721578554e-6
10.91	7.528287567749475e-6
10.92	7.507325805960653e-6
10.93	7.486442070284331e-6
10.94	7.465635996372249e-6
10.950000000000001	7.444907220882784e-6
10.96	7.424255382644319e-6
10.97	7.403680124704172e-6
10.98	7.383181092722419e-6
10.99	7.362757933327924e-6
11.	7.342410294528682e-6
11.01	7.32213782619402e-6
11.02	7.301940180181764e-6
11.03	7.281817010334514e-6
11.040000000000001	7.261767972453031e-6
11.05	7.241792724271451e-6
11.06	7.221890925436906e-6
11.07	7.202062237492431e-6
11.08	7.1823063238619e-6
11.09	7.16262284983617e-6
11.1	7.143011482559983e-6
11.11	7.123471891019338e-6
11.120000000000001	7.104003746029256e-6
11.13	7.08460672022176e-6
11.14	7.065280488034097e-6
11.15	7.046024725697195e-6
11.16	7.026839111224401e-6
11.17	7.007723324400559e-6
11.18	6.988677046771518e-6
11.19	6.9696999616338844e-6
11.200000000000001	6.950791754023139e-6
11.21	6.931952110691903e-6
11.22	6.913180720061134e-6
11.23	6.894477272176101e-6
11.24	6.875841458819067e-6
11.25	6.8572729736226095e-6
11.26	6.838771511901985e-6
11.27	6.8203367705526e-6
11.28	6.801968448082005e-6
11.290000000000001	6.783666244631845e-6
11.3	6.765429861975346e-6
11.31	6.747259003507009e-6
11.32	6.729153374231281e-6
11.33	6.711112680751435e-6
11.34	6.693136631258941e-6
11.35	6.675224935523053e-6
11.36	6.657377304880689e-6
11.370000000000001	6.6395934522263665e-6
11.38	6.621873092002338e-6
11.39	6.604215940188776e-6
11.4	6.586621714294078e-6
11.41	6.569090133345249e-6
11.42	6.551620917878337e-6
11.43	6.534213789929019e-6
11.44	6.516868473023222e-6
11.450000000000001	6.499584692167843e-6
11.46	6.482362173841513e-6
11.47	6.465200645984956e-6
11.48	6.448099837989934e-6
11.49	6.4310594806870755e-6
11.5	6.414079306341439e-6
11.51	6.397159048655031e-6
11.52	6.38029844275172e-6
11.53	6.3634972251587845e-6
11.540000000000001	6.3467551337996895e-6
11.55	6.330071907988157e-6
11.56	6.313447288420375e-6
11.57	6.296881017166525e-6
11.58	6.280372837662199e-6
11.59	6.2639224946998795e-6
11.6	6.247529734420509e-6
11.61	6.231194304305147e-6
11.620000000000001	6.214915953166653e-6
11.63	6.1986944311415115e-6
11.64	6.182529489681631e-6
11.65	6.166420881546261e-6
11.66	6.150368360793947e-6
11.67	6.134371682774557e-6
11.68	6.118430604121337e-6
11.69	6.102544882743063e-6
11.700000000000001	6.086714277816213e-6
11.71	6.070938549777223e-6
11.72	6.055217460314728e-6
11.73	6.039550772361815e-6
11.74	6.02393825008823e-6
11.75	6.008379658893155e-6
11.76	5.9928747653983525e-6
11.77	5.977423337440316e-6
11.78	5.962025144062355e-6
11.790000000000001	5.946679955507343e-6
11.8	5.93138754321061e-6
11.81	5.916147679792734e-6
11.82	5.900960139052379e-6
11.83	5.885824695959147e-6
11.84	5.870741126646491e-6
11.85	5.8557092084046675e-6
11.86	5.8407287196737575e-6
11.870000000000001	5.825799440036726e-6
11.88	5.81092115021254e-6
11.89	5.796093632049299e-6
11.9	5.781316668517468e-6
11.91	5.766590043703109e-6
11.92	5.751913542801199e-6
11.93	5.7372869521089625e-6
11.94	5.722710059019263e-6
11.950000000000001	5.708182652014054e-6
11.96	5.693704520657863e-6
11.97	5.679275455591293e-6
11.98	5.66489524852461e-6
11.99	5.650563692231403e-6
12.	5.636280580542251e-6
12.01	5.622045708338436e-6
12.02	5.607858871545675e-6
12.030000000000001	5.59371986712795e-6
12.040000000000001	5.579628493081375e-6
12.05	5.565584548428127e-6
12.06	5.551587833210405e-6
12.07	5.537638148484484e-6
12.08	5.523735296314819e-6
12.09	5.509879079768228e-6
12.1	5.496069302908178e-6
12.11	5.482305770789193e-6
12.120000000000001	5.468588289451411e-6
12.13	5.454916665915351e-6
12.14	5.441290708176981e-6
12.15	5.427710225203228e-6
12.16	5.4141750269281e-6
12.17	5.4006849242498965e-6
12.18	5.387239729029982e-6
12.19	5.373839254094334e-6
12.200000000000001	5.360483313239592e-6
12.21	5.347171721246986e-6
12.22	5.333904293909473e-6
12.23	5.320680848080079e-6
12.24	5.307501201746627e-6
12.25	5.294365174100155e-6
12.26	5.281272585370416e-6
12.27	5.268223255565333e-6
12.280000000000001	5.255217000942427e-6
12.290000000000001	5.242253633450461e-6
12.3	5.229332973587989e-6
12.31	5.216454854385387e-6
12.32	5.203619107251396e-6
12.33	5.190825558694247e-6
12.34	5.178074034103919e-6
12.35	5.165364359656544e-6
12.36	5.152696362672439e-6
12.370000000000001	5.140069871567738e-6
12.38	5.12748471576378e-6
12.39	5.114940725620259e-6
12.4	5.102437732392068e-6
12.41	5.089975568201689e-6
12.42	5.077554066020795e-6
12.43	5.065173059657234e-6
12.44	5.052832383745225e-6
12.450000000000001	5.040531873737409e-6
12.46	5.028271365898118e-6
12.47	5.016050697297342e-6
12.48	5.00386970580521e-6
12.49	4.991728230086781e-6
12.5	4.9796261095970645e-6
12.51	4.967563184576198e-6
12.52	4.95553929604475e-6
12.530000000000001	4.943554285799109e-6
12.540000000000001	4.931607996406968e-6
12.55	4.9197002712028385e-6
12.56	4.907830954283652e-6
12.57	4.895999890504418e-6
12.58	4.884206925473889e-6
12.59	4.872451905550335e-6
12.6	4.8607346778373185e-6
12.61	4.849055090179575e-6
12.620000000000001	4.837412991158928e-6
12.63	4.825808230090326e-6
12.64	4.814240657017954e-6
12.65	4.802710122711545e-6
12.66	4.79121647866289e-6
12.67	4.779759577082715e-6
12.68	4.768339270898097e-6
12.69	4.756955413750747e-6
12.700000000000001	4.7456078599967415e-6
12.71	4.7342964647087595e-6
12.72	4.72302108368249e-6
12.73	4.711781573450099e-6
12.74	4.700577791303901e-6
12.75	4.68940959532794e-6
12.76	4.678276844396919e-6
12.77	4.6671793979441636e-6
12.780000000000001	4.656117114973138e-6
12.790000000000001	4.645089852629493e-6
12.8	4.63409746880664e-6
12.81	4.623139827402379e-6
12.82	4.6122167947568614e-6
12.83	4.601328235396857e-6
12.84	4.590474012959213e-6
12.85	4.5796539914450125e-6
12.86	4.568868035585649e-6
12.870000000000001	4.558116010867613e-6
12.88	4.547397783495097e-6
12.89	4.536713220355888e-6
12.9	4.526062188998056e-6
12.91	4.515444557614537e-6
12.92	4.504860195032583e-6
12.93	4.494308970706057e-6
12.94	4.483790754709405e-6
12.950000000000001	4.47330541773263e-6
12.96	4.462852831076874e-6
12.97	4.45243286665037e-6
12.98	4.4420453969646646e-6
12.99	4.431690295130994e-6
13.	4.421367434856784e-6
13.01	4.41107669044223e-6
13.02	4.400817936776955e-6
13.030000000000001	4.3905910493367e-6
13.040000000000001	4.3803959041800775e-6
13.05	4.370232377945357e-6
13.06	4.360100347847272e-6
13.07	4.349999691673893e-6
13.08	4.339930287783504e-6
13.09	4.329892015101542e-6
13.1	4.319884753117562e-6
13.11	4.309908381882281e-6
13.120000000000001	4.299962782004683e-6
13.13	4.29004783464924e-6
13.14	4.280163421533289e-6
13.15	4.270309424924687e-6
13.16	4.260485727639886e-6
13.17	4.250692213042727e-6
13.18	4.240928765044481e-6
13.19	4.231195268105781e-6
13.200000000000001	4.2214916072408605e-6
13.21	4.211817668020702e-6
13.22	4.202173336552823e-6
13.23	4.192558499356574e-6
13.24	4.182973043042092e-6
13.25	4.173416854325762e-6
13.26	4.163889821204335e-6
13.27	4.154391833141196e-6
13.280000000000001	4.144922779824607e-6
13.290000000000001	4.135482550966298e-6
13.3	4.126071036630018e-6
13.31	4.1166881273814364e-6
13.32	4.107333714312301e-6
13.33	4.09800768903315e-6
13.34	4.088709943663247e-6
13.35	4.079440370822677e-6
13.36	4.07019886362649e-6
13.370000000000001	4.0609853156801776e-6
13.38	4.051799621075919e-6
13.39	4.042641674389304e-6
13.4	4.033511370676346e-6
13.41	4.024408605470644e-6
13.42	4.015333274780685e-6
13.43	4.006285275087206e-6
13.44	3.9972645033406025e-6
13.450000000000001	3.9882708569583955e-6
13.46	3.979304233822725e-6
13.47	3.970364532277861e-6
13.48	3.961451651127744e-6
13.49	3.952565489633552e-6
13.5	3.943705947511275e-6
13.51	3.934872924929325e-6
13.52	3.926066322506151e-6
13.530000000000001	3.917286041307889e-6
13.540000000000001	3.908531982846035e-6
13.55	3.899804049075127e-6
13.56	3.8911021423905045e-6
13.57	3.882426165626091e-6
13.58	3.873776022052292e-6
13.59	3.865151615374006e-6
13.6	3.856552849728875e-6
13.61	3.847979629685867e-6
13.620000000000001	3.8394318602441445e-6
13.63	3.830909446831249e-6
13.64	3.8224122952951735e-6
13.65	3.8139403118747214e-6
13.66	3.8054934031488895e-6
13.67	3.7970714760934497e-6
13.68	3.788674438258974e-6
13.69	3.7803021976901026e-6
13.700000000000001	3.7719546627676187e-6
13.71	3.763631742223771e-6
13.72	3.7553333451838515e-6
13.73	3.7470593811784402e-6
13.74	3.738809760142872e-6
13.75	3.730584392414125e-6
13.76	3.722383188727757e-6
13.77	3.7142060602151632e-6
13.780000000000001	3.7060529184011494e-6
13.790000000000001	3.697923675201644e-6
13.8	3.6898182429215533e-6
13.81	3.681736534252663e-6
13.82	3.673678462271584e-6
13.83	3.6656439404377422e-6
13.84	3.657632882591395e-6
13.85	3.6496452029516407e-6
13.86	3.641680816114477e-6
13.870000000000001	3.6337396370508513e-6
13.88	3.6258215811047465e-6
13.89	3.617926563991239e-6
13.9	3.6100545017946317e-6
13.91	3.6022053109665345e-6
13.92	3.5943789083240036e-6
13.93	3.586575211047674e-6
13.94	3.5787941366799e-6
13.950000000000001	3.571035603122932e-6
13.96	3.563299528637082e-6
13.97	3.5555858318389364e-6
13.98	3.5478944316995757e-6
13.99	3.540225247542844e-6
14.	3.5325781990436667e-6
14.01	3.5249532062263937e-6
14.02	3.51735018946296e-6
14.030000000000001	3.5097690694699256e-6
14.040000000000001	3.5022097673023942e-6
14.05	3.494672204348219e-6
14.06	3.4871563023403077e-6
14.07	3.479661983369955e-6
14.08	3.4721891698671898e-6
14.09	3.4647377845878336e-6
14.1	3.45730775061669e-6
14.11	3.4498989913697477e-6
14.120000000000001	3.442511430593449e-6
14.13	3.4351449923630617e-6
14.14	3.4277996010808804e-6
14.15	3.420475181474492e-6
14.16	3.413171658595071e-6
14.17	3.4058889578157147e-6
14.18	3.3986270048298095e-6
14.19	3.391385725649409e-6
14.200000000000001	3.3841650466036297e-6
14.21	3.376964894337057e-6
14.22	3.3697851958081644e-6
14.23	3.362625878287739e-6
14.24	3.3554868693573293e-6
14.25	3.3483680969076838e-6
14.26	3.34126948913721e-6
14.27	3.3341909745504476e-6
14.280000000000001	3.327132481956525e-6
14.290000000000001	3.320093940467675e-6
14.3	3.3130752794976953e-6
14.31	3.306076428760467e-6
14.32	3.2990973182684625e-6
14.33	3.2921378783312676e-6
14.34	3.28519803955411e-6
14.35	3.2782777328363956e-6
14.36	3.2713768893702703e-6
14.370000000000001	3.2644954406391734e-6
14.38	3.2576333184164106e-6
14.39	3.250790454763636e-6
14.4	3.243966782029097e-6
14.41	3.2371622328457343e-6
14.42	3.230376740130619e-6
14.43	3.223610237085386e-6
14.44	3.2168626571936716e-6
14.450000000000001	3.210133934218234e-6
14.46	3.203424002199887e-6
14.47	3.196732795456559e-6
14.48	3.1900602485820696e-6
14.49	3.183406296444776e-6
14.5	3.1767708741862353e-6
14.51	3.17015391721983e-6
14.52	3.1635553612294547e-6
14.530000000000001	3.156975142168174e-6
14.540000000000001	3.1504131962569067e-6
14.55	3.1438694599831185e-6
14.56	3.137343870099521e-6
14.57	3.130836363622767e-6
14.58	3.12434687783218e-6
14.59	3.11787535026846e-6
14.6	3.1114217187324186e-6
14.61	3.104985921283713e-6
14.620000000000001	3.0985678962395785e-6
14.63	3.0921675821735966e-6
14.64	3.085784917914429e-6
14.65	3.0794198425445946e-6
14.66	3.0730722953992336e-6
14.67	3.0667422160648857e-6
14.68	3.0604295443782692e-6
14.69	3.054134220425078e-6
14.700000000000001	3.0478561845387743e-6
14.71	3.0415953772993934e-6
14.72	3.035351739532355e-6
14.73	3.0291252123072725e-6
14.74	3.0229157369367556e-6
14.75	3.016723254975201e-6
14.76	3.010547708217663e-6
14.77	3.004389038698862e-6
14.780000000000001	2.9982471886919675e-6
14.790000000000001	2.9921221007073215e-6
14.8	2.9860137174913087e-6
14.81	2.979921982025258e-6
14.82	2.973846837524337e-6
14.83	2.967788227436426e-6
14.84	2.961746095441012e-6
14.85	2.9557203854480682e-6
14.86	2.9497110415969626e-6
14.870000000000001	2.943718008255353e-6
14.88	2.937741230018106e-6
14.89	2.931780651706206e-6
14.9	2.925836218365678e-6
14.91	2.919907875266518e-6
14.92	2.913995567901626e-6
14.93	2.9080992419857454e-6
14.94	2.9022188434544063e-6
14.950000000000001	2.8963543184628815e-6
14.96	2.890505613385139e-6
14.97	2.8846726748128055e-6
14.98	2.8788554495541338e-6
14.99	2.8730538846329797e-6
15.	2.8672679272877776e-6
15.01	2.861497524970526e-6
15.02	2.855742625345783e-6
15.030000000000001	2.85000317628965e-6
15.040000000000001	2.8442791258887887e-6
15.05	2.838570422439416e-6
15.06	2.8328770144463197e-6
15.07	2.827198850621867e-6
15.08	2.821535879885041e-6
15.09	2.815888051360458e-6
15.1	2.810255314377423e-6
15.11	2.8046376184689468e-6
15.120000000000001	2.799034913370784e-6
15.13	2.7934471490204987e-6
15.14	2.7878742755565006e-6
15.15	2.7823162433171187e-6
15.16	2.7767730028396607e-6
15.17	2.7712445048594796e-6
15.18	2.7657307003090476e-6
15.19	2.760231540317039e-6
15.200000000000001	2.7547469762074106e-6
15.21	2.7492769594984912e-6
15.22	2.743821441902072e-6
15.23	2.738380375322512e-6
15.24	2.732953711855833e-6
15.25	2.727541403788832e-6
15.26	2.722143403598196e-6
15.27	2.7167596639496106e-6
15.280000000000001	2.711390137696896e-6
15.290000000000001	2.7060347778811183e-6
15.3	2.700693537729733e-6
15.31	2.6953663706557118e-6
15.32	2.690053230256694e-6
15.33	2.684754070314119e-6
15.34	2.6794688447923866e-6
15.35	2.674197507838005e-6
15.36	2.6689400137787517e-6
15.370000000000001	2.663696317122838e-6
15.38	2.6584663725580753e-6
15.39	2.6532501349510467e-6
15.4	2.648047559346284e-6
15.41	2.6428586009654578e-6
15.42	2.6376832152065485e-6
15.43	2.63252135764305e-6
15.44	2.627372984023166e-6
15.450000000000001	2.622238050269008e-6
15.46	2.6171165124758217e-6
15.47	2.6120083269111975e-6
15.48	2.606913450014328e-6
15.49	2.601831838395262e-6
15.5	2.5967634488341977e-6
15.51	2.5917082382806827e-6
15.52	2.5866661638523463e-6
15.530000000000001	2.58163718283214e-6
15.540000000000001	2.576621252665272e-6
15.55	2.5716183309643545e-6
15.56	2.5666283755171973e-6
15.57	2.561651344278185e-6
15.58	2.5566871953609396e-6
15.59	2.5517358870397194e-6
15.6	2.5467973777507452e-6
15.610000000000001	2.541871626092029e-6
15.620000000000001	2.53695859082267e-6
15.63	2.532058230862051e-6
15.64	2.527170505289068e-6
15.65	2.522295373341367e-6
15.66	2.5174327944146103e-6
15.67	2.512582728061745e-6
15.68	2.5077451339922867e-6
15.69	2.5029199720716054e-6
15.700000000000001	2.4981072023202216e-6
15.71	2.493306784913102e-6
15.72	2.4885186801789624e-6
15.73	2.4837428485995698e-6
15.74	2.478979250809062e-6
15.75	2.4742278475932456e-6
15.76	2.4694885998889315e-6
15.77	2.464761468783244e-6
15.780000000000001	2.4600464155129438e-6
15.790000000000001	2.455343401463764e-6
15.8	2.4506523881697367e-6
15.81	2.445973337312525e-6
15.82	2.44130621072077e-6
15.83	2.4366509703694255e-6
15.84	2.4320075783791014e-6
15.85	2.427375997015415e-6
15.860000000000001	2.4227561886883487e-6
15.870000000000001	2.418148115951594e-6
15.88	2.413551741501917e-6
15.89	2.4089670281785172e-6
15.9	2.4043939389623946e-6
15.91	2.399832436975714e-6
15.92	2.395282485481182e-6
15.93	2.390744047881417e-6
15.94	2.3862170877183267e-6
15.950000000000001	2.3817015686724944e-6
15.96	2.3771974545625575e-6
15.97	2.3727047093445973e-6
15.98	2.368223297111529e-6
15.99	2.3637531820924985e-6
16.	2.359294328652272e-6
16.01	2.3548467012906464e-6
16.02	2.3504102646418493e-6
16.03	2.3459849834739483e-6
16.04	2.341570822688265e-6
16.05	2.337167747318795e-6
16.06	2.332775722531646e-6
16.07	2.3283947136244693e-6
16.080000000000002	2.3240246860259146e-6
16.09	2.319665605295009e-6
16.1	2.315317437120228e-6
16.11	2.310980147317869e-6
16.12	2.3066537018310693e-6
16.13	2.3023380667330784e-6
16.14	2.2980332082285024e-6
16.15	2.293739092648382e-6
16.16	2.289455686448232e-6
16.17	2.2851829562086947e-6
16.18	2.2809208686356296e-6
16.19	2.2766693905596955e-6
16.2	2.2724284889358105e-6
16.21	2.2681981308425677e-6
16.22	2.2639782834816864e-6
16.23	2.2597689141774492e-6
16.240000000000002	2.255569990376176e-6
16.25	2.251381479645672e-6
16.26	2.247203349674703e-6
16.27	2.24303556827247e-6
16.28	2.2388781033680745e-6
16.29	2.234730923010008e-6
16.3	2.230593995365619e-6
16.31	2.2264672887206117e-6
16.32	2.2223507714785172e-6
16.330000000000002	2.218244412160194e-6
16.34	2.214148179403313e-6
16.35	2.2100620419618488e-6
16.36	2.2059859687055874e-6
16.37	2.2019199286196058e-6
16.38	2.197863890803797e-6
16.39	2.19381782447235e-6
16.4	2.189781698953276e-6
16.41	2.1857554836879037e-6
16.42	2.1817391482303954e-6
16.43	2.177732662247264e-6
16.44	2.1737359955168784e-6
16.45	2.169749117928997e-6
16.46	2.1657719994842676e-6
16.47	2.1618046102937775e-6
16.48	2.15784692057855e-6
16.490000000000002	2.153898900669096e-6
16.5	2.149960521004931e-6
16.51	2.146031752134109e-6
16.52	2.142112564712764e-6
16.53	2.1382029295046348e-6
16.54	2.1343028173806164e-6
16.55	2.1304121993182996e-6
16.56	2.126531046401511e-6
16.57	2.1226593298198624e-6
16.580000000000002	2.1187970208683063e-6
16.59	2.114944090946689e-6
16.6	2.111100511559301e-6
16.61	2.1072662543144503e-6
16.62	2.1034412909239483e-6
16.63	2.099625593202512e-6
16.64	2.0958191330670733e-6
16.65	2.0920218825368846e-6
16.66	2.088233813733929e-6
16.67	2.0844548988817822e-6
16.68	2.0806851103045103e-6
16.69	2.076924420426435e-6
16.7	2.073172801771917e-6
16.71	2.0694302269649833e-6
16.72	2.0656966687289114e-6
16.73	2.061972099885799e-6
16.740000000000002	2.058256493356148e-6
16.75	2.054549822158442e-6
16.76	2.0508520594087247e-6
16.77	2.0471631783201993e-6
16.78	2.0434831522028003e-6
16.79	2.0398119544628064e-6
16.8	2.0361495586024156e-6
16.81	2.032495938219351e-6
16.82	2.028851067006454e-6
16.830000000000002	2.0252149187512897e-6
16.84	2.0215874673357433e-6
16.85	2.017968686735624e-6
16.86	2.0143585510202757e-6
16.87	2.0107570343521744e-6
16.88	2.0071641109865508e-6
16.89	2.0035797552709922e-6
16.9	2.000003941645057e-6
16.91	1.9964366446398894e-6
16.92	1.9928778388778415e-6
16.93	1.989327499072088e-6
16.94	1.9857856000262415e-6
16.95	1.9822521166339864e-6
16.96	1.9787270238786896e-6
16.97	1.9752102968330398e-6
16.98	1.971701910658665e-6
16.990000000000002	1.9682018406057666e-6
17.	1.9647100620127507e-6
17.01	1.961226550305856e-6
17.02	1.9577512809987992e-6
17.03	1.9542842296923977e-6
17.04	1.950825372074222e-6
17.05	1.9473746839182218e-6
17.06	1.943932141084383e-6
17.07	1.940497719518356e-6
17.080000000000002	1.9370713952511166e-6
17.09	1.9336531443986028e-6
17.1	1.9302429431613604e-6
17.11	1.926840767824177e-6
17.12	1.923446594755688e-6
17.13	1.920060400408067e-6
17.14	1.916682161316842e-6
17.150000000000002	1.9133118541004954e-6
17.16	1.9099494554599885e-6
17.17	1.9065949421784255e-6
17.18	1.9032482911207583e-6
17.19	1.8999094792334577e-6
17.2	1.896578483544186e-6
17.21	1.893255281161452e-6
17.22	1.8899398492742904e-6
17.23	1.8866321651519208e-6
17.240000000000002	1.8833322061434215e-6
17.25	1.8800399496774038e-6
17.26	1.8767553732616838e-6
17.27	1.8734784544829563e-6
17.28	1.8702091710064754e-6
17.29	1.866947500575728e-6
17.3	1.8636934210121213e-6
17.31	1.8604469102146554e-6
17.32	1.857207946159613e-6
17.330000000000002	1.8539765069002404e-6
17.34	1.8507525705664379e-6
17.35	1.8475361153644375e-6
17.36	1.8443271195765055e-6
17.37	1.84112556156062e-6
17.38	1.837931419750171e-6
17.39	1.8347446726536499e-6
17.400000000000002	1.8315652988543442e-6
17.41	1.8283932770100388e-6
17.42	1.8252285858527004e-6
17.43	1.8220712041881968e-6
17.44	1.8189211108959724e-6
17.45	1.8157782849287748e-6
17.46	1.8126427053123377e-6
17.47	1.8095143511450983e-6
17.48	1.8063932015978932e-6
17.490000000000002	1.8032792359136785e-6
17.5	1.8001724334072244e-6
17.51	1.7970727734648315e-6
17.52	1.7939802355440455e-6
17.53	1.7908947991733635e-6
17.54	1.7878164439519514e-6
17.55	1.7847451495493576e-6
17.56	1.7816808957052264e-6
17.57	1.7786236622290126e-6
17.580000000000002	1.775573428999705e-6
17.59	1.7725301759655638e-6
17.6	1.7694938831438343e-6
17.61	1.7664645306204616e-6
17.62	1.7634420985498046e-6
17.63	1.7604265671543756e-6
17.64	1.7574179167245627e-6
17.650000000000002	1.75441612761836e-6
17.66	1.7514211802610994e-6
17.67	1.7484330551451755e-6
17.68	1.7454517328297822e-6
17.69	1.74247719394064e-6
17.7	1.73950941916974e-6
17.71	1.7365483892750664e-6
17.72	1.733594085080344e-6
17.73	1.7306464874747687e-6
17.740000000000002	1.7277055774127513e-6
17.75	1.724771335913658e-6
17.76	1.7218437440615433e-6
17.77	1.718922783004906e-6
17.78	1.7160084339564187e-6
17.79	1.7131006781926872e-6
17.8	1.710199497053982e-6
17.81	1.7073048719439976e-6
17.82	1.7044167843295933e-6
17.830000000000002	1.7015352157405464e-6
17.84	1.6986601477693023e-6
17.85	1.6957915620707228e-6
17.86	1.6929294403618455e-6
17.87	1.6900737644216297e-6
17.88	1.6872245160907197e-6
17.89	1.6843816772711948e-6
17.900000000000002	1.6815452299263296e-6
17.91	1.6787151560803557e-6
17.92	1.6758914378182093e-6
17.93	1.6730740572853088e-6
17.94	1.6702629966872984e-6
17.95	1.6674582382898289e-6
17.96	1.6646597644183056e-6
17.97	1.6618675574576653e-6
17.98	1.6590815998521319e-6
17.990000000000002	1.6563018741049926e-6
18.	1.6535283627783603e-6
18.01	1.650761048492943e-6
18.02	1.6479999139278174e-6
18.03	1.6452449418201992e-6
18.04	1.6424961149652123e-6
18.05	1.6397534162156626e-6
18.06	1.6370168284818142e-6
18.07	1.6342863347311632e-6
18.080000000000002	1.6315619179882139e-6
18.09	1.62884356133426e-6
18.1	1.6261312479071525e-6
18.11	1.6234249609010932e-6
18.12	1.620724683566402e-6
18.13	1.6180303992093072e-6
18.14	1.6153420911917195e-6
18.150000000000002	1.6126597429310257e-6
18.16	1.6099833378998616e-6
18.17	1.6073128596259034e-6
18.18	1.6046482916916556e-6
18.19	1.6019896177342298e-6
18.2	1.5993368214451416e-6
18.21	1.5966898865700922e-6
18.22	1.594048796908766e-6
18.23	1.5914135363146104e-6
18.240000000000002	1.5887840886946399e-6
18.25	1.586160438009221e-6
18.26	1.583542568271864e-6
18.27	1.5809304635490252e-6
18.28	1.5783241079598934e-6
18.29	1.5757234856761946e-6
18.3	1.5731285809219817e-6
18.31	1.5705393779734391e-6
18.32	1.5679558611586736e-6
18.330000000000002	1.5653780148575221e-6
18.34	1.5628058235013511e-6
18.35	1.56023927157285e-6
18.36	1.5576783436058452e-6
18.37	1.5551230241850954e-6
18.38	1.5525732979461e-6
18.39	1.5500291495748986e-6
18.400000000000002	1.5474905638078864e-6
18.41	1.5449575254316099e-6
18.42	1.5424300192825829e-6
18.43	1.5399080302470922e-6
18.44	1.5373915432610035e-6
18.45	1.5348805433095774e-6
18.46	1.5323750154272759e-6
18.47	1.5298749446975775e-6
18.48	1.5273803162527844e-6
18.490000000000002	1.5248911152738437e-6
18.5	1.5224073269901554e-6
18.51	1.5199289366793882e-6
18.52	1.5174559296672995e-6
18.53	1.514988291327546e-6
18.54	1.512526007081508e-6
18.55	1.5100690623980995e-6
18.56	1.5076174427935957e-6
18.57	1.5051711338314459e-6
18.580000000000002	1.5027301211220982e-6
18.59	1.500294390322821e-6
18.6	1.4978639271375202e-6
18.61	1.495438717316569e-6
18.62	1.493018746656627e-6
18.63	1.4906040010004667e-6
18.64	1.4881944662367966e-6
18.650000000000002	1.4857901283000902e-6
18.66	1.4833909731704112e-6
18.67	1.4809969868732386e-6
18.68	1.478608155479301e-6
18.69	1.4762244651043977e-6
18.7	1.4738459019092364e-6
18.71	1.4714724520992568e-6
18.72	1.4691041019244685e-6
18.73	1.466740837679273e-6
18.740000000000002	1.4643826457023095e-6
18.75	1.4620295123762775e-6
18.76	1.459681424127775e-6
18.77	1.4573383674271343e-6
18.78	1.4550003287882533e-6
18.79	1.452667294768439e-6
18.8	1.4503392519682358e-6
18.81	1.4480161870312713e-6
18.82	1.4456980866440856e-6
18.830000000000002	1.443384937535981e-6
18.84	1.441076726478852e-6
18.85	1.438773440287031e-6
18.86	1.43647506581713e-6
18.87	1.4341815899678766e-6
18.88	1.4318929996799637e-6
18.89	1.4296092819358866e-6
18.900000000000002	1.4273304237597934e-6
18.91	1.4250564122173226e-6
18.92	1.4227872344154487e-6
18.93	1.4205228775023321e-6
18.94	1.4182633286671547e-6
18.95	1.4160085751399878e-6
18.96	1.4137586041916307e-6
18.97	1.4115134031334547e-6
18.98	1.40927295931725e-6
18.990000000000002	1.4070372601350788e-6
19.	1.4048062930191283e-6
19.01	1.4025800454415545e-6
19.02	1.4003585049143437e-6
19.03	1.3981416589891553e-6
19.04	1.3959294952571827e-6
19.05	1.3937220013490015e-6
19.06	1.3915191649344234e-6
19.07	1.3893209737223564e-6
19.080000000000002	1.3871274154606521e-6
19.09	1.38493847793597e-6
19.1	1.3827541489736246e-6
19.11	1.3805744164374543e-6
19.12	1.3783992682296663e-6
19.13	1.3762286922907053e-6
19.14	1.374062676599107e-6
19.150000000000002	1.3719012091713594e-6
19.16	1.3697442780617617e-6
19.17	1.3675918713622875e-6
19.18	1.3654439772024428e-6
19.19	1.3633005837491306e-6
19.2	1.3611616792065126e-6
19.21	1.3590272518158703e-6
19.22	1.3568972898554733e-6
19.23	1.354771781640436e-6
19.240000000000002	1.3526507155225929e-6
19.25	1.350534079890353e-6
19.26	1.348421863168571e-6
19.27	1.3463140538184182e-6
19.28	1.344210640337239e-6
19.29	1.342111611258427e-6
19.3	1.3400169551512882e-6
19.31	1.3379266606209157e-6
19.32	1.3358407163080514e-6
19.330000000000002	1.3337591108889608e-6
19.34	1.3316818330753044e-6
19.35	1.3296088716139992e-6
19.36	1.327540215287106e-6
19.37	1.3254758529116852e-6
19.38	1.32341577333968e-6
19.39	1.3213599654577846e-6
19.400000000000002	1.3193084181873201e-6
19.41	1.317261120484106e-6
19.42	1.3152180613383375e-6
19.43	1.313179229774459e-6
19.44	1.311144614851039e-6
19.45	1.3091142056606491e-6
19.46	1.3070879913297367e-6
19.47	1.3050659610185078e-6
19.48	1.3030481039207955e-6
19.490000000000002	1.3010344092639512e-6
19.5	1.2990248663087109e-6
19.51	1.29701946434908e-6
19.52	1.2950181927122137e-6
19.53	1.2930210407582955e-6
19.54	1.2910279978804192e-6
19.55	1.289039053504467e-6
19.56	1.2870541970889968e-6
19.57	1.285073418125116e-6
19.580000000000002	1.2830967061363695e-6
19.59	1.2811240506786251e-6
19.6	1.2791554413399548e-6
19.61	1.2771908677405205e-6
19.62	1.2752303195324543e-6
19.63	1.2732737863997446e-6
19.64	1.2713212580581228e-6
19.650000000000002	1.2693727242549502e-6
19.66	1.267428174769104e-6
19.67	1.2654875994108612e-6
19.68	1.2635509880217916e-6
19.69	1.2616183304746405e-6
19.7	1.2596896166732207e-6
19.71	1.257764836552298e-6
19.72	1.255843980077483e-6
19.73	1.2539270372451192e-6
19.740000000000002	1.2520139980821738e-6
19.75	1.2501048526461304e-6
19.76	1.2481995910248734e-6
19.77	1.2462982033365878e-6
19.78	1.2444006797296453e-6
19.79	1.2425070103824997e-6
19.8	1.2406171855035761e-6
19.81	1.2387311953311686e-6
19.82	1.2368490301333329e-6
19.830000000000002	1.234970680207775e-6
19.84	1.2330961358817566e-6
19.85	1.2312253875119762e-6
19.86	1.229358425484478e-6
19.87	1.2274952402145373e-6
19.88	1.2256358221465637e-6
19.89	1.223780161753993e-6
19.900000000000002	1.2219282495391862e-6
19.91	1.2200800760333304e-6
19.92	1.2182356317963283e-6
19.93	1.2163949074167048e-6
19.94	1.214557893511502e-6
19.95	1.2127245807261784e-6
19.96	1.2108949597345075e-6
19.97	1.2090690212384827e-6
19.98	1.2072467559682084e-6
19.990000000000002	1.2054281546818117e-6
20.	1.203613208165336e-6