0.	0.
0.01	0.00005207436627106616
0.02	0.00010419581870525167
0.03	0.00015641155113662523
0.04	0.00020876897320539392
0.05	0.00026131581942481557
0.06	0.00031410025965384453
0.07	0.00036717101145938955
0.08	0.0004205774548653824
0.09	0.0004743697500027648
0.1	0.0005285989581951718
0.11	0.0005833171670397476
0.12	0.0006385776200714349
0.13	0.0006944348516325363
0.14	0.0007509448276077318
0.15	0.0008081650927284653
0.16	0.0008661549252001649
0.17	0.0009249754994617182
0.18	0.000984690057949599
0.19	0.0010453640928097887
0.2	0.00110706553857999
0.21	0.0011698649769535177
0.22	0.00123383585483583
0.23	0.0012990547170160449
0.24	0.0013656014549005874
0.25	0.0014335595728957066
0.26	0.001503016474182042
0.27	0.0015740637677997059
0.28	0.0016467975991589293
0.29	0.0017213190063119152
0.3	0.0017977343045694756
0.31	0.0018761555023246964
0.32	0.0019567007512597654
0.33	0.0020394948344658035
0.34	0.0021246696964047993
0.35000000000000003	0.0022123650190939456
0.36	0.00230272884940332
0.37	0.0023959182829366437
0.38	0.0024921002106216964
0.39	0.0025914521348840503
0.4	0.0026941630631281527
0.41000000000000003	0.002800434487220159
0.42	0.002910481458775548
0.43	0.003024533771323836
0.44	0.0031428372618783024
0.45	0.0032656552461115514
0.46	0.003393270103263718
0.47000000000000003	0.0035259850291324618
0.48	0.0036641259780633246
0.49	0.003808043817836445
0.5	0.003958116724803375
0.51	0.004114752850652961
0.52	0.004278393296881992
0.53	0.004449515438540469
0.54	0.004628636645264598
0.55	0.0048163184551871865
0.56	0.00501317126624825
0.5700000000000001	0.005219859619991938
0.58	0.005437108165462445
0.59	0.0056657084057125
0.6	0.005906526347218244
0.61	0.006160511193780261
0.62	0.0064287052520593186
0.63	0.006712255246716879
0.64	0.007012425280419859
0.65	0.007330611719254576
0.66	0.007668360339308966
0.67	0.008027386137778423
0.68	0.008409596295060556
0.6900000000000001	0.008817116876945544
0.7000000000000001	0.009252323993362304
0.71	0.009717880288926275
0.72	0.010216777839518902
0.73	0.01075238877981562
0.74	0.011328525304266871
0.75	0.011949511088730753
0.76	0.01262026669881313
0.77	0.01334641222048498
0.78	0.014134391218317405
0.79	0.014991621264662254
0.8	0.015926677783215798
0.81	0.016949519943551053
0.8200000000000001	0.018071770013621802
0.8300000000000001	0.0193070611867598
0.84	0.020671473824318783
0.85	0.022184086840823698
0.86	0.023867680407241052
0.87	0.025749639452420474
0.88	0.02786312639961627
0.89	0.030248618928660275
0.9	0.03295594855803897
0.91	0.03604703518856761
0.92	0.03959960214847945
0.93	0.04371229314949728
0.9400000000000001	0.04851182576047147
0.9500000000000001	0.0541631542180572
0.96	0.060884161342473285
0.97	0.0689673016913045
0.98	0.07881213742548822
0.99	0.09097531794365782
1.	0.10624911709449296
1.01	0.125787718993481
1.02	0.1513147350691576
1.03	0.1854699208420186
1.04	0.232390062731536
1.05	0.29864909514046384
1.06	0.39456303296222983
1.07	0.5348943789329414
1.08	0.7335673535379343
1.09	0.9753729557947443
1.1	1.1589071971926437
1.11	1.1434048538936006
1.12	0.9625887023025411
1.1300000000000001	0.7696843839786945
1.1400000000000001	0.6424265664418327
1.1500000000000001	0.5903486740713451
1.16	0.6082197643617849
1.17	0.6894561919112864
1.18	0.8042454199368689
1.19	0.8661333344268076
1.2	0.799648306104739
1.21	0.6592581742135928
1.22	0.5363355436570052
1.23	0.4646788268677416
1.24	0.44365230836182334
1.25	0.45905476134067363
1.26	0.4750126586047017
1.27	0.44611243669255685
1.28	0.3772174884260727
1.29	0.3101302247172631
1.3	0.2665599791572366
1.31	0.24672642715805654
1.32	0.23926669057604757
1.33	0.2247311018620457
1.34	0.19510207474913605
1.35	0.16296458735393748
1.36	0.13927416394079006
1.37	0.12514106991800555
1.3800000000000001	0.1155998647529566
1.3900000000000001	0.10392965464642269
1.4000000000000001	0.08947719256828247
1.41	0.07657120935121052
1.42	0.06729889893096716
1.43	0.0606929709263948
1.44	0.05452904391246169
1.45	0.047999393708896755
1.46	0.04214072344633615
1.47	0.03758795991922686
1.48	0.03400668051563792
1.49	0.03075187459800261
1.5	0.027686197212222936
1.51	0.02505224087276581
1.52	0.022894749429394366
1.53	0.021043301433627582
1.54	0.019363360363305028
1.55	0.0178705265917593
1.56	0.01658380952490753
1.57	0.015459818535551183
1.58	0.014449298843519547
1.59	0.013540745781851228
1.6	0.012730944787310785
1.61	0.01200374564983398
1.62	0.01134258464053776
1.6300000000000001	0.010740034533047959
1.6400000000000001	0.01019057977785595
1.6500000000000001	0.009686788661418384
1.6600000000000001	0.009222430241521324
1.67	0.008793430436361422
1.68	0.008396064962581306
1.69	0.008026743569200157
1.7	0.00768258743568182
1.71	0.0073612162442597325
1.72	0.0070604578188523835
1.73	0.00677841328705341
1.74	0.006513456563539158
1.75	0.006264139924345895
1.76	0.006029172073857756
1.77	0.00580741116670549
1.78	0.005597835290625233
1.79	0.005399524801179631
1.8	0.005211652285096073
1.81	0.005033469697251815
1.82	0.004864298268734424
1.83	0.004703520911824085
1.84	0.004550574987478872
1.85	0.004404946225356922
1.86	0.004266163610785918
1.87	0.004133794830206544
1.8800000000000001	0.004007442331412617
1.8900000000000001	0.003886739882653865
1.9000000000000001	0.0037713495311587414
1.9100000000000001	0.003660958924602844
1.92	0.00355527893730008
1.93	0.003454041559470329
1.94	0.0033569980167744624
1.95	0.0032639170893267637
1.96	0.003174583605623788
1.97	0.0030887970900117024
1.98	0.003006370545297359
1.99	0.002927129354781625
2.	0.0028509102900413277
2.0100000000000002	0.002777560612618469
2.02	0.0027069372592963786
2.0300000000000002	0.0026389061019437337
2.04	0.0025733412740244904
2.05	0.002510124556828566
2.06	0.002449144819305097
2.07	0.002390297506094813
2.08	0.0023334841689786794
2.09	0.0022786120375000245
2.1	0.002225593624988717
2.11	0.0021743463666284418
2.12	0.0021247922865697028
2.13	0.002076857691409299
2.14	0.002030472887636959
2.15	0.001985571920897279
2.16	0.0019420923351336366
2.17	0.001899974949874753
2.18	0.0018591636540965459
2.19	0.0018196052152450212
2.2	0.0017812491021422664
2.21	0.0017440473206192953
2.22	0.0017079542608281673
2.23	0.0016729265552832032
2.24	0.001638922946768247
2.25	0.0016059041653253116
2.2600000000000002	0.001573832813610264
2.27	0.0015426732599645892
2.2800000000000002	0.001512391538609304
2.29	0.0014829552564186827
2.3000000000000003	0.0014543335057778948
2.31	0.0014264967830708369
2.32	0.0013994169123824724
2.33	0.0013730669740346156
2.34	0.0013474212376053953
2.35	0.0013224550991111602
2.36	0.0012981450220554873
2.37	0.0012744684820734998
2.38	0.0012514039149212751
2.39	0.0012289306675796292
2.4	0.0012070289522595487
2.41	0.00118567980311282
2.42	0.0011648650354664338
2.43	0.0011445672074129813
2.44	0.0011247695836018442
2.45	0.0011054561010874523
2.46	0.001086611337101495
2.47	0.0010682204786255864
2.48	0.0010502692936499196
2.49	0.0010327441040115142
2.5	0.0010156317597133362
2.5100000000000002	0.0009989196146324342
2.52	0.0009825955035317165
2.5300000000000002	0.0009666477202958719
2.54	0.0009510649973174306
2.5500000000000003	0.0009358364859640029
2.56	0.0009209517380624093
2.57	0.0009064006883397306
2.58	0.0008921736377653319
2.59	0.0008782612377416075
2.6	0.0008646544750946292
2.61	0.0008513446578191138
2.62	0.0008383234015350346
2.63	0.000825582616616022
2.64	0.0008131144959522069
2.65	0.0008009115033125988
2.66	0.0007889663622742739
2.67	0.0007772720456877641
2.68	0.0007658217656499383
2.69	0.0007546089639575117
2.7	0.0007436273030159881
2.71	0.0007328706571804473
2.72	0.0007223331045060595
2.73	0.0007120089188876332
2.74	0.0007018925625687829
2.75	0.0006919786790025932
2.7600000000000002	0.0006822620860467771
2.77	0.0006727377694774853
2.7800000000000002	0.0006634008768069375
2.79	0.0006542467113910978
2.8000000000000003	0.0006452707268145375
2.81	0.0006364685215405906
2.82	0.0006278358338157829
2.83	0.0006193685368183973
2.84	0.0006110626340418871
2.85	0.0006029142549046862
2.86	0.0005949196505788116
2.87	0.0005870751900304765
2.88	0.0005793773562668013
2.89	0.0005718227427835532
2.9	0.0005644080502097735
2.91	0.0005571300831460681
2.92	0.0005499857471943504
2.93	0.0005429720461778823
2.94	0.0005360860795516318
2.95	0.0005293250400041997
2.96	0.000522686211254019
2.97	0.0005161669660440432
2.98	0.0005097647643409487
2.99	0.0005034771517468579
3.	0.0004973017581339092
3.0100000000000002	0.0004912362965146456
3.02	0.00048527856216429684
3.0300000000000002	0.0004794264320146291
3.04	0.00047367786434330617
3.0500000000000003	0.0004680308987877126
3.06	0.0004624836567181882
3.0700000000000003	0.00045703434201274575
3.08	0.00045168124228393234
3.09	0.0004464227306188173
3.1	0.00044125726790563243
3.11	0.0004361834058358229
3.12	0.0004311997906889226
3.13	0.0004263051680305744
3.14	0.0004214983884822888
3.15	0.0004167784147566329
3.16	0.0004121443301952675
3.17	0.00040759534910209344
3.18	0.00040313082923283477
3.19	0.0003987502868899479
3.2	0.00039445341518331195
3.21	0.00039024010616025385
3.22	0.0003861104776931193
3.23	0.00038206490625252267
3.24	0.00037810406700828286
3.25	0.0003742289831137486
3.2600000000000002	0.0003704410865786671
3.27	0.0003667422938715199
3.2800000000000002	0.0003631351003859939
3.29	0.0003596226992606911
3.3000000000000003	0.000356209131905061
3.31	0.0003528994801757166
3.3200000000000003	0.00034970011378867384
3.33	0.0003466190117293271
3.34	0.00034366618387030663
3.35	0.000340854229864973
3.36	0.0003381990884317172
3.37	0.0003357210542134009
3.38	0.00033344617606659516
3.39	0.0003314082074416011
3.4	0.00032965136908050485
3.41	0.000328234328134253
3.42	0.0003272360334566936
3.43	0.0003267644406465576
3.44	0.00032696983184814075
3.45	0.0003280656019103673
3.46	0.0003303614406539532
3.47	0.0003343174964376337
3.48	0.00034063450925081153
3.49	0.00035040537831642135
3.5	0.00036536677028398975
3.5100000000000002	0.00038828479416693385
3.52	0.00042337164799132577
3.5300000000000002	0.00047586573341985746
3.54	0.000547148698541983
3.5500000000000003	0.0006186469011770674
3.56	0.000641505584971824
3.5700000000000003	0.0005920076887614534
3.58	0.000512218835219847
3.59	0.0004426907085892099
3.6	0.0003927083530578346
3.61	0.0003584773913058956
3.62	0.00033495269687378287
3.63	0.00031849654077468055
3.64	0.0003068107776253174
3.65	0.0002985021160162577
3.66	0.00029275311330829437
3.67	0.0002891252855502428
3.68	0.0002874568383772941
3.69	0.00028782687196694936
3.7	0.00029057543744094306
3.71	0.0002963856204587594
3.72	0.0003064505258995705
3.73	0.0003227578537342167
3.74	0.0003484742447845971
3.75	0.00038804284054480087
3.7600000000000002	0.00044501906158287097
3.77	0.0005120462432754666
3.7800000000000002	0.0005543085065025756
3.79	0.0005329412594517915
3.8000000000000003	0.0004664244166132005
3.81	0.00039876756460819685
3.8200000000000003	0.0003477249654398989
3.83	0.0003124902145607782
3.84	0.0002884551688846756
3.85	0.00027187136722972436
3.86	0.0002603090973436724
3.87	0.00025230577257124675
3.88	0.00024703644758199334
3.89	0.00024411555076206973
3.9	0.00024350953121615658
3.91	0.00024553979602842576
3.92	0.0002509727461510405
3.93	0.0002611926253572072
3.94	0.00027834601594035473
3.95	0.0003047948328371917
3.96	0.00033951596512617064
3.97	0.00036902424601971737
3.98	0.0003687884574795758
3.99	0.0003369174293409939
4.	0.0002974368823344214
4.01	0.0002655204529656363
4.0200000000000005	0.00024294757315314325
4.03	0.00022740665648927357
4.04	0.00021662381466832105
4.05	0.00020906905070984088
4.0600000000000005	0.0002038285784239864
4.07	0.00020041636374387004
4.08	0.00019866048880390195
4.09	0.00019866722564810364
4.1	0.00020084911409055473
4.11	0.0002059764194769197
4.12	0.00021504274530774047
4.13	0.00022813168820033555
4.14	0.00024092989177408264
4.15	0.0002431293223695333
4.16	0.0002307434492966632
4.17	0.00021295063293136097
4.18	0.0001976763935933774
4.19	0.0001865213815892945
4.2	0.00017864240227221246
4.21	0.00017302375701858894
4.22	0.0001689606929699771
4.23	0.00016603948546125747
4.24	0.00016406064694351772
4.25	0.00016299390167058545
4.26	0.0001629680518437055
4.2700000000000005	0.00016426373544551167
4.28	0.0001671701082940207
4.29	0.00017127854239236328
4.3	0.0001740367972442313
4.3100000000000005	0.00017181839851739005
4.32	0.00016530531701574826
4.33	0.000158275339851981
4.34	0.00015261083187518434
4.3500000000000005	0.0001483853807493247
4.36	0.0001452228587941004
4.37	0.0001427986262879465
4.38	0.0001409098618062158
4.39	0.00013945446243426036
4.4	0.00013840978203720266
4.41	0.00013782131516906017
4.42	0.0001377750266654763
4.43	0.00013825314394255145
4.44	0.00013871742462509033
4.45	0.00013795294324912344
4.46	0.0001355413601160833
4.47	0.00013256899998190762
4.48	0.0001299302918686933
4.49	0.00012779405647593783
4.5	0.00012605933846612067
4.51	0.00012461079076202166
4.5200000000000005	0.00012337227797812875
4.53	0.00012230533638345903
4.54	0.00012140163664041644
4.55	0.00012067477256822421
4.5600000000000005	0.0001201325625565155
4.57	0.00011968171494088981
4.58	0.00011900933905725148
4.59	0.0001178489004570945
4.6000000000000005	0.00011641001489098611
4.61	0.00011501911179603345
4.62	0.00011378313058424512
4.63	0.00011268569027001564
4.64	0.00011169118722094507
4.65	0.00011077394805347552
4.66	0.00010992059411010073
4.67	0.00010912760830491455
4.68	0.00010839657390516116
4.69	0.00010771833137726619
4.7	0.00010703648176136123
4.71	0.00010625305895299551
4.72	0.00010536000867028783
4.73	0.00010445013456286181
4.74	0.00010358146899411565
4.75	0.00010276033071871423
4.76	0.00010197761635009298
4.7700000000000005	0.00010122486970181368
4.78	0.0001004971471103938
4.79	0.00009979253813264688
4.8	0.00009911037367972129
4.8100000000000005	0.00009844576951801819
4.82	0.0000977801372669981
4.83	0.00009709043077599794
4.84	0.00009638308573734667
4.8500000000000005	0.00009568171012630084
4.86	0.00009499686056018015
4.87	0.00009432837998638961
4.88	0.00009367376758650813
4.89	0.00009303106954450148
4.9	0.00009239923565814882
4.91	0.00009177775693568103
4.92	0.0000911654829955054
4.93	0.00009055831089059905
4.94	0.00008995029591925159
4.95	0.0000893417572858674
4.96	0.00008873823440825214
4.97	0.0000881426544145151
4.98	0.00008755510587601395
4.99	0.00008697495000026549
5.	0.00008640164764073312
5.01	0.00008583487246046414
5.0200000000000005	0.00008527437899167216
5.03	0.00008471960150099888
5.04	0.00008416921921029315
5.05	0.00008362220318641282
5.0600000000000005	0.00008307928585643436
5.07	0.00008254154101182865
5.08	0.00008200924681216084
5.09	0.00008148226640439979
5.1000000000000005	0.00008096041160294008
5.11	0.0000804435379085825
5.12	0.0000799315316334324
5.13	0.00007942422985264472
5.14	0.00007892131453113928
5.15	0.00007842249095329979
5.16	0.0000779278387288222
5.17	0.00007743755826498702
5.18	0.0000769516850537255
5.19	0.00007647015520693638
5.2	0.00007599289020170799
5.21	0.00007551982054020266
5.22	0.00007505088145505884
5.23	0.00007458599186263714
5.24	0.00007412504204764706
5.25	0.00007366795699419656
5.26	0.00007321473678146693
5.2700000000000005	0.00007276537891675623
5.28	0.00007231984775240999
5.29	0.00007187809516244706
5.3	0.00007144007315889407
5.3100000000000005	0.00007100573586702797
5.32	0.00007057503647033212
5.33	0.00007014792291688954
5.34	0.0000697243455923077
5.3500000000000005	0.0000693042708449325
5.36	0.00006888766989317085
5.37	0.00006847450786943743
5.38	0.00006806474667790873
5.39	0.00006765834825455716
5.4	0.00006725527531268682
5.41	0.00006685549079928797
5.42	0.00006645895711741121
5.43	0.00006606563774821596
5.44	0.00006567549961453128
5.45	0.00006528851074856756
5.46	0.00006490463839671899
5.47	0.00006452384961557926
5.48	0.00006414611184200983
5.49	0.00006377139298700986
5.5	0.0000633996612930105
5.51	0.00006303088528711903
5.5200000000000005	0.00006266503425518418
5.53	0.00006230207836578897
5.54	0.00006194198810981728
5.55	0.00006158473416879048
5.5600000000000005	0.00006123028755052225
5.57	0.00006087861964763802
5.58	0.000060529702223965265
5.59	0.000060183507385396755
5.6000000000000005	0.00005984000762906931
5.61	0.000059499175907462235
5.62	0.00005916098554268162
5.63	0.000058825410164195895
5.64	0.000058492423723367166
5.65	0.00005816200050488864
5.66	0.000057834115122654427
5.67	0.000057508742510697355
5.68	0.00005718585792630238
5.69	0.00005686543695809859
5.7	0.00005654745550891717
5.71	0.0000562318897804044
5.72	0.000055918716271645195
5.73	0.000055607911777943055
5.74	0.00005529945338699718
5.75	0.00005499331847458894
5.76	0.00005468948470274707
5.7700000000000005	0.00005438793001784384
5.78	0.00005408863264484531
5.79	0.00005379157108305267
5.8	0.000053496724104001915
5.8100000000000005	0.00005320407074942589
5.82	0.00005291359032913369
5.83	0.000052625262419321873
5.84	0.00005233906686166912
5.8500000000000005	0.00005205498376246295
5.86	0.000051772993491904634
5.87	0.000051493076684463375
5.88	0.000051215214240131396
5.89	0.000050939387326513664
5.9	0.0000506655773819747
5.91	0.000050393766120149407
5.92	0.00005012393553603483
5.93	0.00004985606791392884
5.94	0.00004959014583779826
5.95	0.00004932615220466422
5.96	0.0000490640702416918
5.97	0.00004880388352794244
5.98	0.000048545576022054365
5.99	0.00004828913209749645
6.	0.00004803453658756248
6.01	0.000047781774843049215
6.0200000000000005	0.00004753083280657752
6.03	0.000047281697108941966
6.04	0.00004703435519492566
6.05	0.00004678879548896017
6.0600000000000005	0.000046545007615278656
6.07	0.00004630298269351409
6.08	0.00004606271374012863
6.09	0.000045824196220395015
6.1000000000000005	0.000045587428817791364
6.11	0.00004535241452248859
6.12	0.000045119162196361776
6.13	0.00004488768886298645
6.140000000000001	0.00004465802312269689
6.15	0.00004443021035045107
6.16	0.00004420432078060884
6.17	0.00004398046236856262
6.18	0.00004375880171469508
6.19	0.00004353959879217686
6.2	0.000043323265313132
6.21	0.00004311046211213068
6.22	0.00004290225177449693
6.23	0.00004270028199813791
6.24	0.000042506726850913444
6.25	0.00004232274131821667
6.26	0.00004214255871025298
6.2700000000000005	0.000041947076288491275
6.28	0.00004172206420291874
6.29	0.000041481877742228304
6.3	0.00004124552838099882
6.3100000000000005	0.00004101868492235105
6.32	0.000040800150193010185
6.33	0.00004058772886365911
6.34	0.00004037975513882776
6.3500000000000005	0.00004017514767589108
6.36	0.000039973226137137876
6.37	0.00003977355906514705
6.38	0.00003957586697881129
6.390000000000001	0.00003937996442225973
6.4	0.00003918572564273112
6.41	0.000038993064124685926
6.42	0.00003880192030188571
6.43	0.000038612254237168294
6.44	0.00003842404148246358
6.45	0.00003823727116632503
6.46	0.00003805194588521094
6.47	0.00003786808337112305
6.48	0.0000376857202954545
6.49	0.00003750491906691619
6.5	0.00003732577925159346
6.51	0.0000371484565456785
6.5200000000000005	0.0000369731944952882
6.53	0.00003680037798415459
6.54	0.000036630623105688466
6.55	0.00003646492156885796
6.5600000000000005	0.000036304833352262275
6.57	0.000036152545291543956
6.58	0.00003600985031950988
6.59	0.000035873322247849946
6.6000000000000005	0.00003572609636591818
6.61	0.00003554871214186806
6.62	0.00003534965010581068
6.63	0.00003515068507049661
6.640000000000001	0.00003496083097019706
6.65	0.000034779766136835885
6.66	0.00003460519945043164
6.67	0.0000344352388412844
6.68	0.000034268632973707145
6.69	0.000034104594527207187
6.7	0.000033942627982126764
6.71	0.00003378241630287918
6.72	0.00003362375275745129
6.73	0.00003346650071930343
6.74	0.00003331057002320181
6.75	0.00003315590320246305
6.76	0.0000330024679125437
6.7700000000000005	0.00003285025363261116
6.78	0.00003269927188822773
6.79	0.000032549560146101896
6.8	0.00003240119050603803
6.8100000000000005	0.00003225428568150124
6.82	0.00003210904692002945
6.83	0.000031965801776177714
6.84	0.00003182508281837566
6.8500000000000005	0.00003168774137315793
6.86	0.00003155503191049671
6.87	0.000031428271947772364
6.88	0.00003130670462122601
6.890000000000001	0.00003118238291746332
6.9	0.00003104177463660567
6.91	0.000030884840593682915
6.92	0.000030725090047751944
6.93	0.00003057048411636517
6.94	0.0000304217779606434
6.95	0.000030277640397741226
6.96	0.000030136800258479272
6.97	0.00002999838918679659
6.98	0.00002986185757935512
6.99	0.000029726860662876223
7.	0.00002959317955531469
7.01	0.00002946067327537582
7.0200000000000005	0.000029329250616255067
7.03	0.00002919885396841798
7.04	0.000029069450457660877
7.05	0.000028941027962947587
7.0600000000000005	0.000028813595018337055
7.07	0.00002868718471782865
7.08	0.000028561863899496932
7.09	0.00002843775038650623
7.1000000000000005	0.00002831504285702682
7.11	0.000028194067794907917
7.12	0.000028075332983631382
7.13	0.000027959490207130877
7.140000000000001	0.000027846785307862325
7.15	0.000027735130111369322
7.16	0.00002761850407839943
7.17	0.00002749334321981646
7.18	0.00002736457484446771
7.19	0.000027237576340937266
7.2	0.000027113726181516794
7.21	0.000026992583926717006
7.22	0.000026873496050465442
7.23	0.00002675597976317373
7.24	0.000026639723662157725
7.25	0.000026524532211587476
7.26	0.00002641028194381505
7.2700000000000005	0.000026296894052605868
7.28	0.000026184318361052122
7.29	0.000026072524337399607
7.3	0.000025961496569624288
7.3100000000000005	0.000025851233438087955
7.32	0.00002574174869760601
7.33	0.000025633076537622997
7.34	0.00002552528155872422
7.3500000000000005	0.000025418475460088123
7.36	0.000025312838361980147
7.37	0.00002520861733634891
7.38	0.000025105971405317683
7.390000000000001	0.000025004332790884896
7.4	0.000024901566238859638
7.41	0.000024795772148547154
7.42	0.00002468838585708364
7.43	0.00002458174021759727
7.44	0.000024476621901451934
7.45	0.000024372920531406905
7.46	0.000024270373591294307
7.47	0.000024168775906375855
7.48	0.000024067992856244338
7.49	0.000023967939280644395
7.5	0.00002386856113979571
7.51	0.000023769823843243166
7.5200000000000005	0.00002367170549123686
7.53	0.000023574193269906625
7.54	0.00002347728196966955
7.55	0.000023380974225082103
7.5600000000000005	0.000023285282577862742
7.57	0.000023190233832543826
7.58	0.000023095875820988265
7.59	0.000023002282388805252
7.6000000000000005	0.00002290953146728888
7.61	0.000022817569387140686
7.62	0.0000227258886801622
7.63	0.000022633635931137514
7.640000000000001	0.00002254081347960136
7.65	0.000022448268166526622
7.66	0.00002235649327913394
7.67	0.000022265531311351677
7.68	0.00002217529528165546
7.69	0.000022085702479770896
7.7	0.00002199669566875191
7.71	0.000021908237782600807
7.72	0.000021820304837181408
7.73	0.00002173288108729223
7.74	0.000021645956195673
7.75	0.000021559523768549482
7.76	0.000021473580850734338
7.7700000000000005	0.000021388128237395372
7.78	0.000021303171645983572
7.79	0.00002121872369928569
7.8	0.00002113480522265041
7.8100000000000005	0.00002105143737424994
7.82	0.000020968596410488758
7.83	0.000020886113110320897
7.84	0.000020803725631147712
7.8500000000000005	0.000020721455347963064
7.86	0.000020639563865041098
7.87	0.000020558191292964015
7.88	0.000020477344321450787
7.890000000000001	0.000020396993749139543
7.9	0.00002031711266653149
7.91	0.000020237682067508802
7.92	0.00002015868908631631
7.930000000000001	0.000020080124853231494
7.94	0.000020001983066320182
7.95	0.00001992425919261413
7.96	0.000019846950115998785
7.97	0.000019770054131613023
7.98	0.00001969357125637228
7.99	0.000019617503759866675
8.	0.000019541856146134847
8.01	0.000019466630928258463
8.02	0.00001939181049463661
8.03	0.000019317330642438875
8.040000000000001	0.000019243128145052514
8.05	0.000019169238439166847
8.06	0.00001909573069053799
8.07	0.000019022628586292523
8.08	0.000018949927191575166
8.09	0.000018877616306221395
8.1	0.00001880568736679862
8.11	0.000018734133992606653
8.120000000000001	0.00001866295137242374
8.13	0.000018592135718760446
8.14	0.000018521683935165305
8.15	0.000018451593454749643
8.16	0.00001838186220841089
8.17	0.00001831248869806237
8.18	0.000018243472106580983
8.19	0.00001817481206454131
8.2	0.000018106506570044866
8.21	0.000018038545476894013
8.22	0.000017970907187633238
8.23	0.000017903581500617753
8.24	0.000017836583348551057
8.25	0.000017769925778969387
8.26	0.000017703609827669434
8.27	0.000017637631796841797
8.28	0.000017571987630013845
8.290000000000001	0.000017506673852236317
8.3	0.000017441687526224437
8.31	0.000017377026085950362
8.32	0.000017312687216794727
8.33	0.000017248668791584543
8.34	0.00001718496885032975
8.35	0.000017121585611932554
8.36	0.000017058517486317017
8.370000000000001	0.000016995762939429266
8.38	0.000016933319714719213
8.39	0.000016871182999067233
8.4	0.00001680934604375923
8.41	0.00001674780698887762
8.42	0.000016686568774518822
8.43	0.000016625632342280945
8.44	0.000016564996093852207
8.45	0.000016504657714104825
8.46	0.000016444614928519658
8.47	0.00001638486562334291
8.48	0.000016325407816318303
8.49	0.000016266239618277046
8.5	0.00001620735920897111
8.51	0.000016148764826550585
8.52	0.000016090454766810442
8.53	0.000016032427382531266
8.540000000000001	0.000015974681042431353
8.55	0.000015917213923473503
8.56	0.00001586002357766474
8.57	0.000015803107229916597
8.58	0.000015746463391296212
8.59	0.000015690091536749623
8.6	0.000015633990595783682
8.61	0.000015578158960867207
8.620000000000001	0.000015522594896908107
8.63	0.00001546729669397848
8.64	0.000015412262688325283
8.65	0.000015357491254666502
8.66	0.00001530298079767376
8.67	0.000015248729746994471
8.68	0.000015194736555387681
8.69	0.000015140999698031297
8.700000000000001	0.000015087517665755261
8.71	0.000015034288927998179
8.72	0.00001498131184000201
8.73	0.000014928584653836842
8.74	0.000014876105860021422
8.75	0.000014823874227485971
8.76	0.000014771888448228259
8.77	0.00001472014708740266
8.78	0.000014668648678202376
8.790000000000001	0.000014617391764427164
8.8	0.000014566374907773689
8.81	0.000014515596686482798
8.82	0.000014465055693353808
8.83	0.000014414750534524329
8.84	0.000014364679828924825
8.85	0.000014314842207623498
8.86	0.000014265236310150447
8.870000000000001	0.000014215860770748616
8.88	0.000014166714200493018
8.89	0.000014117795225260257
8.9	0.000014069102550826121
8.91	0.000014020634911274151
8.92	0.000013972391017545075
8.93	0.00001392436957110583
8.94	0.000013876569279591717
8.950000000000001	0.000013828988861196973
8.96	0.000013781627044968799
8.97	0.000013734482570423535
8.98	0.000013687554187279794
8.99	0.000013640840655389714
9.	0.000013594340744715854
9.01	0.000013548053234734939
9.02	0.00001350197691185321
9.03	0.000013456110566608113
9.040000000000001	0.000013410453003191386
9.05	0.00001336500305283172
9.06	0.000013319759564046457
9.07	0.000013274721396145159
9.08	0.000013229887426810633
9.09	0.00001318525656222169
9.1	0.000013140827749512553
9.11	0.000013096599996233086
9.120000000000001	0.000013052572402960877
9.13	0.00001300874421775848
9.14	0.000012965114921097688
9.15	0.000012921684325025492
9.16	0.000012878452523416867
9.17	0.000012835418968968278
9.18	0.000012792579101299624
9.19	0.00001274992112667415
9.200000000000001	0.000012707436840168048
9.21	0.000012665133624980072
9.22	0.000012623020523008207
9.23	0.000012581099279292881
9.24	0.000012539368120496064
9.25	0.000012497824817585606
9.26	0.000012456467449165576
9.27	0.00001241529441593171
9.28	0.00001237430433962615
9.290000000000001	0.000012333495981292317
9.3	0.000012292868189371718
9.31	0.000012252419868523847
9.32	0.00001221214996127191
9.33	0.00001217205743738629
9.34	0.000012132141286851198
9.35	0.000012092400515048261
9.36	0.000012052834139999287
9.370000000000001	0.00001201344119068095
9.38	0.00001197422070586966
9.39	0.00001193517173335455
9.4	0.00001189629332942741
9.41	0.000011857584558585156
9.42	0.00001181904449340749
9.43	0.000011780672214592735
9.44	0.000011742466811154837
9.450000000000001	0.00001170442738084422
9.46	0.000011666553030945186
9.47	0.00001162884287945739
9.48	0.000011591296056748263
9.49	0.000011553911708212699
9.5	0.000011516688998514524
9.51	0.000011479627118304468
9.52	0.000011442725295086089
9.53	0.000011405982811164458
9.540000000000001	0.00001136939903375646
9.55	0.000011332973465595838
9.56	0.000011296705827062062
9.57	0.00001126059617062657
9.58	0.000011224644944175801
9.59	0.000011188852533885615
9.6	0.000011153216788636101
9.61	0.000011117727930513583
9.620000000000001	0.00001108237241781127
9.63	0.000011047151972122177
9.64	0.000011012079167586389
9.65	0.000010977159837081789
9.66	0.00001094239343170128
9.67	0.000010907777812192342
9.68	0.00001087331100361686
9.69	0.000010838991428511021
9.700000000000001	0.000010804817810239391
9.71	0.000010770789064669939
9.72	0.000010736904227030368
9.73	0.000010703162407484388
9.74	0.000010669562764717135
9.75	0.00001063610449012181
9.76	0.000010602786798169105
9.77	0.000010569608920425021
9.78	0.000010536570101768762
9.790000000000001	0.000010503669597974913
9.8	0.000010470906674172764
9.81	0.000010438280603898547
9.82	0.00001040579066858073
9.83	0.00001037343615738055
9.84	0.000010341216367373206
9.85	0.000010309130604114648
9.86	0.000010277178182712036
9.870000000000001	0.000010245358429624161
9.88	0.000010213670685590537
9.89	0.000010182114310383345
9.9	0.000010150688690597314
9.91	0.000010119393252609156
9.92	0.000010088227484391734
9.93	0.000010057190972128341
9.94	0.000010026283458909169
9.950000000000001	9.995504922344512e-6
9.96	9.9648555941789e-6
9.97	9.93433552851873e-6
9.98	9.903942606800729e-6
9.99	9.873669264452756e-6
10.	9.84350718448751e-6
10.01	9.813459440108504e-6
10.02	9.783534110642766e-6
10.03	9.753734061519477e-6
10.040000000000001	9.724058496492706e-6
10.05	9.694505874389003e-6
10.06	9.665074826301598e-6
10.07	9.635764243697218e-6
10.08	9.606573206326841e-6
10.09	9.577500913374295e-6
10.1	9.54854663826775e-6
10.11	9.519709701427346e-6
10.120000000000001	9.490989454072834e-6
10.13	9.462385268518904e-6
10.14	9.433896532263748e-6
10.15	9.405522644331627e-6
10.16	9.377263012992448e-6
10.17	9.349117054357782e-6
10.18	9.321084191571503e-6
10.19	9.293163854447784e-6
10.200000000000001	9.265355479502795e-6
10.21	9.237658510406507e-6
10.22	9.2100723989719e-6
10.23	9.182596606927858e-6
10.24	9.155230608932152e-6
10.25	9.127973897642152e-6
10.26	9.100825992283014e-6
10.27	9.073786453144076e-6
10.28	9.046854905552304e-6
10.290000000000001	9.020031075654553e-6
10.3	8.993314823635154e-6
10.31	8.966706073728993e-6
10.32	8.940204256644837e-6
10.33	8.913806734937477e-6
10.34	8.88750852687739e-6
10.35	8.861308047178207e-6
10.36	8.835208964762245e-6
10.370000000000001	8.809213864754153e-6
10.38	8.783322740230466e-6
10.39	8.757534689155915e-6
10.4	8.73184877700435e-6
10.41	8.70626420181927e-6
10.42	8.68078027511786e-6
10.43	8.655396383438492e-6
10.44	8.630111960462826e-6
10.450000000000001	8.604926469792835e-6
10.46	8.579839394699663e-6
10.47	8.554850232021465e-6
10.48	8.52995848848793e-6
10.49	8.505163678481319e-6
10.5	8.480465322674954e-6
10.51	8.455862947236614e-6
10.52	8.431356083431085e-6
10.53	8.406944267550748e-6
10.540000000000001	8.382627041178551e-6
10.55	8.358403951866738e-6
10.56	8.334274554424026e-6
10.57	8.310238413179054e-6
10.58	8.28629510587885e-6
10.59	8.26244423032446e-6
10.6	8.238685415258055e-6
10.61	8.215018335922443e-6
10.620000000000001	8.19144272467762e-6
10.63	8.167958319456825e-6
10.64	8.14456455665918e-6
10.65	8.121259871219196e-6
10.66	8.098042016457578e-6
10.67	8.074910679725343e-6
10.68	8.05186728011101e-6
10.69	8.028912419520004e-6
10.700000000000001	8.006045755499503e-6
10.71	7.98326668696408e-6
10.72	7.960574628432844e-6
10.73	7.937969051386298e-6
10.74	7.915449472100414e-6
10.75	7.893015436313952e-6
10.76	7.87066650868838e-6
10.77	7.848402266381631e-6
10.78	7.826222295233007e-6
10.790000000000001	7.804126187493411e-6
10.8	7.782113540464719e-6
10.81	7.760183955687021e-6
10.82	7.738337038474801e-6
10.83	7.716572397699208e-6
10.84	7.694889645777189e-6
10.85	7.673288398880116e-6
10.86	7.651768277432851e-6
10.870000000000001	7.630328907057065e-6
10.88	7.6089699202416065e-6
10.89	7.587690959198429e-6
10.9	7.566491680428619e-6
10.91	7.545371760488478e-6
10.92	7.524330895749425e-6
10.93	7.50336876161909e-6
10.94	7.482484843462838e-6
10.950000000000001	7.46167821135867e-6
10.96	7.440947994008243e-6
10.97	7.4202942092751404e-6
10.98	7.3997171226464925e-6
10.99	7.379216590432804e-6
11.	7.358792230259076e-6
11.01	7.338443620461112e-6
11.02	7.318170356446297e-6
11.03	7.297972054321253e-6
11.040000000000001	7.277848345246158e-6
11.05	7.257798870488423e-6
11.06	7.237823278231516e-6
11.07	7.217921221659144e-6
11.08	7.198092357820274e-6
11.09	7.1783363469554e-6
11.1	7.1586528520994385e-6
11.11	7.13904153886001e-6
11.120000000000001	7.119502075320658e-6
11.13	7.100034132052672e-6
11.14	7.0806373822486405e-6
11.15	7.0613115020253035e-6
11.16	7.042056170991021e-6
11.17	7.022871073232205e-6
11.18	7.0037558988715246e-6
11.19	6.9847103458646385e-6
11.200000000000001	6.965734118864114e-6
11.21	6.946826911275604e-6
11.22	6.927988341376131e-6
11.23	6.909217896300773e-6
11.24	6.890515141264928e-6
11.25	6.87187992968051e-6
11.26	6.85331213751232e-6
11.27	6.834811507734153e-6
11.28	6.816377722361047e-6
11.290000000000001	6.798010457390336e-6
11.3	6.779709396134215e-6
11.31	6.761474229319699e-6
11.32	6.7433046532100076e-6
11.33	6.725200368105631e-6
11.34	6.707161077395676e-6
11.35	6.6891864869900025e-6
11.36	6.6712763049826476e-6
11.370000000000001	6.6534302414532385e-6
11.38	6.635648008354058e-6
11.39	6.6179293194561475e-6
11.4	6.600273890344958e-6
11.41	6.582681438470056e-6
11.42	6.565151683268855e-6
11.43	6.5476843464027775e-6
11.44	6.530279152155003e-6
11.450000000000001	6.51293582796421e-6
11.46	6.495654104539103e-6
11.47	6.478433712731316e-6
11.48	6.461274369246939e-6
11.49	6.444175753521828e-6
11.5	6.427137541806053e-6
11.51	6.410159492849635e-6
11.52	6.393241401445512e-6
11.53	6.376383026629689e-6
11.540000000000001	6.359584103090946e-6
11.55	6.3428443617227545e-6
11.56	6.3261635360308705e-6
11.57	6.309541362727989e-6
11.58	6.292977581212638e-6
11.59	6.276471933074895e-6
11.6	6.260024161770423e-6
11.61	6.243634012422131e-6
11.620000000000001	6.2273012317012e-6
11.63	6.211025567756123e-6
11.64	6.194806770171964e-6
11.65	6.1786445899514385e-6
11.66	6.162538779515807e-6
11.67	6.14648909272924e-6
11.68	6.130495284956229e-6
11.69	6.114557113164649e-6
11.700000000000001	6.098674336064411e-6
11.71	6.082846714115605e-6
11.72	6.067074008585188e-6
11.73	6.051355977443195e-6
11.74	6.0356923692396885e-6
11.75	6.020082933670309e-6
11.76	6.004527444173138e-6
11.77	5.9890256834805276e-6
11.78	5.973577425165942e-6
11.790000000000001	5.958182437355058e-6
11.8	5.942840488122438e-6
11.81	5.927551347098372e-6
11.82	5.9123147855933354e-6
11.83	5.897130576448419e-6
11.84	5.881998493898267e-6
11.85	5.866918313479776e-6
11.86	5.85188981197507e-6
11.870000000000001	5.836912767375752e-6
11.88	5.821986958860407e-6
11.89	5.807112166780889e-6
11.9	5.792288172655793e-6
11.91	5.777514759171514e-6
11.92	5.762791710193167e-6
11.93	5.748118810787963e-6
11.94	5.7334958472544285e-6
11.950000000000001	5.718922607094627e-6
11.96	5.704398878652883e-6
11.97	5.689924449827708e-6
11.98	5.675499106881463e-6
11.99	5.661122638580504e-6
12.	5.646794840607734e-6
12.01	5.6325155102479736e-6
12.02	5.618284443095403e-6
12.030000000000001	5.6041014344871585e-6
12.040000000000001	5.589966280635319e-6
12.05	5.575878778901481e-6
12.06	5.561838727794832e-6
12.07	5.547845926928155e-6
12.08	5.533900176981465e-6
12.09	5.52000127967699e-6
12.1	5.506149037762204e-6
12.11	5.492343254997925e-6
12.120000000000001	5.4785837361497425e-6
12.13	5.4648702869820305e-6
12.14	5.451202714254518e-6
12.15	5.437580825721958e-6
12.16	5.424004430137455e-6
12.17	5.410473337256342e-6
12.18	5.396987357818066e-6
12.19	5.383546303418383e-6
12.200000000000001	5.3701499861468055e-6
12.21	5.356798218513489e-6
12.22	5.343490814796096e-6
12.23	5.330227591554984e-6
12.24	5.31700836620786e-6
12.25	5.303832956701209e-6
12.26	5.290701181780327e-6
12.27	5.277612860233716e-6
12.280000000000001	5.264567808242863e-6
12.290000000000001	5.251565838951233e-6
12.3	5.238606772253374e-6
12.31	5.22569043782177e-6
12.32	5.212816664315418e-6
12.33	5.199985276877489e-6
12.34	5.187196100015368e-6
12.35	5.17444895905034e-6
12.36	5.161743680389514e-6
12.370000000000001	5.14908009148874e-6
12.38	5.136458020784134e-6
12.39	5.123877297641184e-6
12.4	5.1113377523146366e-6
12.41	5.09883921588886e-6
12.42	5.0863815201737095e-6
12.43	5.073964497722326e-6
12.44	5.061587982154132e-6
12.450000000000001	5.049251808146277e-6
12.46	5.036955811096129e-6
12.47	5.024699827087813e-6
12.48	5.01248369297568e-6
12.49	5.0003072464162934e-6
12.5	4.988170325869414e-6
12.51	4.976072770591746e-6
12.52	4.964014420630296e-6
12.530000000000001	4.9519951168164075e-6
12.540000000000001	4.940014700760455e-6
12.55	4.928073014846926e-6
12.56	4.916169902229818e-6
12.57	4.904305206828304e-6
12.58	4.892478773322619e-6
12.59	4.880690447150205e-6
12.6	4.868940074501812e-6
12.61	4.857227502316095e-6
12.620000000000001	4.845552578267446e-6
12.63	4.833915150742996e-6
12.64	4.822315068846355e-6
12.65	4.810752182466145e-6
12.66	4.799226342270839e-6
12.67	4.787737399635833e-6
12.68	4.77628520663775e-6
12.69	4.764869616074742e-6
12.700000000000001	4.753490481478806e-6
12.71	4.742147657127218e-6
12.72	4.730840998062019e-6
12.73	4.71957036012553e-6
12.74	4.708335600019512e-6
12.75	4.697136575382461e-6
12.76	4.685973144792038e-6
12.77	4.6748451672367836e-6
12.780000000000001	4.663752499849843e-6
12.790000000000001	4.652694994632979e-6
12.8	4.641672504448044e-6
12.81	4.630684895099425e-6
12.82	4.61973203715327e-6
12.83	4.608813796160542e-6
12.84	4.597930034782366e-6
12.85	4.5870806156892555e-6
12.86	4.576265402412403e-6
12.870000000000001	4.565484259390459e-6
12.88	4.5547370518839225e-6
12.89	4.544023645905317e-6
12.9	4.5333439081722415e-6
12.91	4.522697706076868e-6
12.92	4.5120849076661295e-6
12.93	4.5015053816283595e-6
12.94	4.49095899728377e-6
12.950000000000001	4.4804456245772375e-6
12.96	4.469965134072489e-6
12.97	4.459517396947115e-6
12.98	4.4491022849881975e-6
12.99	4.438719670588259e-6
13.	4.428369426741489e-6
13.01	4.418051427040017e-6
13.02	4.4077655456699914e-6
13.030000000000001	4.397511657407408e-6
13.040000000000001	4.387289637615812e-6
13.05	4.377099362245938e-6
13.06	4.3669407078312544e-6
13.07	4.356813551482481e-6
13.08	4.3467177708849615e-6
13.09	4.336653244296565e-6
13.1	4.326619850545345e-6
13.11	4.316617469027278e-6
13.120000000000001	4.306645979704389e-6
13.13	4.296705263103624e-6
13.14	4.286795200316776e-6
13.15	4.276915673002322e-6
13.16	4.267066563390396e-6
13.17	4.25724775429308e-6
13.18	4.247459129123858e-6
13.19	4.2377005719314344e-6
13.200000000000001	4.227971967450772e-6
13.21	4.218273201145602e-6
13.22	4.208604159074325e-6
13.23	4.198964726966242e-6
13.24	4.189354787813748e-6
13.25	4.179774222007252e-6
13.26	4.170222916228599e-6
13.27	4.160700764877229e-6
13.280000000000001	4.15120766070181e-6
13.290000000000001	4.141743493295695e-6
13.3	4.132308151598382e-6
13.31	4.122901525046419e-6
13.32	4.113523503773646e-6
13.33	4.104173978573652e-6
13.34	4.094852840841074e-6
13.35	4.085559982529235e-6
13.36	4.076295296123086e-6
13.370000000000001	4.067058674622052e-6
13.38	4.057850011528752e-6
13.39	4.04866920084109e-6
13.4	4.039516137046419e-6
13.41	4.0303907151168845e-6
13.42	4.0212928305056604e-6
13.43	4.012222379143516e-6
13.44	4.0031792574356135e-6
13.450000000000001	3.994163362258617e-6
13.46	3.98517459095798e-6
13.47	3.976212841345312e-6
13.48	3.967278011695868e-6
13.49	3.958370000746094e-6
13.5	3.949488707691265e-6
13.51	3.940634032183255e-6
13.52	3.9318058743284016e-6
13.530000000000001	3.9230041346855854e-6
13.540000000000001	3.914228714264598e-6
13.55	3.905479514524904e-6
13.56	3.896756437375138e-6
13.57	3.8880593851737566e-6
13.58	3.8793882607316356e-6
13.59	3.870742967318063e-6
13.6	3.862123408672361e-6
13.61	3.853529489023971e-6
13.620000000000001	3.844961113120245e-6
13.63	3.836418186234776e-6
13.64	3.827900614013186e-6
13.65	3.819408301736413e-6
13.66	3.8109411530229947e-6
13.67	3.8024990713992855e-6
13.68	3.794081965117199e-6
13.69	3.785689745050255e-6
13.700000000000001	3.7773223205235095e-6
13.71	3.768979599778564e-6
13.72	3.7606614911400933e-6
13.73	3.7523679033976942e-6
13.74	3.744098745845083e-6
13.75	3.7358539282507207e-6
13.76	3.7276333608285706e-6
13.77	3.7194369542180702e-6
13.780000000000001	3.7112646194712307e-6
13.790000000000001	3.703116268044129e-6
13.8	3.694991811791015e-6
13.81	3.6868911629599265e-6
13.82	3.678814234189208e-6
13.83	3.6707609385045873e-6
13.84	3.6627311893165778e-6
13.85	3.6547249004181192e-6
13.86	3.6467419859823637e-6
13.870000000000001	3.638782360560562e-6
13.88	3.630845939080057e-6
13.89	3.6229326368423174e-6
13.9	3.615042369521085e-6
13.91	3.607175053160556e-6
13.92	3.599330604173719e-6
13.93	3.5915089393408013e-6
13.94	3.583709975807966e-6
13.950000000000001	3.5759336310863674e-6
13.96	3.5681798230518017e-6
13.97	3.560448469945377e-6
13.98	3.552739490375923e-6
13.99	3.545052803325222e-6
14.	3.5373883281571884e-6
14.01	3.5297459846288303e-6
14.02	3.522125692881672e-6
14.030000000000001	3.5145273733192544e-6
14.040000000000001	3.5069509461675514e-6
14.05	3.4993963310656305e-6
14.06	3.491863448478531e-6
14.07	3.4843522212164252e-6
14.08	3.4768625726198946e-6
14.09	3.469394425426418e-6
14.1	3.461947702260456e-6
14.11	3.4545223260226607e-6
14.120000000000001	3.447118219984831e-6
14.13	3.439735307789744e-6
14.14	3.4323735134364734e-6
14.15	3.4250327612682583e-6
14.16	3.417712975964209e-6
14.17	3.4104140825337117e-6
14.18	3.403136006312428e-6
14.19	3.395878672959264e-6
14.200000000000001	3.388642008453879e-6
14.21	3.3814259390945506e-6
14.22	3.3742303914962254e-6
14.23	3.367055292588728e-6
14.24	3.359900569615045e-6
14.25	3.35276615012968e-6
14.26	3.345651961997065e-6
14.27	3.3385579333900217e-6
14.280000000000001	3.3314839927882575e-6
14.290000000000001	3.3244300689769573e-6
14.3	3.3173960910454278e-6
14.31	3.3103819883858874e-6
14.32	3.3033876906924664e-6
14.33	3.296413127960547e-6
14.34	3.2894582304866953e-6
14.35	3.28252292886954e-6
14.36	3.2756071540120892e-6
14.370000000000001	3.268710837125162e-6
14.38	3.2618339097265085e-6
14.39	3.2549763036089094e-6
14.4	3.248137950705226e-6
14.41	3.2413187828879933e-6
14.42	3.2345187323132128e-6
14.43	3.2277377321546056e-6
14.44	3.2209757161307693e-6
14.450000000000001	3.2142326179037974e-6
14.46	3.207508371199399e-6
14.47	3.200802909981367e-6
14.48	3.1941161685027092e-6
14.49	3.1874480813085415e-6
14.5	3.180798583230092e-6
14.51	3.1741676093791046e-6
14.52	3.167555095143744e-6
14.530000000000001	3.1609609761855995e-6
14.540000000000001	3.154385188437374e-6
14.55	3.147827668100968e-6
14.56	3.141288351645816e-6
14.57	3.134767175807354e-6
14.58	3.1282640775855837e-6
14.59	3.121778994243698e-6
14.6	3.115311863306742e-6
14.61	3.1088626225603205e-6
14.620000000000001	3.102431210049313e-6
14.63	3.096017564076656e-6
14.64	3.089621623202104e-6
14.65	3.083243326241095e-6
14.66	3.076882612263651e-6
14.67	3.0705394205934066e-6
14.68	3.0642136908068045e-6
14.69	3.0579053627326307e-6
14.700000000000001	3.0516143764519757e-6
14.71	3.0453406722986486e-6
14.72	3.0390841908586423e-6
14.73	3.032844872961275e-6
14.74	3.0266226596398263e-6
14.75	3.0204174920598927e-6
14.76	3.014229311594195e-6
14.77	3.0080580600840244e-6
14.780000000000001	3.001903679738765e-6
14.790000000000001	2.9957661129034365e-6
14.8	2.9896453020775107e-6
14.81	2.9835411899779763e-6
14.82	2.977453719559948e-6
14.83	2.9713828340180264e-6
14.84	2.9653284767837416e-6
14.85	2.9592905915229565e-6
14.86	2.95326912213377e-6
14.870000000000001	2.9472640127448194e-6
14.88	2.941275207713839e-6
14.89	2.9353026516263437e-6
14.9	2.9293462892944225e-6
14.91	2.9234060657555772e-6
14.92	2.917481926271603e-6
14.93	2.9115738163274914e-6
14.94	2.9056816816303474e-6
14.950000000000001	2.899805468108332e-6
14.96	2.8939451219096164e-6
14.97	2.8881005894013562e-6
14.98	2.8822718171686837e-6
14.99	2.8764587520137374e-6
15.	2.870661340954749e-6
15.01	2.864879531225192e-6
15.02	2.8591132702730834e-6
15.030000000000001	2.853362505760419e-6
15.040000000000001	2.8476271855625915e-6
15.05	2.8419072577664384e-6
15.06	2.8362026706619874e-6
15.07	2.830513372721301e-6
15.08	2.824839312595043e-6
15.09	2.8191804391852833e-6
15.1	2.8135367016654844e-6
15.11	2.807908049398977e-6
15.120000000000001	2.8022944319203378e-6
15.13	2.7966957989560034e-6
15.14	2.7911121004340096e-6
15.15	2.7855432864850474e-6
15.16	2.77998930744128e-6
15.17	2.774450113834905e-6
15.18	2.7689256563968732e-6
15.19	2.763415886055749e-6
15.200000000000001	2.7579207539366585e-6
15.21	2.7524402113602905e-6
15.22	2.7469742098419415e-6
15.23	2.7415227010905775e-6
15.24	2.736085637007919e-6
15.25	2.730662969687524e-6
15.26	2.7252546514138987e-6
15.27	2.719860634661601e-6
15.280000000000001	2.7144808720943676e-6
15.290000000000001	2.7091153165642392e-6
15.3	2.703763921110705e-6
15.31	2.6984266389598685e-6
15.32	2.6931034235236408e-6
15.33	2.6877942283989637e-6
15.34	2.6824990073670986e-6
15.35	2.677217714392858e-6
15.36	2.6719503036233e-6
15.370000000000001	2.6666967293842045e-6
15.38	2.661456946173232e-6
15.39	2.6562309086621332e-6
15.4	2.651018571718378e-6
15.41	2.6458198904019935e-6
15.42	2.6406348199430432e-6
15.43	2.635463315740021e-6
15.44	2.6303053333648703e-6
15.450000000000001	2.6251608285644908e-6
15.46	2.6200297572602803e-6
15.47	2.614912075547242e-6
15.48	2.609807739693087e-6
15.49	2.604716706137397e-6
15.5	2.5996389314908212e-6
15.51	2.594574372534263e-6
15.52	2.589522986217689e-6
15.530000000000001	2.584484729657841e-6
15.540000000000001	2.5794595601356933e-6
15.55	2.574447435100195e-6
15.56	2.5694483121740155e-6
15.57	2.5644621491467887e-6
15.58	2.5594889039693478e-6
15.59	2.5545285347545965e-6
15.6	2.549580999778362e-6
15.610000000000001	2.544646257479086e-6
15.620000000000001	2.5397242664571294e-6
15.63	2.534814985474013e-6
15.64	2.529918373451686e-6
15.65	2.5250343894717424e-6
15.66	2.520162992774313e-6
15.67	2.5153041427560555e-6
15.68	2.510457798968484e-6
15.69	2.5056239211215323e-6
15.700000000000001	2.5008024690865153e-6
15.71	2.4959934028901087e-6
15.72	2.4911966827109406e-6
15.73	2.486412268880339e-6
15.74	2.481640121882654e-6
15.75	2.476880202354785e-6
15.76	2.4721324710855103e-6
15.77	2.4673968890147493e-6
15.780000000000001	2.4626734172328707e-6
15.790000000000001	2.4579620169799852e-6
15.8	2.4532626496452687e-6
15.81	2.448575276766286e-6
15.82	2.4438998600283213e-6
15.83	2.4392363612637097e-6
15.84	2.434584742451182e-6
15.85	2.429944965715203e-6
15.860000000000001	2.4253169933253233e-6
15.870000000000001	2.4207007876955313e-6
15.88	2.4160963113836033e-6
15.89	2.4115035270904672e-6
15.9	2.406922397659569e-6
15.91	2.402352886076239e-6
15.92	2.3977949554670757e-6
15.93	2.3932485690993063e-6
15.94	2.3887136903801048e-6
15.950000000000001	2.3841902828557033e-6
15.96	2.3796783102104442e-6
15.97	2.3751777362668982e-6
15.98	2.3706885249864845e-6
15.99	2.3662106404678844e-6
16.	2.361744046945442e-6
16.01	2.357288708788838e-6
16.02	2.352844590502789e-6
16.03	2.348411656726544e-6
16.04	2.3439898722333068e-6
16.05	2.339579201929651e-6
16.06	2.335179610854975e-6
16.07	2.3307910641809563e-6
16.080000000000002	2.3264135272110255e-6
16.09	2.3220469653796973e-6
16.1	2.3176913442511734e-6
16.11	2.3133466295163297e-6
16.12	2.3090127869912185e-6
16.13	2.3046897826252832e-6
16.14	2.3003775825049763e-6
16.15	2.296076152843145e-6
16.16	2.2917854599752827e-6
16.17	2.2875054703616986e-6
16.18	2.283236150588467e-6
16.19	2.2789774673671865e-6
16.2	2.2747293875344134e-6
16.21	2.270491878051033e-6
16.22	2.2662649060016303e-6
16.23	2.2620484385938186e-6
16.240000000000002	2.2578424431578307e-6
16.25	2.253646887146275e-6
16.26	2.2494617381334235e-6
16.27	2.245286963814421e-6
16.28	2.24112253200479e-6
16.29	2.236968410639991e-6
16.3	2.232824567774908e-6
16.31	2.2286909715833477e-6
16.32	2.224567590357507e-6
16.330000000000002	2.220454392507463e-6
16.34	2.216351346560658e-6
16.35	2.2122584211613846e-6
16.36	2.208175585070291e-6
16.37	2.2041028071638597e-6
16.38	2.2000400564339237e-6
16.39	2.195987301987148e-6
16.4	2.1919445130445537e-6
16.41	2.187911658941001e-6
16.42	2.183888709124716e-6
16.43	2.179875633156797e-6
16.44	2.1758724007107196e-6
16.45	2.171878981571862e-6
16.46	2.1678953456370153e-6
16.47	2.163921462913915e-6
16.48	2.1599573035207346e-6
16.490000000000002	2.1560028376856065e-6
16.5	2.1520580357461675e-6
16.51	2.14812286814915e-6
16.52	2.1441973054499083e-6
16.53	2.140281318311871e-6
16.54	2.1363748775061003e-6
16.55	2.132477953910848e-6
16.56	2.128590518511106e-6
16.57	2.1247125423981755e-6
16.580000000000002	2.120843996769225e-6
16.59	2.116984852926883e-6
16.6	2.1131350822788218e-6
16.61	2.109294656337324e-6
16.62	2.105463546718471e-6
16.63	2.101641725140334e-6
16.64	2.0978291634207747e-6
16.65	2.0940258334810175e-6
16.66	2.09023170735165e-6
16.67	2.0864467571667996e-6
16.68	2.082670955158676e-6
16.69	2.0789042736585866e-6
16.7	2.075146685098059e-6
16.71	2.0713981620088444e-6
16.72	2.0676586770225193e-6
16.73	2.0639282028700115e-6
16.740000000000002	2.0602067123811407e-6
16.75	2.056494178484176e-6
16.76	2.052790574205416e-6
16.77	2.0490958726687717e-6
16.78	2.0454100470953243e-6
16.79	2.0417330708029226e-6
16.8	2.038064917205766e-6
16.81	2.0344055598140053e-6
16.82	2.0307549722333324e-6
16.830000000000002	2.027113128164583e-6
16.84	2.0234800014033325e-6
16.85	2.0198555658394926e-6
16.86	2.0162397954569263e-6
16.87	2.0126326643330368e-6
16.88	2.009034146638393e-6
16.89	2.005444216636322e-6
16.9	2.0018628486825296e-6
16.91	1.998290017224708e-6
16.92	1.9947256968021578e-6
16.93	1.991169862045396e-6
16.94	1.987622487675776e-6
16.95	1.984083548505116e-6
16.96	1.9805530194353073e-6
16.97	1.9770308754579515e-6
16.98	1.9735170916539764e-6
16.990000000000002	1.970011643193269e-6
17.	1.9665145053343046e-6
17.01	1.9630256534237785e-6
17.02	1.9595450628962462e-6
17.03	1.9560727092737426e-6
17.04	1.9526085681654445e-6
17.05	1.9491526152672936e-6
17.06	1.9457048263616685e-6
17.07	1.9422651773170243e-6
17.080000000000002	1.938833644087577e-6
17.09	1.93541020271295e-6
17.1	1.931994829317712e-6
17.11	1.928587500110455e-6
17.12	1.9251881913823395e-6
17.13	1.921796879507805e-6
17.14	1.9184135409483213e-6
17.150000000000002	1.9150381522507165e-6
17.16	1.9116706900431504e-6
17.17	1.908311131035002e-6
17.18	1.9049594520175476e-6
17.19	1.9016156298639634e-6
17.2	1.898279641529045e-6
17.21	1.8949514640488374e-6
17.22	1.8916310745402887e-6
17.23	1.8883184502008914e-6
17.240000000000002	1.8850135683083505e-6
17.25	1.8817164062202471e-6
17.26	1.8784269413737028e-6
17.27	1.8751451512850567e-6
17.28	1.8718710135495355e-6
17.29	1.8686045058409313e-6
17.3	1.8653456059112782e-6
17.31	1.8620942915905343e-6
17.32	1.8588505407862594e-6
17.330000000000002	1.855614331483299e-6
17.34	1.852385641743474e-6
17.35	1.8491644497052506e-6
17.36	1.8459507335834489e-6
17.37	1.842744471668914e-6
17.38	1.8395456423282144e-6
17.39	1.8363542240033327e-6
17.400000000000002	1.8331701952113562e-6
17.41	1.8299935345441756e-6
17.42	1.8268242206681737e-6
17.43	1.8236622323239353e-6
17.44	1.820507548325929e-6
17.45	1.8173601475622235e-6
17.46	1.814220008994179e-6
17.47	1.8110871116561575e-6
17.48	1.8079614346552204e-6
17.490000000000002	1.804842957170846e-6
17.5	1.8017316584546328e-6
17.51	1.7986275178300097e-6
17.52	1.7955305146919653e-6
17.53	1.7924406285067576e-6
17.54	1.78935783881164e-6
17.55	1.7862821252145179e-6
17.56	1.7832134673934133e-6
17.57	1.7801518450956815e-6
17.580000000000002	1.7770972381382223e-6
17.59	1.77404962640903e-6
17.6	1.7710089898662815e-6
17.61	1.7679753085364368e-6
17.62	1.764948562514067e-6
17.63	1.761928731962035e-6
17.64	1.7589157971113694e-6
17.650000000000002	1.7559097382610165e-6
17.66	1.7529105357775572e-6
17.67	1.7499181700949194e-6
17.68	1.7469326217141094e-6
17.69	1.7439538712029353e-6
17.7	1.7409818991957375e-6
17.71	1.7380166863931216e-6
17.72	1.7350582135616956e-6
17.73	1.732106461533797e-6
17.740000000000002	1.7291614112072433e-6
17.75	1.72622304354506e-6
17.76	1.7232913395752234e-6
17.77	1.720366280390404e-6
17.78	1.7174478471477046e-6
17.79	1.7145360210684119e-6
17.8	1.7116307834377278e-6
17.81	1.7087321156045312e-6
17.82	1.70583999898111e-6
17.830000000000002	1.7029544150429225e-6
17.84	1.700075345328338e-6
17.85	1.6972027714383883e-6
17.86	1.6943366750365249e-6
17.87	1.6914770378483643e-6
17.88	1.6886238416614487e-6
17.89	1.6857770683249958e-6
17.900000000000002	1.6829366997496602e-6
17.91	1.6801027179072881e-6
17.92	1.6772751048306756e-6
17.93	1.6744538426133345e-6
17.94	1.6716389134092478e-6
17.95	1.6688302994326453e-6
17.96	1.6660279829577608e-6
17.97	1.6632319463185935e-6
17.98	1.6604421719085936e-6
17.990000000000002	1.6576586421802617e-6
18.	1.6548813396449076e-6
18.01	1.6521102468730916e-6
18.02	1.6493453464945192e-6
18.03	1.6465866211970975e-6
18.04	1.643834053726586e-6
18.05	1.641087626886558e-6
18.06	1.6383473235382641e-6
18.07	1.6356131266004202e-6
18.080000000000002	1.6328850190489808e-6
18.09	1.6301629839169116e-6
18.1	1.6274470042939612e-6
18.11	1.6247370633264435e-6
18.12	1.622033144217004e-6
18.13	1.619335230224412e-6
18.14	1.6166433046633336e-6
18.150000000000002	1.6139573509041177e-6
18.16	1.6112773523725752e-6
18.17	1.6086032925497636e-6
18.18	1.605935154971775e-6
18.19	1.6032729232295194e-6
18.2	1.6006165809685118e-6
18.21	1.5979661118886587e-6
18.22	1.5953214997440517e-6
18.23	1.5926827283427513e-6
18.240000000000002	1.5900497815465786e-6
18.25	1.5874226432709156e-6
18.26	1.5848012974844815e-6
18.27	1.5821857282091409e-6
18.28	1.5795759195196889e-6
18.29	1.5769718555436545e-6
18.3	1.5743735204610872e-6
18.31	1.571780898504364e-6
18.32	1.5691939739579773e-6
18.330000000000002	1.5666127311583474e-6
18.34	1.5640371544936109e-6
18.35	1.5614672284034273e-6
18.36	1.5589029373787853e-6
18.37	1.5563442659617957e-6
18.38	1.5537911987454749e-6
18.39	1.5512437203734825e-6
18.400000000000002	1.5487018155399382e-6
18.41	1.546165468989448e-6
18.42	1.5436346655169552e-6
18.43	1.541109389967301e-6
18.44	1.5385896272349942e-6
18.45	1.5360753622640896e-6
18.46	1.5335665800480218e-6
18.47	1.5310632656294277e-6
18.48	1.5285654040999505e-6
18.490000000000002	1.5260729806000571e-6
18.5	1.523585980318847e-6
18.51	1.521104388493866e-6
18.52	1.5186281904109215e-6
18.53	1.5161573714038967e-6
18.54	1.513691916854571e-6
18.55	1.5112318121924304e-6
18.56	1.5087770428944937e-6
18.57	1.5063275944851259e-6
18.580000000000002	1.5038834525358574e-6
18.59	1.5014446026652118e-6
18.6	1.4990110305385158e-6
18.61	1.496582721867733e-6
18.62	1.4941596624112767e-6
18.63	1.4917418379738423e-6
18.64	1.4893292344062248e-6
18.650000000000002	1.4869218376051475e-6
18.66	1.484519633513089e-6
18.67	1.4821226081181054e-6
18.68	1.4797307474536633e-6
18.69	1.4773440375984616e-6
18.7	1.4749624646762688e-6
18.71	1.4725860148557444e-6
18.72	1.4702146743502776e-6
18.73	1.4678484294178085e-6
18.740000000000002	1.465487266360673e-6
18.75	1.463131171525426e-6
18.76	1.4607801313026674e-6
18.77	1.4584341321268608e-6
18.78	1.4560931604761641e-6
18.79	1.4537572028723454e-6
18.8	1.4514262458806193e-6
18.81	1.4491002761094178e-6
18.82	1.4467792802102082e-6
18.830000000000002	1.4444632448773594e-6
18.84	1.4421521568479846e-6
18.85	1.4398460029017834e-6
18.86	1.4375447698608835e-6
18.87	1.4352484445896794e-6
18.88	1.4329570139946775e-6
18.89	1.4306704650243306e-6
18.900000000000002	1.4283887846688925e-6
18.91	1.4261119599602506e-6
18.92	1.4238399779717737e-6
18.93	1.4215728258181594e-6
18.94	1.4193104906552717e-6
18.95	1.4170529596800032e-6
18.96	1.4148002201301133e-6
18.97	1.412552259284079e-6
18.98	1.410309064460931e-6
18.990000000000002	1.408070623020116e-6
19.	1.4058369223613411e-6
19.01	1.4036079499244229e-6
19.02	1.4013836931891434e-6
19.03	1.3991641396750962e-6
19.04	1.3969492769415427e-6
19.05	1.3947390925872618e-6
19.06	1.3925335742504067e-6
19.07	1.3903327096083573e-6
19.080000000000002	1.388136486377571e-6
19.09	1.385944892313448e-6
19.1	1.3837579152101759e-6
19.11	1.3815755429005951e-6
19.12	1.3793977632560487e-6
19.13	1.3772245641862383e-6
19.14	1.3750559336390778e-6
19.150000000000002	1.3728918596005703e-6
19.16	1.3707323300946793e-6
19.17	1.3685773331831662e-6
19.18	1.366426856965448e-6
19.19	1.3642808895784562e-6
19.2	1.36213941919651e-6
19.21	1.3600024340311738e-6
19.22	1.357869922331123e-6
19.23	1.355741872382005e-6
19.240000000000002	1.3536182725063093e-6
19.25	1.3514991110632235e-6
19.26	1.3493843764485038e-6
19.27	1.3472740570943434e-6
19.28	1.345168141469232e-6
19.29	1.3430666180778276e-6
19.3	1.3409694754608233e-6
19.31	1.3388767021948142e-6
19.32	1.3367882868921677e-6
19.330000000000002	1.3347042182008916e-6
19.34	1.332624484804505e-6
19.35	1.330549075421904e-6
19.36	1.328477978807243e-6
19.37	1.3264111837497926e-6
19.38	1.3243486790738226e-6
19.39	1.3222904536384689e-6
19.400000000000002	1.3202364963376075e-6
19.41	1.3181867960997293e-6
19.42	1.3161413418878114e-6
19.43	1.3141001226991965e-6
19.44	1.3120631275654621e-6
19.45	1.3100303455523015e-6
19.46	1.3080017657593938e-6
19.47	1.3059773773202888e-6
19.48	1.3039571694022723e-6
19.490000000000002	1.3019411312062534e-6
19.5	1.2999292519666416e-6
19.51	1.2979215209512286e-6
19.52	1.2959179274610628e-6
19.53	1.2939184608303249e-6
19.54	1.2919231104262154e-6
19.55	1.289931865648827e-6
19.56	1.2879447159310384e-6
19.57	1.2859616507383777e-6
19.580000000000002	1.2839826595689184e-6
19.59	1.2820077319531591e-6
19.6	1.2800368574539156e-6
19.61	1.2780700256661953e-6
19.62	1.2761072262170764e-6
19.63	1.2741484487655977e-6
19.64	1.2721936830026414e-6
19.650000000000002	1.2702429186508222e-6
19.66	1.2682961454643724e-6
19.67	1.266353353229026e-6
19.68	1.26441453176191e-6
19.69	1.262479670911426e-6
19.7	1.260548760557145e-6
19.71	1.2586217906096869e-6
19.72	1.2566987510106186e-6
19.73	1.2547796317323362e-6
19.740000000000002	1.252864422777958e-6
19.75	1.250953114181216e-6
19.76	1.2490456960063396e-6
19.77	1.247142158347957e-6
19.78	1.2452424913309756e-6
19.79	1.243346685110484e-6
19.8	1.2414547298716366e-6
19.81	1.2395666158295498e-6
19.82	1.2376823332291955e-6
19.830000000000002	1.2358018723452922e-6
19.84	1.2339252234822053e-6
19.85	1.232052376973835e-6
19.86	1.230183323183514e-6
19.87	1.228318052503902e-6
19.88	1.226456555356881e-6
19.89	1.2245988221934543e-6
19.900000000000002	1.2227448434936397e-6
19.91	1.2208946097663703e-6
19.92	1.2190481115493864e-6
19.93	1.2172053394091416e-6
19.94	1.2153662839406924e-6
19.95	1.2135309357676033e-6
19.96	1.2116992855418417e-6
19.97	1.2098713239436814e-6
19.98	1.2080470416815979e-6
19.990000000000002	1.2062264294921736e-6
20.	1.2044094781399965e-6