0.	0.
0.01	0.0001024573732567529
0.02	0.00020498445402009513
0.03	0.000307651068114133
0.04	0.00041052727837152103
0.05	0.0005136835040734067
0.06	0.0006171906415174768
0.07	0.0007211201860989991
0.08	0.0008255443562974469
0.09	0.0009305362199709914
0.1	0.001036169823372965
0.11	0.0011425203233183907
0.12	0.0012496641229449554
0.13	0.001357679011531525
0.14	0.0014666443088585392
0.15	0.0015766410146186272
0.16	0.0016877519634126649
0.17	0.001800061985896516
0.18	0.0019136580766770433
0.19	0.0020286295695929966
0.2	0.0021450683210572563
0.21	0.0022630689021821016
0.22	0.0023827288004589645
0.23	0.002504148631818947
0.24	0.00262743236396077
0.25	0.0027526875518992045
0.26	0.0028800255867600117
0.27	0.003009561958927739
0.28	0.003141416536740953
0.29	0.003275713862026534
0.3	0.0034125834638714546
0.31	0.0035521601921478865
0.32	0.003694584572436822
0.33	0.003840003184137785
0.34	0.003988569063709152
0.35000000000000003	0.0041404421351566145
0.36	0.004295789670078299
0.37	0.004454786779785822
0.38	0.004617616942253587
0.39	0.004784472566906217
0.4	0.004955555600539293
0.41000000000000003	0.005131078177984381
0.42	0.005311263321479781
0.43	0.005496345693097191
0.44	0.005686572405006425
0.45	0.005882203892840815
0.46	0.006083514857960576
0.47000000000000003	0.00629079528500747
0.48	0.0065043515418088775
0.49	0.006724507569431943
0.5	0.006951606171018643
0.51	0.007186010408961892
0.52	0.007428105121024437
0.53	0.007678298567170703
0.54	0.00793702422019471
0.55	0.008204742714704161
0.56	0.008481943970683652
0.5700000000000001	0.008769149509736375
0.58	0.009066914984221542
0.59	0.009375832941900608
0.6	0.009696535851417791
0.61	0.010029699417016601
0.62	0.010376046214387513
0.63	0.010736349683514706
0.64	0.011111438518915273
0.65	0.011502201502826458
0.66	0.011909592832794105
0.67	0.01233463800186496
0.68	0.012778440297320538
0.6900000000000001	0.013242187992771005
0.7000000000000001	0.013727162318639859
0.71	0.014234746307832643
0.72	0.014766434626956518
0.73	0.01532384451914479
0.74	0.015908728002705794
0.75	0.016522985490885173
0.76	0.01716868102251415
0.77	0.01784805932181744
0.78	0.018563564938894002
0.79	0.019317863761217524
0.8	0.02011386723195995
0.81	0.020954759664240746
0.8200000000000001	0.021844029103018716
0.8300000000000001	0.022785502260025334
0.84	0.023783384133998133
0.85	0.02484230303103808
0.86	0.025967361821218234
0.87	0.027164196411255122
0.88	0.028439042583477916
0.89	0.029798812553719082
0.9	0.03125118284133438
0.91	0.03280469533075768
0.92	0.034468873744577855
0.93	0.03625435815339365
0.9400000000000001	0.03817306062962116
0.9500000000000001	0.04023834572467014
0.96	0.04246524012674592
0.97	0.044870676656409515
0.98	0.04747377869559977
0.99	0.05029619223809116
1.	0.05336247400532339
1.01	0.05670054549037149
1.02	0.060342224353098585
1.03	0.0643238462330864
1.04	0.06868699165257657
1.05	0.07347933402275669
1.06	0.07875562544353185
1.07	0.08457883631916063
1.08	0.09102146167040338
1.09	0.09816699956731913
1.1	0.10611159238112569
1.11	0.11496579488509097
1.12	0.12485638734474702
1.1300000000000001	0.13592807550320982
1.1400000000000001	0.14834479621145738
1.1500000000000001	0.16229015356112803
1.16	0.17796621345544802
1.17	0.19558944507553924
1.18	0.2153819770823786
1.19	0.2375555211799314
1.2	0.2622843739297134
1.21	0.28966310145260643
1.22	0.31964448576005033
1.23	0.35195533422996833
1.24	0.38599383218882444
1.25	0.4207244872325214
1.26	0.45460581295092417
1.27	0.48560624458924406
1.28	0.5113696720725358
1.29	0.5295603809491867
1.3	0.5383371015853067
1.31	0.5368078602135695
1.32	0.5252756750278229
1.33	0.5051584297338159
1.34	0.4786220577743171
1.35	0.4480934916515381
1.36	0.41583562095984156
1.37	0.38368763569466874
1.3800000000000001	0.35297740160446606
1.3900000000000001	0.32455482321963997
1.4000000000000001	0.2988841141430156
1.41	0.2761482083463533
1.42	0.2563394417291195
1.43	0.239326654304388
1.44	0.22489808915116571
1.45	0.21278378421435046
1.46	0.2026631184491196
1.47	0.19416467942514995
1.48	0.18686739415056444
1.49	0.18031307496713528
1.5	0.17403871528072926
1.51	0.1676293288917193
1.52	0.16077945448500067
1.53	0.15334054866866523
1.54	0.1453323598635817
1.55	0.13691196671116854
1.56	0.12831445286420554
1.57	0.11978959286043306
1.58	0.11155435288755781
1.59	0.1037684959675908
1.6	0.09652990291797192
1.61	0.08988177819183366
1.62	0.08382454118814298
1.6300000000000001	0.07832794086848795
1.6400000000000001	0.07334161939762707
1.6500000000000001	0.06880408792975677
1.6600000000000001	0.06465069746972242
1.67	0.060820850522402
1.68	0.05726386687453034
1.69	0.053942354151127754
1.7	0.05083228922672905
1.71	0.047920180341868054
1.72	0.04519877136852773
1.73	0.042662973346081205
1.74	0.040307082577947656
1.75	0.038123487562671164
1.76	0.03610250978740594
1.77	0.034232879737553276
1.78	0.032502456379391656
1.79	0.030898961209389748
1.8	0.029410610293518033
1.81	0.028026576328563625
1.82	0.026737236970401923
1.83	0.025534204954231875
1.84	0.024410190549950632
1.85	0.023358784766129313
1.86	0.022374247690782074
1.87	0.021451350181507248
1.8800000000000001	0.020585277628373613
1.8900000000000001	0.019771581308793786
1.9000000000000001	0.0190061572287286
1.9100000000000001	0.0182852361276503
1.92	0.017605374150147186
1.93	0.01696343860793312
1.94	0.016356587191238878
1.95	0.01578224208817542
1.96	0.015238062188347837
1.97	0.01472191650144269
1.98	0.01423186066477513
1.99	0.013766116995094462
2.	0.013323057650961322
2.0100000000000002	0.012901190185896855
2.02	0.012499144843961389
2.0300000000000002	0.012115663143249782
2.04	0.011749587487410954
2.05	0.011399851691511918
2.06	0.011065472386137686
2.07	0.010745541277238632
2.08	0.010439218217192793
2.09	0.01014572501686707
2.1	0.009864339916057972
2.11	0.009594392631218817
2.12	0.009335259908625231
2.13	0.009086361522402416
2.14	0.008847156666929144
2.15	0.008617140700843408
2.16	0.008395842205319672
2.17	0.00818282032328139
2.18	0.007977662349565262
2.19	0.007779981545192982
2.2	0.007589415151899618
2.21	0.007405622585842731
2.22	0.0072282837919021145
2.23	0.007057097742157192
2.24	0.006891781064015733
2.25	0.0067320667851063195
2.2600000000000002	0.006577703183479
2.27	0.006428452732918685
2.2800000000000002	0.006284091134286479
2.29	0.006144406424784898
2.3000000000000003	0.006009198157906701
2.31	0.005878276647590242
2.32	0.005751462270777018
2.33	0.005628584823162568
2.34	0.005509482923459014
2.35	0.0053940034619552
2.36	0.0052820010895761
2.37	0.005173337744012529
2.38	0.0050678822098222335
2.39	0.004965509709696925
2.4	0.004866101524353064
2.41	0.004769544638739178
2.42	0.004675731412463566
2.43	0.004584559272535309
2.44	0.004495930426681906
2.45	0.004409751595659768
2.46	0.004325933763112085
2.47	0.004244391941652841
2.48	0.004165044953968751
2.49	0.0040878152278322165
2.5	0.00401262860401111
2.5100000000000002	0.003939414156144507
2.52	0.0038681040217296053
2.5300000000000002	0.003798633243434
2.54	0.003730939620010324
2.5500000000000003	0.003664963566147401
2.56	0.0036006479806442496
2.57	0.003537938122340786
2.58	0.0034767814932826413
2.59	0.0034171277286371353
2.6	0.003358928492913882
2.61	0.003302137382076845
2.62	0.003246709831165102
2.63	0.00319260302706775
2.64	0.0031397758261239588
2.65	0.003088188676243025
2.66	0.003037803543260821
2.67	0.0029885838412693102
2.68	0.002940494366674048
2.69	0.002893501235751733
2.7	0.0028475718254955163
2.71	0.002802674717550343
2.72	0.0027587796450538665
2.73	0.0027158574422110273
2.74	0.002673879996441716
2.75	0.002632820202951632
2.7600000000000002	0.0025926519215862327
2.77	0.002553349935836816
2.7800000000000002	0.002514889913876213
2.79	0.0024772483715094426
2.8000000000000003	0.0024404026369319095
2.81	0.00240433081719461
2.82	0.002369011766281971
2.83	0.002334425054713943
2.84	0.0023005509405893327
2.85	0.0022673703419924677
2.86	0.002234864810690083
2.87	0.002203016507049596
2.88	0.002171808176114255
2.89	0.002141223124774293
2.9	0.0021112451999769524
2.91	0.002081858767921555
2.92	0.0020530486941889164
2.93	0.0020248003247573523
2.94	0.0019970994678603212
2.95	0.0019699323766431917
2.96	0.0019432857325792047
2.97	0.001917146629606802
2.98	0.0018915025589527233
2.99	0.001866341394607171
3.	0.0018416513794193017
3.0100000000000002	0.0018174211117829384
3.02	0.0017936395328841663
3.0300000000000002	0.0017702959144838962
3.04	0.0017473798472100385
3.0500000000000003	0.0017248812293352157
3.06	0.0017027902560172782
3.0700000000000003	0.0016810974089810616
3.08	0.0016597934466210033
3.09	0.0016388693945052473
3.1	0.001618316536262958
3.11	0.0015981264048374388
3.12	0.0015782907740886005
3.13	0.0015588016507291714
3.14	0.0015396512665797973
3.15	0.0015208320711290163
3.16	0.0015023367243847138
3.17	0.0014841580900044377
3.18	0.0014662892286924996
3.19	0.001448723391852484
3.2	0.0014314540154842848
3.21	0.001414474714315385
3.22	0.0013977792761565814
3.23	0.0013813616564728715
3.24	0.0013652159731606447
3.25	0.0013493365015228213
3.2600000000000002	0.0013337176694339285
3.27	0.0013183540526875823
3.2800000000000002	0.001303240370519147
3.29	0.0012883714812967815
3.3000000000000003	0.0012737423783743525
3.31	0.0012593481861001062
3.3200000000000003	0.0012451841559752296
3.33	0.0012312456629567949
3.34	0.0012175282018998446
3.35	0.0012040273841336525
3.36	0.0011907389341674864
3.37	0.0011776586865214313
3.38	0.0011647825826781154
3.39	0.0011521066681513907
3.4	0.0011396270896682893
3.41	0.0011273400924607868
3.42	0.0011152420176641518
3.43	0.0011033292998188452
3.44	0.0010915984644732058
3.45	0.0010800461258843313
3.46	0.0010686689848148027
3.47	0.0010574638264231012
3.48	0.0010464275182458065
3.49	0.0010355570082698502
3.5	0.0010248493230933548
3.5100000000000002	0.0010143015661737758
3.52	0.0010039109161623422
3.5300000000000002	0.0009936746253239753
3.54	0.0009835900180421603
3.5500000000000003	0.0009736544894084706
3.56	0.0009638655038967266
3.5700000000000003	0.0009542205941220531
3.58	0.000944717359685399
3.59	0.0009353534661043986
3.6	0.0009261266438317991
3.61	0.000917034687363049
3.62	0.000908075454435021
3.63	0.0008992468653182934
3.64	0.0008905469022058599
3.65	0.0008819736087016583
3.66	0.0008735250894128476
3.67	0.0008651995096503962
3.68	0.0008569950952431876
3.69	0.0008489101324716132
3.7	0.0008409429681274298
3.71	0.0008330920097075731
3.72	0.000825355725750629
3.73	0.0008177326463258066
3.74	0.0008102213636854864
3.75	0.0008028205330938766
3.7600000000000002	0.000795528873845845
3.77	0.0007883451704918158
3.7800000000000002	0.0007812682742865907
3.79	0.0007742971048822489
3.8000000000000003	0.0007674306522878019
3.81	0.0007606679791211924
3.8200000000000003	0.0007540082231825049
3.83	0.0007474506003809652
3.84	0.0007409944080525536
3.85	0.0007346390287098928
3.86	0.0007283839342715637
3.87	0.0007222286908243269
3.88	0.0007161729639789324
3.89	0.0007102165248885061
3.9	0.0007043592570080036
3.91	0.0006986011636842084
3.92	0.0006929423766784048
3.93	0.0006873831657384545
3.94	0.000681923949353969
3.95	0.0006765653068478637
3.96	0.0006713079919804161
3.97	0.0006661529482684798
3.98	0.0006611013262534771
3.99	0.0006561545029879491
4.	0.0006513141040527865
4.01	0.0006465820284668816
4.0200000000000005	0.0006419604769092586
4.03	0.0006374519837423462
4.04	0.000633059453405912
4.05	0.0006287862018467087
4.0600000000000005	0.0006246360037617866
4.07	0.0006206131465672317
4.08	0.0006167224921627441
4.09	0.0006129695477509277
4.1	0.0006093605471941607
4.11	0.0006059025446584306
4.12	0.0006026035226106908
4.13	0.000599472516613766
4.14	0.0005965197598118158
4.15	0.000593756850532606
4.16	0.0005911969470647773
4.17	0.0005888549944143921
4.18	0.0005867479887211657
4.19	0.0005848952860354464
4.2	0.000583318963332392
4.21	0.0005820442409704251
4.22	0.0005810999772692288
4.23	0.0005805192474373683
4.24	0.0005803400206136753
4.25	0.0005806059500970673
4.26	0.0005813672925674049
4.2700000000000005	0.0005826819716323024
4.28	0.0005846167983516103
4.29	0.0005872488548274375
4.3	0.0005906670338264365
4.3100000000000005	0.0005949737034821738
4.32	0.0006002864247928132
4.33	0.0006067395807492895
4.34	0.0006144856643523837
4.3500000000000005	0.0006236957966358561
4.36	0.0006345587752220591
4.37	0.0006472775517750708
4.38	0.0006620614653839272
4.39	0.0006791118011007832
4.4	0.0006985973509949114
4.41	0.0007206158514152049
4.42	0.0007451370186784718
4.43	0.000771924540047122
4.44	0.0008004396403877822
4.45	0.0008297399022690629
4.46	0.0008584046294643973
4.47	0.0008845378306029213
4.48	0.0009059080351669171
4.49	0.0009202588803674487
4.5	0.0009257526056764438
4.51	0.0009214141207886134
4.5200000000000005	0.0009073941116461706
4.53	0.0008849272071022749
4.54	0.000856005626023143
4.55	0.0008229182382035907
4.5600000000000005	0.0007878325157458597
4.57	0.000752528292902658
4.58	0.0007182985387729608
4.59	0.0006859722865650897
4.6000000000000005	0.0006560003340466191
4.61	0.0006285574020420548
4.62	0.0006036345534065536
4.63	0.0005811117160408539
4.64	0.0005608095290684992
4.65	0.0005425238422975038
4.66	0.0005260472217215741
4.67	0.0005111814113842527
4.68	0.0004977438388695407
4.69	0.00048557038264251067
4.7	0.00047451590924743814
4.71	0.0004644535641762276
4.72	0.0004552734362138913
4.73	0.0004468809725314017
4.74	0.00043919536516001835
4.75	0.0004321480309620934
4.76	0.0004256812467893389
4.7700000000000005	0.00041974696540737473
4.78	0.0004143058167152149
4.79	0.0004093262866367397
4.8	0.00040478405862423214
4.8100000000000005	0.00040066149696510716
4.82	0.0003969472445316127
4.83	0.0003936358978037192
4.84	0.0003907277060705691
4.8500000000000005	0.0003882282160355282
4.86	0.00038614774294126676
4.87	0.00038450048923155714
4.88	0.0003833030463798751
4.89	0.00038257190326139836
4.9	0.00038231945548169505
4.91	0.0003825479021871816
4.92	0.0003832404219718122
4.93	0.00038434931669908994
4.94	0.0003857816817094746
4.95	0.0003873849078136059
4.96	0.0003889369834403345
4.97	0.00039014933725473516
4.98	0.00039069061499475837
4.99	0.00039023514394936096
5.	0.00038852855709137663
5.01	0.0003854496498503003
5.0200000000000005	0.0003810423930429856
5.03	0.0003755028237970693
5.04	0.00036912717873654446
5.05	0.0003622446520959775
5.0600000000000005	0.00035515961898510484
5.07	0.000348116961046566
5.08	0.0003412909353785488
5.09	0.0003347903944372571
5.1000000000000005	0.00032867188633505174
5.11	0.00032295437526820987
5.12	0.00031763220634821633
5.13	0.00031268511378614917
5.14	0.0003080852911897637
5.15	0.00030380204952058803
5.16	0.00029980469182934325
5.17	0.00029606415876867596
5.18	0.00029255387104173253
5.19	0.0002892500718351413
5.2	0.0002861318735135705
5.21	0.0002831811405324823
5.22	0.0002803822902832583
5.23	0.0002777220596579599
5.24	0.0002751892623148156
5.25	0.00027277454581999043
5.26	0.00027047014593627156
5.2700000000000005	0.00026826962506688087
5.28	0.00026616757176018514
5.29	0.0002641592277647111
5.3	0.0002622399996810283
5.3100000000000005	0.0002604048083365046
5.32	0.0002586472406315503
5.33	0.000256958513080762
5.34	0.00025532635590626084
5.3500000000000005	0.00025373409459053
5.36	0.00025216041239329526
5.37	0.000250580403119887
5.38	0.0002489683543860577
5.39	0.00024730206165695816
5.4	0.000245567506972078
5.41	0.00024376206710576435
5.42	0.00024189475785809574
5.43	0.00023998338481989764
5.44	0.000238049928809919
5.45	0.00023611602603668935
5.46	0.00023419985621382056
5.47	0.0002323147804914136
5.48	0.00023046935665181116
5.49	0.00022866812188667712
5.5	0.00022691262790211074
5.51	0.0002252024174484792
5.5200000000000005	0.00022353580915536188
5.53	0.00022191046761775116
5.54	0.00022032378728669344
5.55	0.00021877313417498814
5.5600000000000005	0.00021725598725616803
5.57	0.0002157700129944654
5.58	0.0002143130972421021
5.59	0.00021288335092134843
5.6000000000000005	0.0002114790999376106
5.61	0.00021009886543305574
5.62	0.00020874133739611227
5.63	0.00020740534245155114
5.64	0.0002060898052020698
5.65	0.0002047937018774068
5.66	0.00020351600573563811
5.67	0.00020225562649457161
5.68	0.0002010113519548867
5.69	0.00019978180883409207
5.7	0.00019856546862704206
5.71	0.0001973607252966861
5.72	0.00019616605441206465
5.73	0.00019498022481206068
5.74	0.00019380249092038223
5.75	0.00019263268116092975
5.76	0.00019147113797089637
5.7700000000000005	0.0001903185366839128
5.78	0.0001891756625167894
5.79	0.00018804322485078292
5.8	0.00018692174921603152
5.8100000000000005	0.00018581154516061438
5.82	0.00018471272527327044
5.83	0.0001836252479431765
5.84	0.0001825489642031448
5.8500000000000005	0.00018148365835530652
5.86	0.00018042907891120474
5.87	0.00017938496011721684
5.88	0.00017835103583458735
5.89	0.00017732704780043182
5.9	0.00017631275001515974
5.91	0.00017530791056987014
5.92	0.0001743123118179801
5.93	0.00017332574946792972
5.94	0.00017234803093907843
5.95	0.00017137897318047333
5.96	0.00017041840010908777
5.97	0.00016946613989864237
5.98	0.00016852202255468422
5.99	0.00016758587850439742
6.	0.00016665753914189916
6.01	0.0001657368400808604
6.0200000000000005	0.00016482362697222257
6.03	0.00016391776227658102
6.04	0.00016301913021469998
6.05	0.00016212763740684275
6.0600000000000005	0.0001612432086674381
6.07	0.00016036577976005022
6.08	0.00015949528997724963
6.09	0.00015863167674402362
6.1000000000000005	0.000157774872959465
6.11	0.00015692480660053923
6.12	0.00015608140165451835
6.13	0.0001552445795463068
6.140000000000001	0.00015441426053609572
6.15	0.00015359036484909137
6.16	0.00015277281348302426
6.17	0.0001519615287288232
6.18	0.0001511564344691055
6.19	0.0001503574563180591
6.2	0.0001495645216538106
6.21	0.0001487775595802546
6.22	0.0001479965008438733
6.23	0.0001472212777240407
6.24	0.0001464518239133348
6.25	0.00014568807440721232
6.26	0.00014492996542764415
6.2700000000000005	0.00014417743440683038
6.28	0.00014343042004569454
6.29	0.00014268886243188564
6.3	0.0001419527031631212
6.3100000000000005	0.00014122188540147988
6.32	0.00014049635380771922
6.33	0.0001397760543636076
6.34	0.0001390609341430768
6.3500000000000005	0.00013835094110420206
6.36	0.0001376460239460438
6.37	0.00013694613203619118
6.38	0.00013625121539040502
6.390000000000001	0.00013556122467987922
6.4	0.0001348761112470148
6.41	0.00013419582711882567
6.42	0.00013352032501365825
6.43	0.00013284955834074144
6.44	0.0001321834811937674
6.45	0.00013152204834013302
6.46	0.00013086521520732554
6.47	0.00013021293786762608
6.48	0.00012956517302203195
6.49	0.00012892187798414746
6.5	0.00012828301066475085
6.51	0.00012764852955773285
6.5200000000000005	0.00012701839372792012
6.53	0.00012639256280078438
6.54	0.00012577099695322701
6.55	0.00012515365690397392
6.5600000000000005	0.0001245405039022168
6.57	0.00012393149971414393
6.58	0.0001233266066082536
6.59	0.00012272578734093948
6.6000000000000005	0.00012212900514351526
6.61	0.00012153622371106363
6.62	0.00012094740719285102
6.63	0.00012036252018379637
6.640000000000001	0.00011978152771652404
6.65	0.0001192043952537008
6.66	0.00011863108868050686
6.67	0.00011806157429719553
6.68	0.00011749581881174458
6.69	0.00011693378933262141
6.7	0.00011637545336168495
6.71	0.00011582077878724411
6.72	0.00011526973387728896
6.73	0.00011472228727290581
6.74	0.00011417840798188698
6.75	0.00011363806537253574
6.76	0.00011310122916765741
6.7700000000000005	0.00011256786943871161
6.78	0.00011203795660009433
6.79	0.00011151146140352701
6.8	0.00011098835493255328
6.8100000000000005	0.00011046860859715757
6.82	0.00010995219412852785
6.83	0.00010943908357396927
6.84	0.00010892924929196721
6.8500000000000005	0.0001084226639473876
6.86	0.0001079193005068018
6.87	0.00010741913223392566
6.88	0.00010692213268516539
6.890000000000001	0.00010642827570526568
6.9	0.00010593753542305572
6.91	0.00010544988624729105
6.92	0.00010496530286258857
6.93	0.0001044837602254529
6.94	0.00010400523356039064
6.95	0.00010352969835611208
6.96	0.00010305713036181653
6.97	0.00010258750558356011
6.98	0.00010212080028070322
6.99	0.00010165699096243503
7.	0.00010119605438437326
7.01	0.00010073796754523746
7.0200000000000005	0.00010028270768359341
7.03	0.00009983025227466936
7.04	0.0000993805790272402
7.05	0.00009893366588058029
7.0600000000000005	0.00009848949100148255
7.07	0.00009804803278134243
7.08	0.00009760926983330553
7.09	0.00009717318098947825
7.1000000000000005	0.00009673974529819959
7.11	0.00009630894202137439
7.12	0.0000958807506318658
7.13	0.0000954551508109477
7.140000000000001	0.00009503212244581555
7.15	0.00009461164562715582
7.16	0.00009419370064677268
7.17	0.00009377826799527351
7.18	0.00009336532835981041
7.19	0.0000929548626218804
7.2	0.0000925468518551828
7.21	0.00009214127732353366
7.22	0.00009173812047883949
7.23	0.00009133736295912866
7.24	0.00009093898658664277
7.25	0.00009054297336598738
7.26	0.0000901493054823447
7.2700000000000005	0.00008975796529974803
7.28	0.0000893689353594204
7.29	0.00008898219837817811
7.3	0.0000885977372469021
7.3100000000000005	0.00008821553502907867
7.32	0.0000878355749594121
7.33	0.00008745784044251213
7.34	0.00008708231505165954
7.3500000000000005	0.00008670898252765317
7.36	0.0000863378267777426
7.37	0.00008596883187465092
7.38	0.00008560198205569264
7.390000000000001	0.00008523726172199223
7.4	0.00008487465543781021
7.41	0.00008451414792998277
7.42	0.00008415572408748411
7.43	0.00008379936896111882
7.44	0.00008344506776335578
7.45	0.00008309280586831328
7.46	0.00008274256881190799
7.47	0.00008239434229218202
7.48	0.00008204811216982273
7.49	0.0000817038644688933
7.5	0.00008136158537779236
7.51	0.00008102126125046558
7.5200000000000005	0.00008068287860789226
7.53	0.00008034642413987594
7.54	0.00008001188470716756
7.55	0.0000796792473439582
7.5600000000000005	0.00007934849926077876
7.57	0.00007901962784785209
7.58	0.00007869262067894623
7.59	0.00007836746551578646
7.6000000000000005	0.00007804415031309
7.61	0.00007772266322429571
7.62	0.00007740299260807252
7.63	0.00007708512703570048
7.640000000000001	0.00007676905529943201
7.65	0.00007645476642195712
7.66	0.00007614224966711252
7.67	0.00007583149455199717
7.68	0.00007552249086067872
7.69	0.00007521522865970539
7.7	0.00007490969831566813
7.71	0.000074605890515098
7.72	0.00007430379628702709
7.73	0.000074003407028593
7.74	0.00007370471453413035
7.75	0.00007340771102826242
7.76	0.00007311238920359261
7.7700000000000005	0.00007281874226369564
7.78	0.00007252676397222702
7.79	0.00007223644870910971
7.8	0.0000719477915349249
7.8100000000000005	0.00007166078826483021
7.82	0.00007137543555356676
7.83	0.00007109173099339418
7.84	0.00007080967322712808
7.8500000000000005	0.00007052926207885142
7.86	0.00007025049870534225
7.87	0.00006997338577182262
7.88	0.00006969792765629811
7.890000000000001	0.00006942413068754116
7.9	0.00006915200342269491
7.91	0.00006888155697154757
7.92	0.00006861280537576495
7.930000000000001	0.0000683457660527701
7.94	0.00006808046031550635
7.95	0.00006781691398096044
7.96	0.00006755515808194298
7.97	0.00006729522969801515
7.98	0.00006703717292223578
7.99	0.00006678103997994166
8.	0.0000665268925130023
8.01	0.00006627480303616333
8.02	0.00006602485655841493
8.03	0.00006577715233735087
8.040000000000001	0.0000655318056913031
8.05	0.000065288949722027
8.06	0.00006504873668400958
8.07	0.00006481133855214664
8.08	0.00006457694605620354
8.09	0.00006434576502907116
8.1	0.0000641180083165232
8.11	0.00006389388069991858
8.120000000000001	0.00006367355334316717
8.13	0.00006345712342090633
8.14	0.00006324455440227923
8.15	0.00006303559413696074
8.16	0.0000628296733486785
8.17	0.00006262579867637488
8.18	0.00006242247287771776
8.19	0.00006221769575493764
8.2	0.00006200910840105973
8.21	0.00006179431758666908
8.22	0.00006157136220436121
8.23	0.00006133918385189378
8.24	0.00006109790997078888
8.25	0.00006084881634363212
8.26	0.00006059398725789082
8.27	0.0000603358298010629
8.28	0.000060076630224862604
8.290000000000001	0.00005981826930067051
8.3	0.000059562114438552706
8.31	0.000059309041968325304
8.32	0.000059059526833666134
8.33	0.00005881375041059691
8.34	0.000058571698399451354
8.35	0.00005833323780500778
8.36	0.00005809817204697448
8.370000000000001	0.00005786627766889348
8.38	0.00005763732723747113
8.39	0.000057411102616954034
8.4	0.00005718740189555
8.41	0.00005696604232112769
8.42	0.000056746860849677426
8.43	0.00005652971335278634
8.44	0.00005631447314297974
8.45	0.00005610102921739706
8.46	0.00005588928445323294
8.47	0.000055679153883223824
8.48	0.00005547056311496504
8.49	0.000055263446919454924
8.5	0.00005505774799229155
8.51	0.00005485341587911959
8.52	0.000054650406051218975
8.53	0.00005444867911502417
8.540000000000001	0.00005424820013929572
8.55	0.00005404893808468321
8.56	0.00005385086532195115
8.57	0.00005365395722685582
8.58	0.00005345819184138122
8.59	0.00005326354959266751
8.6	0.000053070013062462446
8.61	0.000052877566801275784
8.620000000000001	0.00005268619718263252
8.63	0.000052495892293910544
8.64	0.00005230664186123016
8.65	0.00005211843720674907
8.66	0.00005193127123750942
8.67	0.00005174513846567866
8.68	0.00005156003506059352
8.69	0.00005137595893339791
8.700000000000001	0.000051192909855146785
8.71	0.000051010889608843745
8.72	0.00005082990217466636
8.73	0.000050649953945105847
8.74	0.00005047105396209273
8.75	0.000050293214160138124
8.76	0.00005011644958618078
8.77	0.00004994077854535452
8.78	0.000049766222588265024
8.790000000000001	0.000049592806204249954
8.8	0.00004942055601023219
8.81	0.00004924949912071843
8.82	0.000049079660251399935
8.83	0.000048911056963063416
8.84	0.000048743692347079824
8.85	0.000048577544510438325
8.86	0.00004841255266406428
8.870000000000001	0.00004824860078725155
8.88	0.00004808550204851333
8.89	0.00004792299030655477
8.9	0.00004776072787140772
8.91	0.000047598338416479336
8.92	0.00004743546702094832
8.93	0.00004727185539432454
8.94	0.00004710740625154047
8.950000000000001	0.00004694220866286729
8.96	0.00004677651213554921
8.97	0.00004661066193432054
8.98	0.000046445023895813523
8.99	0.0000462799246519586
9.	0.0000461156190294797
9.01	0.000045952282522163457
9.02	0.0000457900199099182
9.03	0.000045628880866286025
9.040000000000001	0.000045468876268776946
9.05	0.000045309992063108125
9.06	0.000045152199727217686
9.07	0.00004499546353966061
9.08	0.00004483974529656535
9.09	0.00004468500717509863
9.1	0.000044531213334941005
9.11	0.00004437833070343859
9.120000000000001	0.00004422632925725489
9.13	0.00004407518200960086
9.14	0.000043924864837519275
9.15	0.00004377535623276701
9.16	0.00004362663702631592
9.17	0.00004347869011505909
9.18	0.00004333150020595585
9.19	0.00004318505358475259
9.200000000000001	0.000043039337911670134
9.21	0.0000428943420437925
9.22	0.000042750055882517935
9.23	0.00004260647024382484
9.24	0.0000424635767489413
9.25	0.000042321367733086356
9.26	0.00004217983617015107
9.27	0.0000420389756114322
9.28	0.00004189878013676882
9.290000000000001	0.00004175924431662762
9.3	0.00004162036318379728
9.31	0.00004148213221334408
9.32	0.0000413445473092872
9.33	0.00004120760479597248
9.34	0.000041071301411222147
9.35	0.000040935634296791774
9.36	0.00004080060097917969
9.370000000000001	0.000040666199330001215
9.38	0.00004053242748950124
9.39	0.000040399283728936956
9.4	0.00004026676621759027
9.41	0.00004013487264940324
9.42	0.000040003599676877406
9.43	0.000039872942105441945
9.44	0.000039742891837445236
9.450000000000001	0.00003961343664647527
9.46	0.00003948455903241562
9.47	0.000039356235644066957
9.48	0.000039228437960768276
9.49	0.000039101134877191796
9.5	0.00003897429728254195
9.51	0.00003884790366615286
9.52	0.00003872194476532706
9.53	0.000038596425199222356
9.540000000000001	0.000038471361296326344
9.55	0.00003834677615939485
9.56	0.00003822269409960264
9.57	0.00003809913631317452
9.58	0.00003797611859609662
9.59	0.0000378536508876746
9.6	0.00003773173796517365
9.61	0.000037610380618751077
9.620000000000001	0.00003748957685610745
9.63	0.000037369322916348176
9.64	0.000037249614030164905
9.65	0.000037130444945128375
9.66	0.000037011810264921356
9.67	0.000036893704654104165
9.68	0.00003677612295168306
9.69	0.00003665906022589432
9.700000000000001	0.00003654251179286745
9.71	0.00003642647321427263
9.72	0.000036310940283645084
9.73	0.00003619590900739433
9.74	0.00003608137558408689
9.75	0.00003596733638404651
9.76	0.00003585378793035564
9.77	0.00003574072688176036
9.78	0.00003562815001764002
9.790000000000001	0.000035516054225010567
9.8	0.00003540443648742886
9.81	0.00003529329387561347
9.82	0.00003518262353957236
9.83	0.000035072422702008865
9.84	0.00003496268865275254
9.85	0.0000348534187439146
9.86	0.0000347446103853849
9.870000000000001	0.000034636261040149625
9.88	0.0000345283682186922
9.89	0.000034420929471425254
9.9	0.00003431394237767641
9.91	0.000034207404529246655
9.92	0.00003410131350610565
9.93	0.000033995666841710976
9.94	0.000033890461976392195
9.950000000000001	0.000033785696200292494
9.96	0.00003368136659375972
9.97	0.00003357746998325997
9.98	0.00003347400294231188
9.99	0.000033370961871609374
10.	0.0000332683431778477
10.01	0.000033166143529249684
10.02	0.00003306436011124914
10.03	0.000032962990777498456
10.040000000000001	0.000032862034024763636
10.05	0.00003276148880371191
10.06	0.00003266135425228178
10.07	0.000032561629454069815
10.08	0.00003246231328448886
10.09	0.00003236340435335799
10.1	0.000032264901017969566
10.11	0.00003216680143234466
10.120000000000001	0.00003206910360595922
10.13	0.00003197180545683847
10.14	0.00003187490485317079
10.15	0.00003177839964299756
10.16	0.00003168228767390347
10.17	0.00003158656680521932
10.18	0.00003149123491501626
10.19	0.00003139628990367137
10.200000000000001	0.00003130172969528352
10.21	0.00003120755223780813
10.22	0.00003111375550247705
10.23	0.00003102033748286007
10.24	0.00003092729619378434
10.25	0.000030834629670237294
10.26	0.00003074233596632173
10.27	0.000030650413154296595
10.28	0.00003055885932371498
10.290000000000001	0.000030467672580658375
10.3	0.000030376851047057325
10.31	0.000030286392860082262
10.32	0.000030196296171582624
10.33	0.000030106559147544065
10.34	0.00003001717996752365
10.35	0.000029928156824009195
10.36	0.000029839487921632056
10.370000000000001	0.000029751171476146986
10.38	0.000029663205713087668
10.39	0.000029575588866032756
10.4	0.000029488319174510057
10.41	0.0000294013948817688
10.42	0.000029314814232984318
10.43	0.00002922857547486003
10.44	0.00002914267685781052
10.450000000000001	0.00002905711664152587
10.46	0.000028971893103412752
10.47	0.00002888700454752307
10.48	0.0000288024493103809
10.49	0.00002871822576094021
10.5	0.00002863433229463777
10.51	0.000028550767324262787
10.52	0.00002846752927123818
10.53	0.000028384616559740876
10.540000000000001	0.00002830202761420251
10.55	0.000028219760859407246
10.56	0.000028137814722000325
10.57	0.00002805618763243245
10.58	0.000027974878026763533
10.59	0.000027893884348086628
10.6	0.000027813205047537217
10.61	0.00002773283858494742
10.620000000000001	0.000027652783429230755
10.63	0.00002757303805857832
10.64	0.000027493600960529962
10.65	0.000027414470631967143
10.66	0.000027335645579058915
10.67	0.000027257124317181834
10.68	0.000027178905370826977
10.69	0.000027100987273501915
10.700000000000001	0.000027023368567632277
10.71	0.000026946047804465392
10.72	0.00002686902354397697
10.73	0.000026792294354781137
10.74	0.00002671585881404331
10.75	0.000026639715507394975
10.76	0.000026563863028848845
10.77	0.000026488299980712503
10.78	0.00002641302497349816
10.790000000000001	0.00002633803662582576
10.8	0.00002626333356431761
10.81	0.0000261889144234844
10.82	0.00002611477784560806
10.83	0.00002604092248063467
10.84	0.000025967346986101853
10.85	0.000025894050027131573
10.86	0.00002582103027651192
10.870000000000001	0.000025748286414859838
10.88	0.000025675817130807632
10.89	0.000025603621121119675
10.9	0.0000255316970906604
10.91	0.00002546004375220278
10.92	0.000025388659826141975
10.93	0.00002531754404020982
10.94	0.00002524669512925976
10.950000000000001	0.000025176111835142178
10.96	0.000025105792906652396
10.97	0.000025035737099519987
10.98	0.000024965943176412686
10.99	0.00002489640990693844
11.	0.00002482713606763804
11.01	0.000024758120441967363
11.02	0.000024689361820270292
11.03	0.0000246208589997447
11.040000000000001	0.00002455261078440354
11.05	0.00002448461598503297
11.06	0.000024416873419148507
11.07	0.000024349381910950364
11.08	0.000024282140291278356
11.09	0.000024215147397566806
11.1	0.000024148402073799605
11.11	0.00002408190317046568
11.120000000000001	0.000024015649544514783
11.13	0.000023949640059313602
11.14	0.000023883873584602428
11.15	0.00002381834899645194
11.16	0.000023753065177220494
11.17	0.000023688021015511486
11.18	0.000023623215406130952
11.19	0.000023558647250045387
11.200000000000001	0.00002349431545433977
11.21	0.00002343021893217631
11.22	0.00002336635660275413
11.23	0.00002330272739127089
11.24	0.000023239330228886468
11.25	0.000023176164052688704
11.26	0.000023113227805659848
11.27	0.00002305052043664163
11.28	0.000022988040900297513
11.290000000000001	0.000022925788157071896
11.3	0.00002286376117314778
11.31	0.00002280195892040498
11.32	0.000022740380376379987
11.33	0.000022679024524228247
11.34	0.000022617890352688092
11.35	0.00002255697685604578
11.36	0.000022496283034101228
11.370000000000001	0.00002243580789213383
11.38	0.00002237555044086847
11.39	0.00002231550969644155
11.4	0.000022255684680367194
11.41	0.00002219607441950353
11.42	0.00002213667794601914
11.43	0.000022077494297359912
11.44	0.000022018522516215945
11.450000000000001	0.000021959761650488858
11.46	0.000021901210753259414
11.47	0.00002184286888275534
11.48	0.000021784735102319538
11.49	0.000021726808480378614
11.5	0.00002166908809041174
11.51	0.00002161157301091977
11.52	0.000021554262325394775
11.53	0.000021497155122289923
11.540000000000001	0.00002144025049498965
11.55	0.00002138354754178024
11.56	0.000021327045365820768
11.57	0.000021270743075114435
11.58	0.000021214639782480368
11.59	0.00002115873460552575
11.6	0.000021103026666618625
11.61	0.00002104751509286096
11.620000000000001	0.00002099219901606224
11.63	0.000020937077572713674
11.64	0.00002088214990396259
11.65	0.000020827415155587587
11.66	0.000020772872477974162
11.67	0.000020718521026091114
11.68	0.000020664359959467548
11.69	0.000020610388442170767
11.700000000000001	0.00002055660564278492
11.71	0.00002050301073439065
11.72	0.000020449602894545533
11.73	0.000020396381305265732
11.74	0.00002034334515300878
11.75	0.000020290493628657583
11.76	0.000020237825927505878
11.77	0.000020185341249245242
11.78	0.000020133038797953947
11.790000000000001	0.00002008091778208768
11.8	0.00002002897741447247
11.81	0.000019977216912300183
11.82	0.00001992563549712666
11.83	0.000019874232394873222
11.84	0.000019823006835831587
11.85	0.000019771958054672946
11.86	0.000019721085290461644
11.870000000000001	0.000019670387786674306
11.88	0.000019619864791224897
11.89	0.000019569515556496978
11.9	0.00001951933933938387
11.91	0.0000194693354013383
11.92	0.00001941950300843282
11.93	0.000019369841431432756
11.94	0.000019320349945883785
11.950000000000001	0.00001927102783221651
11.96	0.00001922187437587103
11.97	0.00001917288886744455
11.98	0.00001912407060286643
11.99	0.00001907541888360535
12.	0.000019026933016913743
12.01	0.000018978612316117007
12.02	0.000018930456100954493
12.030000000000001	0.000018882463697982097
12.040000000000001	0.00001883463444104694
12.05	0.000018786967671846982
12.06	0.00001873946274058989
12.07	0.000018692119006767673
12.08	0.000018644935840065346
12.09	0.000018597912621422855
12.1	0.00001855104874426987
12.11	0.000018504343615950727
12.120000000000001	0.00001845779665935049
12.13	0.000018411407314720462
12.14	0.000018365175041676623
12.15	0.000018319099321302558
12.16	0.00001827317965821596
12.17	0.000018227415582340578
12.18	0.000018181806649938324
12.19	0.000018136352443165764
12.200000000000001	0.000018091052566982444
12.21	0.000018045906641606633
12.22	0.000018000914287852693
12.23	0.00001795607510161816
12.24	0.00001791138861270111
12.25	0.000017866854222542576
12.26	0.000017822471116534398
12.27	0.00001777823815119759
12.280000000000001	0.00001773415372749872
12.290000000000001	0.000017690215680777818
12.3	0.000017646421242645546
12.31	0.000017602767148079543
12.32	0.00001755924994703177
12.33	0.000017515866510452452
12.34	0.000017472614605851572
12.35	0.00001742949332580265
12.36	0.000017386503174514332
12.370000000000001	0.00001734364577026805
12.38	0.00001730092330490495
12.39	0.000017258337985250433
12.4	0.000017215891629717406
12.41	0.000017173585477086368
12.42	0.000017131420170823945
12.43	0.000017089395846136647
12.44	0.000017047512254566362
12.450000000000001	0.000017005768885106866
12.46	0.00001696416506326729
12.47	0.0000169227000239555
12.48	0.000016881372961110742
12.49	0.00001684018305933242
12.5	0.000016799129512689696
12.51	0.00001675821153493274
12.52	0.000016717428364214677
12.530000000000001	0.00001667677926447317
12.540000000000001	0.000016636263524891827
12.55	0.00001659588045834573
12.56	0.00001655562939938753
12.57	0.00001651550970210301
12.58	0.00001647552073802111
12.59	0.00001643566189417396
12.6	0.00001639593257134874
12.61	0.000016356332182542274
12.620000000000001	0.000016316860151611593
12.63	0.00001627751591210554
12.64	0.00001623829890625835
12.65	0.000016199208584125702
12.66	0.00001616024440284446
12.67	0.000016121405825998905
12.68	0.000016082692323078057
12.69	0.00001604410336901082
12.700000000000001	0.000016005638443767417
12.71	0.000015967297032017236
12.72	0.00001592907862283469
12.73	0.000015890982709446148
12.74	0.000015853008789011808
12.75	0.00001581515636243772
12.76	0.00001577742493421361
12.77	0.00001573981401227305
12.780000000000001	0.00001570232310787321
12.790000000000001	0.000015664951735491603
12.8	0.000015627699412738088
12.81	0.000015590565660280333
12.82	0.000015553550001781727
12.83	0.0000155166519638507
12.84	0.00001547987107600078
12.85	0.000015443206870621105
12.86	0.000015406658882957062
12.870000000000001	0.000015370226651101374
12.88	0.000015333909715995894
12.89	0.000015297707621444638
12.9	0.000015261619914139165
12.91	0.000015225646143697294
12.92	0.000015189785862716908
12.93	0.000015154038626846456
12.94	0.000015118403994874607
12.950000000000001	0.000015082881528841393
12.96	0.000015047470794173865
12.97	0.000015012171359849036
12.98	0.000014976982798587042
12.99	0.000014941904687076812
13.	0.000014906936606234936
13.01	0.000014872078141495652
13.02	0.000014837328883124924
13.030000000000001	0.000014802688426542338
13.040000000000001	0.000014768156372620214
13.05	0.000014733732327905253
13.06	0.00001469941590467121
13.07	0.000014665206720653498
13.08	0.00001463110439823277
13.09	0.000014597108562715506
13.1	0.00001456321883920474
13.11	0.000014529434847375646
13.120000000000001	0.000014495756193322532
13.13	0.000014462182457649924
13.14	0.000014428713179387472
13.15	0.000014395347836500012
13.16	0.000014362085826157217
13.17	0.00001432892645157359
13.18	0.000014295868926021997
13.19	0.000014262912405508946
13.200000000000001	0.000014230056055231484
13.21	0.000014197299139479319
13.22	0.00001416464110630964
13.23	0.000014132081631306498
13.24	0.000014099620599555903
13.25	0.000014067258034602582
13.26	0.000014034994006420807
13.27	0.000014002828552387176
13.280000000000001	0.000013970761629889538
13.290000000000001	0.000013938793101149051
13.3	0.000013906922740400414
13.31	0.000013875150251837765
13.32	0.000013843475289764012
13.33	0.000013811897476329035
13.34	0.00001378041641521677
13.35	0.000013749031701308804
13.36	0.00001371774292704438
13.370000000000001	0.000013686549686337959
13.38	0.000013655451576812277
13.39	0.000013624448200929914
13.4	0.000013593539166438174
13.41	0.000013562724086407
13.42	0.000013532002579041496
13.43	0.000013501374267382433
13.44	0.000013470838778963545
13.450000000000001	0.000013440395745464958
13.46	0.000013410044802384528
13.47	0.000013379785588737191
13.48	0.000013349617746786422
13.49	0.000013319540921807741
13.5	0.00001328955476188253
13.51	0.000013259658917719364
13.52	0.000013229853042499666
13.530000000000001	0.000013200136791744731
13.540000000000001	0.00001317050982320125
13.55	0.000013140971796742588
13.56	0.000013111522374283815
13.57	0.000013082161219708347
13.58	0.000013052887998804542
13.59	0.000013023702379211002
13.6	0.000012994604030369111
13.61	0.000012965592623482155
13.620000000000001	0.000012936667831479961
13.63	0.000012907829328988552
13.64	0.000012879076792304191
13.65	0.000012850409899371567
13.66	0.000012821828329765591
13.67	0.000012793331764676867
13.68	0.000012764919886900497
13.69	0.000012736592380828269
13.700000000000001	0.000012708348932444248
13.71	0.000012680189229323719
13.72	0.000012652112960635639
13.73	0.000012624119817148499
13.74	0.000012596209491239456
13.75	0.000012568381676906396
13.76	0.00001254063606978183
13.77	0.000012512972367146982
13.780000000000001	0.000012485390267942715
13.790000000000001	0.000012457889472771853
13.8	0.000012430469683883672
13.81	0.0000124031306051264
13.82	0.000012375871941845252
13.83	0.000012348693400693525
13.84	0.000012321594689310897
13.85	0.00001229457551580994
13.86	0.00001226763558800478
13.870000000000001	0.000012240774612328966
13.88	0.000012213992292446955
13.89	0.000012187288327698606
13.9	0.00001216066241175152
13.91	0.000012134114232140163
13.92	0.000012107643471587184
13.93	0.000012081249811827134
13.94	0.00001205493293979825
13.950000000000001	0.000012028692554663602
13.96	0.00001200252837301018
13.97	0.000011976440129855948
13.98	0.000011950427574970432
13.99	0.00001192449046625047
14.	0.000011898628562899392
14.01	0.000011872841620515109
14.02	0.00001184712938877041
14.030000000000001	0.000011821491611230698
14.040000000000001	0.000011795928026418714
14.05	0.000011770438369331895
14.06	0.000011745022372914223
14.07	0.000011719679769257562
14.08	0.000011694410290483292
14.09	0.000011669213669340445
14.1	0.000011644089639584523
14.11	0.000011619037936200397
14.120000000000001	0.00001159405829552044
14.13	0.000011569150455276099
14.14	0.000011544314154608796
14.15	0.000011519549134057568
14.16	0.00001149485513553444
14.17	0.000011470231902294262
14.18	0.000011445679178902986
14.19	0.000011421196711206748
14.200000000000001	0.000011396784246302753
14.21	0.000011372441532512626
14.22	0.000011348168319358208
14.23	0.000011323964357539848
14.24	0.000011299829398916947
14.25	0.000011275763196490532
14.26	0.00001125176550438754
14.27	0.000011227836077846871
14.280000000000001	0.000011203974673206525
14.290000000000001	0.000011180181047892168
14.3	0.000011156454960406583
14.31	0.000011132796170319988
14.32	0.000011109204438261253
14.33	0.000011085679525909667
14.34	0.000011062221195987388
14.35	0.000011038829212252382
14.36	0.000011015503339491933
14.370000000000001	0.000010992243343516484
14.38	0.000010969048991153996
14.39	0.000010945920050244605
14.4	0.000010922856289635645
14.41	0.000010899857479176878
14.42	0.000010876923389715883
14.43	0.00001085405379309339
14.44	0.000010831248462138266
14.450000000000001	0.000010808507170661671
14.46	0.00001078582969344964
14.47	0.000010763215806252949
14.48	0.000010740665285772602
14.49	0.000010718177909638603
14.5	0.00001069575345637911
14.51	0.000010673391705376626
14.52	0.000010651092436808908
14.530000000000001	0.000010628855431575131
14.540000000000001	0.000010606680471215084
14.55	0.000010584567337841107
14.56	0.000010562515814117496
14.57	0.000010540525683331594
14.58	0.000010518596729589473
14.59	0.000010496728738123901
14.6	0.000010474921495632335
14.61	0.00001045317479051253
14.620000000000001	0.000010431488412885164
14.63	0.000010409862154390404
14.64	0.000010388295807851888
14.65	0.000010366789166943354
14.66	0.000010345342025955221
14.67	0.000010323954179688288
14.68	0.000010302625423448525
14.69	0.000010281355553099018
14.700000000000001	0.000010260144365131144
14.71	0.000010238991656731968
14.72	0.00001021789722583786
14.73	0.000010196860871172537
14.74	0.000010175882392271433
14.75	0.00001015496158949566
14.76	0.000010134098264038579
14.77	0.000010113292217927503
14.780000000000001	0.000010092543254022257
14.790000000000001	0.000010071851176011876
14.8	0.000010051215788410258
14.81	0.000010030636896551236
14.82	0.00001001011430658348
14.83	9.989647825465305e-6
14.84	9.969237260959578e-6
14.85	9.948882421628728e-6
14.86	9.928583116829888e-6
14.870000000000001	9.90833915671021e-6
14.88	9.888150352202304e-6
14.89	9.868016515019755e-6
14.9	9.847937457652885e-6
14.91	9.827912993364483e-6
14.92	9.807942936185723e-6
14.93	9.788027100912135e-6
14.94	9.768165303099663e-6
14.950000000000001	9.748357359060773e-6
14.96	9.728603085860674e-6
14.97	9.70890230131351e-6
14.98	9.689254823978704e-6
14.99	9.669660473157269e-6
15.	9.650119068888229e-6
15.01	9.630630431944981e-6
15.02	9.611194383831793e-6
15.030000000000001	9.591810746780222e-6
15.040000000000001	9.57247934374558e-6
15.05	9.55319999840333e-6
15.06	9.533972535145373e-6
15.07	9.514796779076244e-6
15.08	9.495672556009015e-6
15.09	9.476599692460831e-6
15.1	9.457578015648041e-6
15.11	9.438607353480737e-6
15.120000000000001	9.419687534556865e-6
15.13	9.400818388156298e-6
15.14	9.381999744235648e-6
15.15	9.363231433425292e-6
15.16	9.344513287030061e-6
15.17	9.32584513703445e-6
15.18	9.30722681611115e-6
15.19	9.28865815762936e-6
15.200000000000001	9.270138995657987e-6
15.21	9.251669164960863e-6
15.22	9.233248500984602e-6
15.23	9.214876839843406e-6
15.24	9.196554018305134e-6
15.25	9.178279873781584e-6
15.26	9.160054244323082e-6
15.27	9.141876968616166e-6
15.280000000000001	9.123747885982886e-6
15.290000000000001	9.105666836380438e-6
15.3	9.087633660400555e-6
15.31	9.069648199268375e-6
15.32	9.051710294840821e-6
15.33	9.03381978960449e-6
15.34	9.01597652667327e-6
15.35	8.998180349785722e-6
15.36	8.980431103302357e-6
15.370000000000001	8.962728632202783e-6
15.38	8.94507278208284e-6
15.39	8.927463399151734e-6
15.4	8.909900330229143e-6
15.41	8.89238342274235e-6
15.42	8.87491252472335e-6
15.43	8.85748748480606e-6
15.44	8.840108152223458e-6
15.450000000000001	8.822774376804789e-6
15.46	8.805486008972771e-6
15.47	8.78824289974084e-6
15.48	8.771044900710392e-6
15.49	8.753891864068059e-6
15.5	8.736783642582978e-6
15.51	8.719720089604123e-6
15.52	8.702701059057597e-6
15.530000000000001	8.685726405443982e-6
15.540000000000001	8.668795983835684e-6
15.55	8.65190964987431e-6
15.56	8.635067259768021e-6
15.57	8.61826867028898e-6
15.58	8.601513738770682e-6
15.59	8.584802323105461e-6
15.6	8.568134281741854e-6
15.610000000000001	8.551509473682079e-6
15.620000000000001	8.534927758479465e-6
15.63	8.51838899623591e-6
15.64	8.501893047599318e-6
15.65	8.48543977376107e-6
15.66	8.469029036453451e-6
15.67	8.452660697947127e-6
15.68	8.436334621048627e-6
15.69	8.420050669097945e-6
15.700000000000001	8.403808705966208e-6
15.71	8.387608596053517e-6
15.72	8.371450204286857e-6
15.73	8.355333396117993e-6
15.74	8.339258037521274e-6
15.75	8.323223994991166e-6
15.76	8.307231135539667e-6
15.77	8.291279326693605e-6
15.780000000000001	8.27536843649207e-6
15.790000000000001	8.259498333483897e-6
15.8	8.243668886725344e-6
15.81	8.227879965777785e-6
15.82	8.212131440705547e-6
15.83	8.196423182073657e-6
15.84	8.180755060945693e-6
15.85	8.165126948881553e-6
15.860000000000001	8.149538717935295e-6
15.870000000000001	8.133990240652897e-6
15.88	8.118481390070082e-6
15.89	8.103012039710124e-6
15.9	8.087582063581665e-6
15.91	8.072191336176536e-6
15.92	8.0568397324676e-6
15.93	8.041527127906584e-6
15.94	8.026253398421951e-6
15.950000000000001	8.011018420416763e-6
15.96	7.995822070766549e-6
15.97	7.980664226817217e-6
15.98	7.965544766382928e-6
15.99	7.950463567744024e-6
16.	7.93542050964495e-6
16.01	7.920415471292184e-6
16.02	7.905448332352181e-6
16.03	7.890518972949329e-6
16.04	7.875627273663928e-6
16.05	7.860773115530131e-6
16.06	7.845956380033985e-6
16.07	7.83117694911137e-6
16.080000000000002	7.816434705146062e-6
16.09	7.801729530967719e-6
16.1	7.787061309849913e-6
16.11	7.772429925508196e-6
16.12	7.757835262098111e-6
16.13	7.743277204213297e-6
16.14	7.728755636883522e-6
16.15	7.714270445572803e-6
16.16	7.699821516177442e-6
16.17	7.6854087350242e-6
16.18	7.67103198886838e-6
16.19	7.656691164891915e-6
16.2	7.642386150701573e-6
16.21	7.628116834327086e-6
16.22	7.613883104219304e-6
16.23	7.59968484924838e-6
16.240000000000002	7.585521958701974e-6
16.25	7.571394322283434e-6
16.26	7.557301830109994e-6
16.27	7.54324437271101e-6
16.28	7.529221841026158e-6
16.29	7.5152341264037204e-6
16.3	7.5012811205988e-6
16.31	7.487362715771659e-6
16.32	7.473478804485961e-6
16.330000000000002	7.459629279707121e-6
16.34	7.445814034800645e-6
16.35	7.432032963530442e-6
16.36	7.4182859600572565e-6
16.37	7.404572918937031e-6
16.38	7.390893735119354e-6
16.39	7.377248303945915e-6
16.4	7.363636521148995e-6
16.41	7.350058282850004e-6
16.42	7.336513485558039e-6
16.43	7.323002026168553e-6
16.44	7.309523801961983e-6
16.45	7.296078710602538e-6
16.46	7.2826666501370005e-6
16.47	7.269287518993665e-6
16.48	7.25594121598131e-6
16.490000000000002	7.2426276402883844e-6
16.5	7.229346691482247e-6
16.51	7.216098269508576e-6
16.52	7.202882274691035e-6
16.53	7.189698607731015e-6
16.54	7.176547169707765e-6
16.55	7.163427862078612e-6
16.56	7.1503405866795665e-6
16.57	7.137285245726113e-6
16.580000000000002	7.124261741814247e-6
16.59	7.111269977921601e-6
16.6	7.098309857408467e-6
16.61	7.0853812840184054e-6
16.62	7.072484161877671e-6
16.63	7.0596183954926285e-6
16.64	7.046783889743298e-6
16.65	7.033980549870777e-6
16.66	7.021208281454688e-6
16.67	7.008466990375842e-6
16.68	6.99575658275764e-6
16.69	6.983076964879562e-6
16.7	6.97042804305807e-6
16.71	6.9578097234975195e-6
16.72	6.945221912129865e-6
16.73	6.932664514488041e-6
16.740000000000002	6.920137435689442e-6
16.75	6.9076405806222685e-6
16.76	6.895173854396356e-6
16.77	6.8827371630164625e-6
16.78	6.870330414088247e-6
16.79	6.857953517275438e-6
16.8	6.845606384294377e-6
16.81	6.833288928448051e-6
16.82	6.821001063915638e-6
16.830000000000002	6.808742705078933e-6
16.84	6.7965137660729755e-6
16.85	6.784314160600785e-6
16.86	6.772143801949651e-6
16.87	6.760002603115927e-6
16.88	6.747890476962732e-6
16.89	6.735807336365754e-6
16.9	6.723753094329113e-6
16.91	6.7117276640685275e-6
16.92	6.699730959066743e-6
16.93	6.687762893107825e-6
16.94	6.675823380296638e-6
16.95	6.66391233506861e-6
16.96	6.652029672193205e-6
16.97	6.640175306773758e-6
16.98	6.6283491542451465e-6
16.990000000000002	6.616551130370429e-6
17.	6.604781151236976e-6
17.01	6.593039133252542e-6
17.02	6.5813249931414625e-6
17.03	6.56963864794099e-6
17.04	6.55798001499799e-6
17.05	6.546349011965765e-6
17.06	6.5347455568012796e-6
17.07	6.523169567762453e-6
17.080000000000002	6.511620963405799e-6
17.09	6.500099662584146e-6
17.1	6.4886055844445576e-6
17.11	6.477138648426375e-6
17.12	6.465698774259375e-6
17.13	6.4542858819620474e-6
17.14	6.442899891839916e-6
17.150000000000002	6.431540724483978e-6
17.16	6.420208300769178e-6
17.17	6.40890254185294e-6
17.18	6.39762336917376e-6
17.19	6.386370704449827e-6
17.2	6.375144469677688e-6
17.21	6.363944587130921e-6
17.22	6.35277097935889e-6
17.23	6.34162356918545e-6
17.240000000000002	6.330502279707739e-6
17.25	6.319407034294954e-6
17.26	6.308337756587149e-6
17.27	6.297294370494062e-6
17.28	6.2862768001939485e-6
17.29	6.275284970132416e-6
17.3	6.264318805021298e-6
17.31	6.253378229837521e-6
17.32	6.242463169821978e-6
17.330000000000002	6.2315735504784344e-6
17.34	6.220709297572439e-6
17.35	6.209870337130188e-6
17.36	6.199056595437524e-6
17.37	6.188267999038798e-6
17.38	6.177504474735858e-6
17.39	6.166765949586978e-6
17.400000000000002	6.156052350905823e-6
17.41	6.145363606260433e-6
17.42	6.1346996434721704e-6
17.43	6.124060390614772e-6
17.44	6.113445776013284e-6
17.45	6.102855728243137e-6
17.46	6.092290176129141e-6
17.47	6.081749048744554e-6
17.48	6.071232275410119e-6
17.490000000000002	6.06073978569318e-6
17.5	6.050271509406757e-6
17.51	6.039827376608667e-6
17.52	6.029407317600706e-6
17.53	6.019011262927794e-6
17.54	6.008639143377215e-6
17.55	5.9982908899778565e-6
17.56	5.9879664339995054e-6
17.57	5.977665706952186e-6
17.580000000000002	5.967388640585551e-6
17.59	5.957135166888292e-6
17.6	5.946905218087622e-6
17.61	5.936698726648767e-6
17.62	5.926515625274412e-6
17.63	5.916355846904127e-6
17.64	5.906219324713559e-6
17.650000000000002	5.896105992113322e-6
17.66	5.886015782747224e-6
17.67	5.8759486304894685e-6
17.68	5.865904469440256e-6
17.69	5.855883233918847e-6
17.7	5.845884858453226e-6
17.71	5.835909277765051e-6
17.72	5.825956426749359e-6
17.73	5.816026240449373e-6
17.740000000000002	5.806118654029698e-6
17.75	5.796233602755359e-6
17.76	5.786371021989399e-6
17.77	5.776530847224181e-6
17.78	5.766713014156011e-6
17.79	5.756917458795466e-6
17.8	5.7471441175814765e-6
17.81	5.737392927453151e-6
17.82	5.727663825845196e-6
17.830000000000002	5.7179567506088915e-6
17.84	5.708271639894766e-6
17.85	5.698608432042785e-6
17.86	5.688967065509907e-6
17.87	5.67934747884059e-6
17.88	5.669749610669782e-6
17.89	5.660173399743083e-6
17.900000000000002	5.650618784941929e-6
17.91	5.641085705306698e-6
17.92	5.631574100054809e-6
17.93	5.622083908593561e-6
17.94	5.612615070528427e-6
17.95	5.603167525667962e-6
17.96	5.593741214026322e-6
17.97	5.584336075824226e-6
17.98	5.574952051488886e-6
17.990000000000002	5.565589081653402e-6
18.	5.556247107155772e-6
18.01	5.5469260690377444e-6
18.02	5.537625908543632e-6
18.03	5.528346567119067e-6
18.04	5.519087986409829e-6
18.05	5.509850108260654e-6
18.06	5.500632874714137e-6
18.07	5.491436228009643e-6
18.080000000000002	5.4822601105822915e-6
18.09	5.47310446506197e-6
18.1	5.463969234272348e-6
18.11	5.454854361229996e-6
18.12	5.445759789143445e-6
18.13	5.436685461412362e-6
18.14	5.427631321626666e-6
18.150000000000002	5.4185973135657155e-6
18.16	5.4095833811974785e-6
18.17	5.4005894686777415e-6
18.18	5.391615520349325e-6
18.19	5.382661480741295e-6
18.2	5.373727294568215e-6
18.21	5.3648129067293605e-6
18.22	5.355918262307999e-6
18.23	5.347043306570629e-6
18.240000000000002	5.338187984966253e-6
18.25	5.329352243125655e-6
18.26	5.320536026860656e-6
18.27	5.311739282163426e-6
18.28	5.302961955205748e-6
18.29	5.294203992338327e-6
18.3	5.285465340090089e-6
18.31	5.2767459451674685e-6
18.32	5.2680457544537335e-6
18.330000000000002	5.259364715008286e-6
18.34	5.250702774065996e-6
18.35	5.242059879036498e-6
18.36	5.233435977503544e-6
18.37	5.224831017224312e-6
18.38	5.2162449461287654e-6
18.39	5.2076777123189636e-6
18.400000000000002	5.199129264068443e-6
18.41	5.190599549821542e-6
18.42	5.182088518192775e-6
18.43	5.173596117966186e-6
18.44	5.165122298094715e-6
18.45	5.156667007699598e-6
18.46	5.148230196069712e-6
18.47	5.139811812661004e-6
18.48	5.131411807095847e-6
18.490000000000002	5.1230301291624535e-6
18.5	5.1146667288142705e-6
18.51	5.106321556169337e-6
18.52	5.097994561509667e-6
18.53	5.089685695280533e-6
18.54	5.0813949080897185e-6
18.55	5.073122150706618e-6
18.56	5.064867374061164e-6
18.57	5.056630529242477e-6
18.580000000000002	5.048411567497162e-6
18.59	5.040210440227205e-6
18.6	5.032027098987456e-6
18.61	5.023861495483016e-6
18.62	5.01571358156701e-6
18.63	5.007583309239811e-6
18.64	4.999470630650818e-6
18.650000000000002	4.9913754981036625e-6
18.66	4.983297864064238e-6
18.67	4.975237681169148e-6
18.68	4.967194902231019e-6
18.69	4.95916948023784e-6
18.7	4.951161368346479e-6
18.71	4.943170519872996e-6
18.72	4.935196888283504e-6
18.73	4.927240427187818e-6
18.740000000000002	4.919301090336558e-6
18.75	4.911378831620804e-6
18.76	4.903473605073108e-6
18.77	4.895585364869001e-6
18.78	4.887714065328283e-6
18.79	4.879859660916004e-6
18.8	4.8720221062429354e-6
18.81	4.864201356065787e-6
18.82	4.856397365287081e-6
18.830000000000002	4.84861008895489e-6
18.84	4.840839482262411e-6
18.85	4.833085500547493e-6
18.86	4.825348099292112e-6
18.87	4.817627234121796e-6
18.88	4.809922860805096e-6
18.89	4.802234935252976e-6
18.900000000000002	4.794563413518279e-6
18.91	4.786908251795142e-6
18.92	4.7792694064184465e-6
18.93	4.77164683386326e-6
18.94	4.764040490744292e-6
18.95	4.756450333815344e-6
18.96	4.748876319968779e-6
18.97	4.741318406234988e-6
18.98	4.73377654978185e-6
18.990000000000002	4.726250707914223e-6
19.	4.718740838073424e-6
19.01	4.71124689783668e-6
19.02	4.703768844916664e-6
19.03	4.69630663716094e-6
19.04	4.6888602325514895e-6
19.05	4.681429589204177e-6
19.06	4.674014665368276e-6
19.07	4.666615419425944e-6
19.080000000000002	4.6592318098917435e-6
19.09	4.6518637954121505e-6
19.1	4.644511334765041e-6
19.11	4.6371743868592254e-6
19.12	4.629852910733943e-6
19.13	4.6225468655584025e-6
19.14	4.615256210631262e-6
19.150000000000002	4.607980905380186e-6
19.16	4.600720909361347e-6
19.17	4.593476182258952e-6
19.18	4.586246683884778e-6
19.19	4.579032374177685e-6
19.2	4.57183321320317e-6
19.21	4.564649161152872e-6
19.22	4.557480178344134e-6
19.23	4.550326225219521e-6
19.240000000000002	4.54318726234637e-6
19.25	4.5360632504163344e-6
19.26	4.528954150244914e-6
19.27	4.521859922771018e-6
19.28	4.5147805290564915e-6
19.29	4.507715930285685e-6
19.3	4.500666087764991e-6
19.31	4.4936309629223985e-6
19.32	4.4866105173070235e-6
19.330000000000002	4.479604712588664e-6
19.34	4.472613510557333e-6
19.35	4.465636873122747e-6
19.36	4.458674762313869e-6
19.37	4.451727140278351e-6
19.38	4.444793969282023e-6
19.39	4.437875211708347e-6
19.400000000000002	4.430970830057944e-6
19.41	4.424080786948164e-6
19.42	4.417205045112843e-6
19.43	4.410343567402236e-6
19.44	4.40349631678302e-6
19.45	4.396663256338316e-6
19.46	4.389844349267451e-6
19.47	4.383039558885462e-6
19.48	4.376248848622274e-6
19.490000000000002	4.369472182021855e-6
19.5	4.362709522741381e-6
19.51	4.355960834550614e-6
19.52	4.349226081331418e-6
19.53	4.342505227077387e-6
19.54	4.335798235893532e-6
19.55	4.3291050719959795e-6
19.56	4.322425699711659e-6
19.57	4.315760083477954e-6
19.580000000000002	4.3091081878423735e-6
19.59	4.3024699774621595e-6
19.6	4.29584541710393e-6
19.61	4.2892344716432814e-6
19.62	4.282637106064402e-6
19.63	4.2760532854596935e-6
19.64	4.269482975029363e-6
19.650000000000002	4.262926140081051e-6
19.66	4.256382746029427e-6
19.67	4.249852758395816e-6
19.68	4.243336142807799e-6
19.69	4.2368328649988395e-6
19.7	4.230342890807901e-6
19.71	4.2238661861790554e-6
19.72	4.21740271716112e-6
19.73	4.2109524499072695e-6
19.740000000000002	4.204515350674659e-6
19.75	4.198091385824065e-6
19.76	4.19168052181949e-6
19.77	4.185282725227814e-6
19.78	4.17889796271841e-6
19.79	4.172526201062789e-6
19.8	4.166167407134221e-6
19.81	4.159821547907387e-6
19.82	4.153488590457997e-6
19.830000000000002	4.1471685019624436e-6
19.84	4.140861249697438e-6
19.85	4.134566801039653e-6
19.86	4.1282851234653585e-6
19.87	4.122016184550074e-6
19.88	4.115759951968219e-6
19.89	4.109516393492747e-6
19.900000000000002	4.103285476994806e-6
19.91	4.0970671704433864e-6
19.92	4.090861441904966e-6
19.93	4.08466825954318e-6
19.94	4.0784875916184564e-6
19.95	4.072319406487681e-6
19.96	4.066163672603861e-6
19.97	4.060020358515777e-6
19.98	4.053889432867638e-6
19.990000000000002	4.047770864398757e-6
20.	4.041664621943206e-6