0.	0.
0.01	0.000030568029307547054
0.02	0.00006115706568002095
0.03	0.0000917881524619273
0.04	0.00012248240567434173
0.05	0.00015326105064734046
0.06	0.00018414545900712303
0.07	0.00021515718613894107
0.08	0.00024631800924943974
0.09	0.00027764996615517944
0.1	0.000309175394927945
0.11	0.0003409169745320077
0.12	0.00037289776659381264
0.13	0.0004051412584506636
0.14	0.00043767140763191644
0.15	0.00047051268793403176
0.16	0.0005036901372596348
0.17	0.0005372294074005552
0.18	0.0005711568159557716
0.19	0.0006054994005873248
0.2	0.0006402849758307311
0.21	0.0006755421926912949
0.22	0.0007113006012741704
0.23	0.0007475907167141411
0.24	0.0007844440886910912
0.25	0.0008218933748391703
0.26	0.0008599724183819528
0.27	0.0008987163303526307
0.28	0.0009381615767877907
0.29	0.0009783460713158074
0.3	0.0010193092735967498
0.31	0.001061092294110219
0.32	0.0011037380058311823
0.33	0.0011472911633820615
0.34	0.0011917985303026076
0.35000000000000003	0.001237309015137977
0.36	0.001283873817110651
0.37	0.0013315465822140416
0.38	0.0013803835706457134
0.39	0.001430443836587027
0.4	0.001481789421434702
0.41000000000000003	0.001534485561699592
0.42	0.0015886009129101495
0.43	0.0016442077909941972
0.44	0.0017013824327645494
0.45	0.0017602052773036721
0.46	0.001820761270232264
0.47000000000000003	0.0018831401930590544
0.48	0.0019474370200471887
0.49	0.0020137523052998303
0.5	0.0020821926030679372
0.51	0.0021528709246212575
0.52	0.002225907235404524
0.53	0.002301428996630881
0.54	0.0023795717559505535
0.55	0.0024604797923830123
0.56	0.00254430682132469
0.5700000000000001	0.0026312167661526596
0.58	0.0027213846037504627
0.59	0.0028149972922002706
0.6	0.0029122547899333258
0.61	0.003013371176828517
0.62	0.003118575889121042
0.63	0.0032281150815576675
0.64	0.0033422531320454686
0.65	0.0034612743061264058
0.66	0.0035854846010176713
0.67	0.0037152137917425944
0.68	0.0038508177051053485
0.6900000000000001	0.003992680751013648
0.7000000000000001	0.0041412187450215
0.71	0.004296882061062382
0.72	0.0044601591593085976
0.73	0.0046315805410897274
0.74	0.00481172319103211
0.75	0.0050012155762843655
0.76	0.005200743284167059
0.77	0.005411055393189049
0.78	0.0056329716885524005
0.79	0.0058673908525679695
0.8	0.006115299783499485
0.81	0.006377784224082056
0.8200000000000001	0.006656040914363327
0.8300000000000001	0.006951391523894932
0.84	0.007265298667293314
0.85	0.007599384366855247
0.86	0.007955451398866019
0.87	0.00833550804980144
0.88	0.00874179691904968
0.89	0.00917682854152915
0.9	0.009643420773714273
0.91	0.010144745099275779
0.92	0.010684381277782479
0.93	0.01126638209745739
0.9400000000000001	0.011895350421678774
0.9500000000000001	0.012576531266527089
0.96	0.013315922350420083
0.97	0.01412040746701036
0.98	0.014997918217425762
0.99	0.015957631191390074
1.	0.017010209738444845
1.01	0.018168102201282437
1.02	0.019445912147727732
1.03	0.02086086109810569
1.04	0.022433371020323025
1.05	0.02418780321033351
1.06	0.026153403198177914
1.07	0.028365519664873634
1.08	0.030867191498952957
1.09	0.03371123483932144
1.1	0.03696301708426791
1.11	0.04070418656690702
1.12	0.045037749537985436
1.1300000000000001	0.05009507399594762
1.1400000000000001	0.05604569195003142
1.1500000000000001	0.0631112337781448
1.16	0.07158557329638235
1.17	0.08186448693731105
1.18	0.09449018497122555
1.19	0.11021958851074248
1.2	0.13013135433300818
1.21	0.15579748447732336
1.22	0.1895645929379361
1.23	0.23502336893812353
1.24	0.29779816729963415
1.25	0.3868481859126674
1.26	0.5164008641679162
1.27	0.7077116585513893
1.28	0.985096102754086
1.29	1.3452269654344187
1.3	1.671880336407404
1.31	1.7252949231515153
1.32	1.4541724822720334
1.33	1.085017704645394
1.34	0.7812513928275286
1.35	0.5681951297578225
1.36	0.424292335247752
1.37	0.32644743492814127
1.3800000000000001	0.25855065756693396
1.3900000000000001	0.2104004928818522
1.4000000000000001	0.17565213963078452
1.41	0.15034365575301073
1.42	0.13199706950228543
1.43	0.11910102702897785
1.44	0.11083216149414807
1.45	0.10693665495962593
1.46	0.10774028552973185
1.47	0.11428152096656509
1.48	0.12853131763012687
1.49	0.1533796535595846
1.5	0.19086470009321868
1.51	0.23462901647278905
1.52	0.25906250813517456
1.53	0.23930342166430266
1.54	0.19129077787106147
1.55	0.14448098546491067
1.56	0.10950181477105168
1.57	0.08526731069936126
1.58	0.06855615972968336
1.59	0.05682253407298779
1.6	0.048412866022623985
1.61	0.042313046262742654
1.62	0.037925628194454504
1.6300000000000001	0.03493434697788645
1.6400000000000001	0.03322844235858134
1.6500000000000001	0.03282048742057857
1.6600000000000001	0.03357474723638173
1.67	0.03448556501226866
1.68	0.03345989503565291
1.69	0.029840523562286315
1.7	0.025449273504445903
1.71	0.021720554243131174
1.72	0.018891897075538736
1.73	0.01677029838668621
1.74	0.015143643697653716
1.75	0.013862532680483474
1.76	0.012832909367771572
1.77	0.011998520053620943
1.78	0.011325307749938665
1.79	0.01077887225108962
1.8	0.010286108353448833
1.81	0.009744824687480448
1.82	0.00914650316446318
1.83	0.008570900394105928
1.84	0.008062079911715436
1.85	0.007619315559840023
1.86	0.007229843019258089
1.87	0.006882213189403709
1.8800000000000001	0.006568250546618073
1.8900000000000001	0.006282291839631492
1.9000000000000001	0.006019902888341624
1.9100000000000001	0.005776231356165209
1.92	0.005546024625400175
1.93	0.005327387676854821
1.94	0.005121549428369605
1.95	0.004928814978202729
1.96	0.004748206601700673
1.97	0.004578481851356341
1.98	0.0044185406370842
1.99	0.004267467686715245
2.	0.004124481975869123
2.0100000000000002	0.003988873265191531
2.02	0.0038600085873167884
2.0300000000000002	0.0037374113745331362
2.04	0.0036207034232110203
2.05	0.0035095117947552194
2.06	0.003403472222149475
2.07	0.0033022473302161343
2.08	0.0032055299098670185
2.09	0.0031130398471783957
2.1	0.0030245201903405616
2.11	0.002939735213205422
2.12	0.002858469665647793
2.13	0.0027805253115405692
2.14	0.00270571789379236
2.15	0.002633876065289147
2.16	0.002564840541341133
2.17	0.0024984631060318407
2.18	0.002434605638501358
2.19	0.0023731392530304835
2.2	0.002313943549519538
2.21	0.002256905897314787
2.22	0.002201920786831288
2.23	0.0021488892735275276
2.24	0.002097718478331934
2.25	0.0020483211306902734
2.2600000000000002	0.002000615151978883
2.27	0.0019545232764822795
2.2800000000000002	0.0019099727054798805
2.29	0.0018668947907152012
2.3000000000000003	0.0018252247450846345
2.31	0.0017849013776727307
2.32	0.0017458668504668619
2.33	0.0017080664546614526
2.34	0.0016714484047257107
2.35	0.001635963648579037
2.36	0.0016015656923964838
2.37	0.001568210438735384
2.38	0.00153585603679922
2.39	0.0015044627437747877
2.4	0.0014739927962892823
2.41	0.0014444102911286912
2.42	0.0014156810744423319
2.43	0.0013877726387329708
2.44	0.0013606540269982567
2.45	0.001334295743448282
2.46	0.0013086696702770573
2.47	0.001283748990013064
2.48	0.0012595081130166294
2.49	0.0012359226097300152
2.5	0.001212969147320579
2.5100000000000002	0.0011906254303883134
2.52	0.0011688701454371125
2.5300000000000002	0.0011476829088343835
2.54	0.0011270442180065523
2.5500000000000003	0.001106935405638763
2.56	0.0010873385966659274
2.57	0.0010682366678593676
2.58	0.0010496132098289288
2.59	0.0010314524912745566
2.6	0.0010137394253342947
2.61	0.0009964595378874847
2.62	0.000979598937682655
2.63	0.0009631442881695471
2.64	0.0009470827809236426
2.65	0.0009314021105599187
2.66	0.0009160904510400772
2.67	0.0009011364332844823
2.68	0.0008865291240064284
2.69	0.000872258005692247
2.7	0.0008583129576561466
2.71	0.0008446842381037087
2.72	0.0008313624671425008
2.73	0.000818338610682551
2.74	0.0008056039651733054
2.75	0.0007931501431273306
2.7600000000000002	0.0007809690593843366
2.77	0.0007690529180722085
2.7800000000000002	0.0007573942002245784
2.79	0.0007459856520171334
2.8000000000000003	0.0007348202735872966
2.81	0.0007238913084042154
2.82	0.0007131922331580827
2.83	0.0007027167481398099
2.84	0.0006924587680838689
2.85	0.0006824124134488331
2.86	0.000672572002111728
2.87	0.0006629320414537604
2.88	0.0006534872208163861
2.89	0.0006442324043079206
2.9	0.0006351626239421293
2.91	0.0006262730730913056
2.92	0.000617559100237411
2.93	0.0006090162030057984
2.94	0.0006006400224669722
2.95	0.000592426337692649
2.96	0.0005843710605532117
2.97	0.0005764702307443657
2.98	0.0005687200110315102
2.99	0.0005611166827009866
3.	0.0005536566412079788
3.0100000000000002	0.0005463363920113997
3.02	0.0005391525465866548
3.0300000000000002	0.0005321018186076546
3.04	0.0005251810202899408
3.0500000000000003	0.0005183870588872171
3.06	0.0005117169333340112
3.0700000000000003	0.0005051677310275659
3.08	0.000498736624742454
3.09	0.0004924208696717253
3.1	0.0004862178005887565
3.11	0.00048012482912425646
3.12	0.00047413944115317887
3.13	0.0004682591942865819
3.14	0.0004624817154637012
3.15	0.0004568046986397873
3.16	0.0004512259025654481
3.17	0.00044574314865349123
3.18	0.00044035431892943647
3.19	0.0004350573540620897
3.2	0.00042985025147072967
3.21	0.00042473106350565594
3.22	0.0004196978956989911
3.23	0.00041474890508280676
3.24	0.00040988229857177394
3.25	0.0004050963314076935
3.2600000000000002	0.0004003893056633879
3.27	0.00039575956880356727
3.2800000000000002	0.00039120551230040565
3.29	0.0003867255703016727
3.3000000000000003	0.0003823182183493854
3.31	0.00037798197214704586
3.3200000000000003	0.00037371538637362797
3.33	0.0003695170535425829
3.34	0.00036538560290421844
3.35	0.00036131969938989645
3.36	0.0003573180425965865
3.37	0.00035337936581038667
3.38	0.0003495024350677127
3.39	0.00034568604825292574
3.4	0.00034192903423125464
3.41	0.0003382302520159338
3.42	0.000334588589968559
3.43	0.00033100296503172516
3.44	0.0003274723219930942
3.45	0.00032399563278009584
3.46	0.0003205718957845501
3.47	0.0003172001352165538
3.48	0.0003138794004870605
3.49	0.000310608765618642
3.5	0.0003073873286839969
3.5100000000000002	0.00030421421127184965
3.52	0.0003010885579799533
3.5300000000000002	0.00029800953593499176
3.54	0.0002949763343392656
3.5500000000000003	0.0002919881640441179
3.56	0.000289044257150165
3.5700000000000003	0.0002861438666344804
3.58	0.0002832862660049907
3.59	0.00028047074898244725
3.6	0.0002776966292104621
3.61	0.0002749632399942187
3.62	0.00027226993406860984
3.63	0.0002696160833967086
3.64	0.0002670010789996389
3.65	0.00026442433081909854
3.66	0.0002618852676139876
3.67	0.0002593833368928136
3.68	0.0002569180048837932
3.69	0.00025448875654484357
3.7	0.00025209509561595784
3.71	0.0002497365447168035
3.72	0.00024741264549275676
3.73	0.0002451229588130252
3.74	0.00024286706502497604
3.75	0.00024064456426934827
3.7600000000000002	0.00023845507686162573
3.77	0.00023629824374555463
3.7800000000000002	0.00023417372702556818
3.79	0.00023208121058579048
3.8000000000000003	0.0002300204008043021
3.81	0.00022799102737253139
3.8200000000000003	0.00022599284423096137
3.83	0.00022402563063388692
3.84	0.00022208919235771132
3.85	0.00022018336306930868
3.86	0.00021830800587331958
3.87	0.00021646301505996005
3.88	0.00021464831807806894
3.89	0.0002128638777617701
3.9	0.0002111096948433875
3.91	0.0002093858107902134
3.92	0.00020769231100855473
3.93	0.00020602932846530497
3.94	0.0002043970477853237
3.95	0.0002027957098923824
3.96	0.0002012256172726484
3.97	0.00019968713995298327
3.98	0.00019818072230216158
3.99	0.00019670689078201954
4.	0.0001952662627981686
4.01	0.0001938595568271064
4.0200000000000005	0.00019248760402933165
4.03	0.0001911513615977305
4.04	0.00018985192813865214
4.05	0.00018859056144179047
4.0600000000000005	0.00018736869906681102
4.07	0.00018618798226291628
4.08	0.00018505028384645876
4.09	0.00018395774079670265
4.1	0.00018291279249796048
4.11	0.00018191822576669764
4.12	0.0001809772280668021
4.13	0.0001800934506507636
4.14	0.00017927108378986572
4.15	0.00017851494680044157
4.16	0.0001778305962730904
4.17	0.0001772244568179368
4.18	0.00017670397982025407
4.19	0.0001762778372514445
4.2	0.00017595615963115439
4.21	0.00017575082996977204
4.22	0.00017567584919413285
4.23	0.00017574779353944964
4.24	0.0001759863912045226
4.25	0.000176415254981835
4.26	0.0001770628207169093
4.2700000000000005	0.00017796356000126314
4.28	0.00017915956199236603
4.29	0.00018070261755242267
4.3	0.00018265699500697182
4.3100000000000005	0.0001851031801923244
4.32	0.00018814297920177473
4.33	0.00019190657494231654
4.34	0.00019656242898768853
4.3500000000000005	0.0002023313969119052
4.36	0.00020950719626478643
4.37	0.000218486638087974
4.38	0.00022981517325828488
4.39	0.0002442569793376539
4.4	0.0002629052358283995
4.41	0.0002873596085409641
4.42	0.0003200181330308446
4.43	0.0003645655106477368
4.44	0.00042679383528102996
4.45	0.0005159434510097148
4.46	0.0006466259164272088
4.47	0.0008401988059694138
4.48	0.0011187542368724182
4.49	0.0014682605907088283
4.5	0.0017523026604364042
4.51	0.0017448289921100728
4.5200000000000005	0.0014522182872141005
4.53	0.0011021300803211642
4.54	0.0008251240656021166
4.55	0.0006325306395285768
4.5600000000000005	0.0005019276227475101
4.57	0.00041219055148134995
4.58	0.0003489460547299693
4.59	0.0003031147337943554
4.6000000000000005	0.0002690039195690283
4.61	0.0002429895163943736
4.62	0.00022271092312077764
4.63	0.00020659215804655955
4.64	0.000193555472792337
4.65	0.0001828470855416989
4.66	0.00017392882166499462
4.67	0.00016640919556602896
4.68	0.00015999859843296088
4.69	0.00015447954442908936
4.7	0.00014968652775179472
4.71	0.00014549214172454255
4.72	0.00014179735932737621
4.73	0.00013852463228945918
4.74	0.0001356129352757035
4.75	0.00013301417846623963
4.76	0.00013069060342588701
4.7700000000000005	0.000128612903787363
4.78	0.0001267588984553272
4.79	0.0001251126462250713
4.8	0.0001236639371195115
4.8100000000000005	0.00012240813475639158
4.82	0.00012134638183564855
4.83	0.00012048622373258186
4.84	0.00011984276125163156
4.8500000000000005	0.00011944052477815574
4.86	0.00011931638778000824
4.87	0.00011952404114359103
4.88	0.00012014089008071058
4.89	0.00012127881864739832
4.9	0.0001231012870566024
4.91	0.00012585103428450152
4.92	0.00012989585692490532
4.93	0.00013580540424821443
4.94	0.0001444801157949858
4.95	0.0001573596121073956
4.96	0.0001767084028606817
4.97	0.0002057479075987064
4.98	0.0002473779106401046
4.99	0.0002976272950793522
5.	0.00033310292640498495
5.01	0.00032311412819405487
5.0200000000000005	0.000276513255285682
5.03	0.00022631418008549697
5.04	0.00018775970737048647
5.05	0.00016100289489080001
5.0600000000000005	0.0001426628510323165
5.07	0.00012983958905323656
5.08	0.00012060022506606904
5.09	0.00011372846874447284
5.1000000000000005	0.00010846040307452073
5.11	0.00010430789465732118
5.12	0.00010095161621901889
5.13	0.0000981774481459456
5.14	0.0000958383581621429
5.15	0.00009383112977114734
5.16	0.00009208184275158628
5.17	0.00009053661037695947
5.18	0.0000891555433366134
5.19	0.00008790873977343538
5.2	0.00008677357748536316
5.21	0.00008573286379476716
5.22	0.0000847735664157371
5.23	0.00008388595252077439
5.24	0.00008306303039840527
5.25	0.00008230023496443969
5.26	0.0000815953357655303
5.2700000000000005	0.00008094858268098916
5.28	0.0000803631495963473
5.29	0.00007984600297496089
5.3	0.00007940943193467
5.3100000000000005	0.00007907366561841923
5.32	0.00007887132946908866
5.33	0.00007885501175576717
5.34	0.00007910980244280127
5.3500000000000005	0.00007977205640190971
5.36	0.0000810470079922082
5.37	0.00008317312794183388
5.38	0.00008613306996098752
5.39	0.00008882936055687116
5.4	0.00008891578990527724
5.41	0.00008579556217729808
5.42	0.00008165765120706047
5.43	0.00007814670085513858
5.44	0.00007553513147131744
5.45	0.00007361508723833231
5.46	0.00007215794144800043
5.47	0.00007100313433916605
5.48	0.0000700484679478385
5.49	0.00006922984709413492
5.5	0.00006850654511096404
5.51	0.00006785209172903893
5.5200000000000005	0.0000672488441739544
5.53	0.00006668474808189889
5.54	0.00006615137443409961
5.55	0.00006564270503881343
5.5600000000000005	0.00006515436491844913
5.57	0.00006468312760777213
5.58	0.00006422659153009141
5.59	0.00006378296707487541
5.6000000000000005	0.0000633509385280211
5.61	0.00006292958029459481
5.62	0.00006251831740438354
5.63	0.00006211692909073904
5.64	0.00006172560381811231
5.65	0.00006134506734800116
5.66	0.00006097682565404462
5.67	0.000060623592861071805
5.68	0.000060289991378743514
5.69	0.000059983485793522615
5.7	0.00005971462041708112
5.71	0.00005949179797404042
5.72	0.00005929710346662243
5.73	0.000059046437689860806
5.74	0.00005864604514865331
5.75	0.000058140415054612474
5.76	0.00005763544286855967
5.7700000000000005	0.000057173716878387256
5.78	0.000056753113586518036
5.79	0.0000563623417843454
5.8	0.00005599215246201083
5.8100000000000005	0.00005563642408684462
5.82	0.00005529128689379881
5.83	0.000054954284313577234
5.84	0.00005462382220497115
5.8500000000000005	0.00005429883650729602
5.86	0.000053978595598435674
5.87	0.00005366258163525241
5.88	0.00005335041801582036
5.89	0.00005304182416268777
5.9	0.00005273658688353222
5.91	0.00005243454213527364
5.92	0.00005213556366414928
5.93	0.000051839556617848814
5.94	0.000051546455356459676
5.95	0.000051256225672913325
5.96	0.00005096887271053751
5.97	0.000050684456998920183
5.98	0.00005040312070462111
5.99	0.00005012511574180799
6.	0.00004985076770668517
6.01	0.00004958010500677883
6.0200000000000005	0.00004931167568908248
6.03	0.000049041900581165394
6.04	0.00004876920754372611
6.05	0.00004849667107468379
6.0600000000000005	0.00004822708528496418
6.07	0.000047961024773677064
6.08	0.00004769817301115197
6.09	0.000047438138641564546
6.1000000000000005	0.000047180632910535794
6.11	0.00004692546192327764
6.12	0.000046672494953236114
6.13	0.00004642164041363799
6.140000000000001	0.00004617283083548457
6.15	0.000045926013889885614
6.16	0.000045681147029474884
6.17	0.000045438194244978617
6.18	0.000045197124067882976
6.19	0.00004495790832612579
6.2	0.00004472052137572232
6.21	0.00004448493965870395
6.22	0.000044251141520069264
6.23	0.000044019107278059205
6.24	0.00004378881958582775
6.25	0.000043560264079630054
6.26	0.00004333342980166106
6.2700000000000005	0.00004310830645519867
6.28	0.00004288486863602092
6.29	0.000042663040376835665
6.3	0.00004244271242881884
6.3100000000000005	0.00004222387458386014
6.32	0.000042006603114934924
6.33	0.000041790932531199224
6.34	0.00004157685018117922
6.3500000000000005	0.00004136433076639575
6.36	0.00004115334999790902
6.37	0.00004094388661882061
6.38	0.000040735921771105186
6.390000000000001	0.00004052943821291895
6.4	0.000040324419779424704
6.41	0.0000401208510513628
6.42	0.00003991871715540983
6.43	0.00003971800364259588
6.44	0.00003951869641267186
6.45	0.00003932078166617519
6.46	0.00003912424587410447
6.47	0.00003892907575997949
6.48	0.00003873525829208662
6.49	0.000038542780684980953
6.5	0.00003835163040491499
6.51	0.00003816179514517163
6.5200000000000005	0.00003797326263234329
6.53	0.000037786020006565835
6.54	0.000037600053427133824
6.55	0.00003741535018270523
6.5600000000000005	0.0000372319002215583
6.57	0.00003704969358287364
6.58	0.00003686871926938009
6.59	0.000036688965936711685
6.6000000000000005	0.000036510422338577855
6.61	0.000036333077424017704
6.62	0.00003615692033150893
6.63	0.00003598194036928414
6.640000000000001	0.0000358081269996779
6.65	0.0000356354698284025
6.66	0.00003546395859718227
6.67	0.0000352935831784399
6.68	0.00003512433357122216
6.69	0.00003495619989790081
6.7	0.000034789172401394256
6.71	0.00003462324144277677
6.72	0.00003445839749918215
6.73	0.00003429463116173995
6.74	0.00003413193313236322
6.75	0.00003397029421571133
6.76	0.000033809705304872877
6.7700000000000005	0.000033650157388965906
6.78	0.00003349164159770731
6.79	0.000033334149188870875
6.8	0.0000331776715037682
6.8100000000000005	0.000033022199966522585
6.82	0.00003286772609415427
6.83	0.00003271424149930859
6.84	0.000032561737889321675
6.8500000000000005	0.000032410207064522405
6.86	0.000032259640916542946
6.87	0.000032110031426750446
6.88	0.00003196137066478286
6.890000000000001	0.00003181365078716133
6.9	0.00003166686403596067
6.91	0.0000315210027375256
6.92	0.0000313760593012264
6.93	0.00003123202621824973
6.94	0.00003108889606041824
6.95	0.00003094666147902222
6.96	0.00003080531520361031
6.97	0.00003066485004071352
6.98	0.00003052525887288578
6.99	0.000030386534658309406
7.	0.000030248670429647405
7.01	0.000030111659292420947
7.0200000000000005	0.000029975494424025874
7.03	0.000029840169072939113
7.04	0.000029705676557842042
7.05	0.000029572010266710084
7.0600000000000005	0.00002943916365591089
7.07	0.000029307130249321744
7.08	0.00002917590363746774
7.09	0.000029045477476680383
7.1000000000000005	0.000028915845488275403
7.11	0.000028787001457750086
7.12	0.000028658939233998728
7.13	0.000028531652728547067
7.140000000000001	0.000028405135914804354
7.15	0.000028279382827333366
7.16	0.000028154387561137197
7.17	0.0000280301442709632
7.18	0.000027906647170630295
7.19	0.000027783890532377676
7.2	0.000027661868686219554
7.21	0.0000275405760193165
7.22	0.00002742000697537219
7.23	0.000027300156054048898
7.24	0.000027181017810400384
7.25	0.00002706258685432302
7.26	0.000026944857850026296
7.2700000000000005	0.00002682782551552293
7.28	0.000026711484622139133
7.29	0.000026595829994045784
7.3	0.00002648085650781104
7.3100000000000005	0.00002636655909197536
7.32	0.000026252932726649655
7.33	0.000026139972443137416
7.34	0.00002602767332358252
7.3500000000000005	0.000025916030500643343
7.36	0.000025805039157195167
7.37	0.000025694694526062148
7.38	0.00002558499188978086
7.390000000000001	0.000025475926580397288
7.4	0.000025367493979299617
7.41	0.000025259689517089645
7.42	0.000025152508673495167
7.43	0.00002504594697732726
7.44	0.000024940000006485296
7.45	0.00002483466338801447
7.46	0.000024729932798219857
7.47	0.00002462580396284251
7.48	0.000024522272657303067
7.49	0.000024419334707019687
7.5	0.000024316985987807275
7.51	0.000024215222426366643
7.5200000000000005	0.000024114040000872575
7.53	0.000024013434741671833
7.54	0.000023913402732102512
7.55	0.000023813940109448873
7.5600000000000005	0.000023715043066046984
7.57	0.000023616707850558474
7.58	0.00002351893076943299
7.59	0.000023421708188582004
7.6000000000000005	0.000023325036535290223
7.61	0.00002322891230039517
7.62	0.00002313333204076902
7.63	0.000023038292382143177
7.640000000000001	0.000022943790022321356
7.65	0.0000228498217348346
7.66	0.0000227563843731002
7.67	0.000022663474875156226
7.68	0.000022571090269055697
7.69	0.000022479227679018165
7.7	0.000022387884332453414
7.71	0.000022297057567992216
7.72	0.000022206744844682623
7.73	0.00002211694375253992
7.74	0.00002202765202467218
7.75	0.000021938867551246427
7.76	0.000021850588395610778
7.7700000000000005	0.000021762812812950826
7.78	0.00002167553927193456
7.79	0.000021588766479893864
7.8	0.000021502493412206416
7.8100000000000005	0.000021416719346685472
7.82	0.000021331443903963344
7.83	0.000021246667095078172
7.84	0.00002116238937775527
7.8500000000000005	0.000021078611723229377
7.86	0.000020995335695907397
7.87	0.00002091256354874913
7.88	0.000020830298337988756
7.890000000000001	0.000020748544061783888
7.9	0.00002066730582863656
7.91	0.00002058659006308151
7.92	0.00002050640475832131
7.930000000000001	0.000020426759788399396
7.94	0.000020347667296416793
7.95	0.000020269142180605792
7.96	0.000020191202707338975
7.97	0.0000201138712901919
7.98	0.000020037175488198617
7.99	0.00001996114929623564
8.	0.00001988583482874864
8.01	0.000019811284538938832
8.02	0.000019737564175475584
8.03	0.000019664756767914732
8.040000000000001	0.00001959296806647311
8.05	0.000019522334067993263
8.06	0.000019453031581493922
8.07	0.000019385293297313613
8.08	0.000019319429650170628
8.09	0.000019255861130315914
8.1	0.00001919516699379393
8.11	0.00001913816026811297
8.120000000000001	0.000019086005848735968
8.13	0.000019040410702375714
8.14	0.000019003936859950835
8.15	0.000018980525230282306
8.16	0.000018976375837739175
8.17	0.000019001383227509405
8.18	0.000019071179400554854
8.19	0.00001920850793714051
8.2	0.00001943637015985137
8.21	0.000019737510774281775
8.22	0.000019962841486549057
8.23	0.00001987552614615495
8.24	0.00001949329153573158
8.25	0.000019057450483237783
8.26	0.000018700808889490976
8.27	0.000018433101031115963
8.28	0.000018230400819794273
8.290000000000001	0.000018070607801383857
8.3	0.000017938747562821582
8.31	0.000017825368266993878
8.32	0.000017724541362118472
8.33	0.000017632489297542536
8.34	0.000017546748793346895
8.35	0.00001746567320904389
8.36	0.00001738813481261341
8.370000000000001	0.0000173133434909536
8.38	0.00001724073393823275
8.39	0.000017169893847163594
8.4	0.000017100517175126935
8.41	0.000017032373081711462
8.42	0.000016965284871395344
8.43	0.000016899115454905404
8.44	0.000016833757139727392
8.45	0.000016769124347568305
8.46	0.000016705148344022948
8.47	0.000016641773373236117
8.48	0.000016578953787888936
8.49	0.000016516651893884488
8.5	0.000016454836314764066
8.51	0.000016393480738600736
8.52	0.00001633256294955847
8.53	0.000016272064073622482
8.540000000000001	0.000016211967987167812
8.55	0.000016152260850641313
8.56	0.000016092930739412358
8.57	0.000016033967350964963
8.58	0.000015975361772850824
8.59	0.000015917106299750032
8.6	0.000015859194290980214
8.61	0.00001580162006213421
8.620000000000001	0.000015744378806416387
8.63	0.000015687466542848978
8.64	0.000015630880089962412
8.65	0.000015574617064989072
8.66	0.000015518675910068444
8.67	0.000015463055948682262
8.68	0.000015407757477647992
8.69	0.00001535278190274405
8.700000000000001	0.000015298131929763292
8.71	0.000015243811827996867
8.72	0.000015189827790604426
8.73	0.000015136188427219693
8.74	0.000015082905440350479
8.75	0.000015029994561681859
8.76	0.00001497747686223243
8.77	0.000014925380609703217
8.78	0.00001487374394133419
8.790000000000001	0.000014822618775453293
8.8	0.000014772076642555882
8.81	0.000014722217554129231
8.82	0.000014673183784366318
8.83	0.00001462518177152168
8.84	0.000014578517710063943
8.85	0.000014533656571147329
8.86	0.000014491321267577585
8.870000000000001	0.000014452658326821212
8.88	0.000014419499134743813
8.89	0.000014394682496213085
8.9	0.000014382005567174582
8.91	0.000014383772182187659
8.92	0.000014390981188177051
8.93	0.00001437129450194851
8.94	0.000014297813549903753
8.950000000000001	0.000014193439231765985
8.96	0.00001409234213470546
8.97	0.000014005539397059515
8.98	0.000013931247742718073
8.99	0.000013865631772068612
9.	0.0000138057358538128
9.01	0.000013749638422189327
9.02	0.000013696134457810885
9.03	0.000013644464119771732
9.040000000000001	0.0000135941386089792
9.05	0.00001354483567069934
9.06	0.000013496337434439698
9.07	0.00001344849299215851
9.08	0.00001340119541888672
9.09	0.000013354367343006424
9.1	0.000013307951678310043
9.11	0.00001326190554034244
9.120000000000001	0.000013216196170138488
9.13	0.00001317079815023138
9.14	0.000013125691469269452
9.15	0.000013080860154405498
9.16	0.00001303629129026106
9.17	0.000012991974305436041
9.18	0.000012947900447048904
9.19	0.000012904062389356836
9.200000000000001	0.000012860453939324437
9.21	0.000012817069813254949
9.22	0.000012773905466236247
9.23	0.00001273095696142584
9.24	0.0000126882208699015
9.25	0.000012645694194458106
9.26	0.000012603374312687445
9.27	0.00001256125893617697
9.28	0.000012519346083884364
9.290000000000001	0.000012477634068828739
9.3	0.000012436121498316437
9.31	0.000012394807289131001
9.32	0.000012353690700642458
9.33	0.000012312771390888042
9.34	0.000012272049503744396
9.35	0.000012231525800000436
9.36	0.000012191201852544202
9.370000000000001	0.000012151080337883452
9.38	0.000012111165476157211
9.39	0.000012071463705631605
9.4	0.000012031984736264796
9.41	0.000011992743230062101
9.42	0.000011953761539079031
9.43	0.000011915074254073317
9.44	0.000011876735852716996
9.450000000000001	0.00001183883345713854
9.46	0.000011801506788919977
9.47	0.000011764971915516829
9.48	0.00001172951222908711
9.49	0.000011695271394438136
9.5	0.000011661474494603603
9.51	0.000011625617279553333
9.52	0.000011585904217953764
9.53	0.00001154425133764184
9.540000000000001	0.000011503104540491294
9.55	0.00001146317484218275
9.56	0.000011424300525577618
9.57	0.000011386197257090528
9.58	0.000011348650422983524
9.59	0.000011311520926284323
9.6	0.000011274721284267432
9.61	0.000011238195981274615
9.620000000000001	0.000011201908967689159
9.63	0.00001116583617192476
9.64	0.000011129961044368931
9.65	0.000011094271871348043
9.66	0.00001105876012312892
9.67	0.00001102341941483935
9.68	0.000010988244837996923
9.69	0.000010953232521028678
9.700000000000001	0.000010918379334378017
9.71	0.000010883682688837435
9.72	0.000010849140395198294
9.73	0.000010814750564995066
9.74	0.000010780511539283441
9.75	0.000010746421836868606
9.76	0.000010712480116251414
9.77	0.000010678685147411077
9.78	0.00001064503579076686
9.790000000000001	0.000010611530981487985
9.8	0.00001057816971789357
9.81	0.000010544951053095785
9.82	0.00001051187408935224
9.83	0.00001047893797485377
9.84	0.000010446141902920425
9.85	0.000010413485113852445
9.86	0.00001038096690003604
9.870000000000001	0.000010348586615413988
9.88	0.000010316343691227766
9.89	0.000010284237661244532
9.9	0.000010252268201901295
9.91	0.000010220435196659602
9.92	0.0000101887388406892
9.93	0.000010157179814083016
9.94	0.00001012575957258905
9.950000000000001	0.000010094480836659945
9.96	0.000010063348387766676
9.97	0.000010032370192354208
9.98	0.000010001558103876115
9.99	9.970923800639288e-6
10.	9.940455661900406e-6
10.01	9.91006848070981e-6
10.02	9.879633354806064e-6
10.03	9.849165755228502e-6
10.040000000000001	9.818797345073476e-6
10.05	9.788597163538003e-6
10.06	9.758568628730094e-6
10.07	9.728697875031881e-6
10.08	9.698972292382368e-6
10.09	9.669383169381823e-6
10.1	9.639924780934453e-6
10.11	9.610593303392265e-6
10.120000000000001	9.581386075156537e-6
10.13	9.552301146591624e-6
10.14	9.523337012352971e-6
10.15	9.494492451143327e-6
10.16	9.465766428052459e-6
10.17	9.437158033722022e-6
10.18	9.408666445576915e-6
10.19	9.380290902562753e-6
10.200000000000001	9.35203068833255e-6
10.21	9.323885119833645e-6
10.22	9.295853539417952e-6
10.23	9.26793530929677e-6
10.24	9.240129807585631e-6
10.25	9.212436425448083e-6
10.26	9.184854565014007e-6
10.27	9.157383637856335e-6
10.28	9.130023063882117e-6
10.290000000000001	9.10277227054367e-6
10.3	9.075630692312715e-6
10.31	9.048597770390637e-6
10.32	9.021672952657783e-6
10.33	8.994855693899215e-6
10.34	8.96814545639267e-6
10.35	8.941541711019847e-6
10.36	8.915043939188429e-6
10.370000000000001	8.888651636071493e-6
10.38	8.862364316057612e-6
10.39	8.836181521972397e-6
10.4	8.810102840681641e-6
10.41	8.78412792877293e-6
10.42	8.758256550101426e-6
10.43	8.73248860632958e-6
10.44	8.70682403950364e-6
10.450000000000001	8.681262171479015e-6
10.46	8.655800022815655e-6
10.47	8.63043253683096e-6
10.48	8.605158816732375e-6
10.49	8.579982822870307e-6
10.5	8.55490690577337e-6
10.51	8.529930917280823e-6
10.52	8.505053940180524e-6
10.53	8.480275061942541e-6
10.540000000000001	8.455593507050517e-6
10.55	8.431008611533708e-6
10.56	8.406519784333595e-6
10.57	8.382126480085501e-6
10.58	8.357828182408005e-6
10.59	8.333624393948549e-6
10.6	8.309514630426894e-6
10.61	8.285498417007368e-6
10.620000000000001	8.261575286038719e-6
10.63	8.237744775611318e-6
10.64	8.214006428613289e-6
10.65	8.190359792097951e-6
10.66	8.166804416849844e-6
10.67	8.143339857080112e-6
10.68	8.119965670208055e-6
10.69	8.096681416701167e-6
10.700000000000001	8.073486659955956e-6
10.71	8.050380966208012e-6
10.72	8.027363904463774e-6
10.73	8.004435046449726e-6
10.74	7.98159396657655e-6
10.75	7.958840241918441e-6
10.76	7.936173452209853e-6
10.77	7.91359317986578e-6
10.78	7.891099010037324e-6
10.790000000000001	7.86869053072394e-6
10.8	7.846367332980766e-6
10.81	7.82412901128562e-6
10.82	7.801975164161144e-6
10.83	7.779905395116718e-6
10.84	7.757919313537207e-6
10.85	7.736016532869544e-6
10.86	7.714196655902401e-6
10.870000000000001	7.692459232605169e-6
10.88	7.670803750847595e-6
10.89	7.64922978947019e-6
10.9	7.627737072974976e-6
10.91	7.606325300935639e-6
10.92	7.584994104610627e-6
10.93	7.563743092624698e-6
10.94	7.542571874662499e-6
10.950000000000001	7.52148006606175e-6
10.96	7.500467287309987e-6
10.97	7.479533162990289e-6
10.98	7.458677321009422e-6
10.99	7.4378993921148e-6
11.	7.4171990096009275e-6
11.01	7.396575809128532e-6
11.02	7.376029428609444e-6
11.03	7.355559508130036e-6
11.040000000000001	7.335165689897713e-6
11.05	7.314847618201519e-6
11.06	7.294604939381533e-6
11.07	7.274437301803889e-6
11.08	7.254344355839568e-6
11.09	7.23432575384567e-6
11.1	7.214381150148456e-6
11.11	7.1945102010276196e-6
11.120000000000001	7.174712564701613e-6
11.13	7.154987901313713e-6
11.14	7.135335872918859e-6
11.15	7.11575614347129e-6
11.16	7.096248378813215e-6
11.17	7.0768122466648915e-6
11.18	7.057447416616986e-6
11.19	7.0381535601265585e-6
11.200000000000001	7.018930350518734e-6
11.21	6.999777462995179e-6
11.22	6.980694574639867e-6
11.23	6.96168136435946e-6
11.24	6.942737512526407e-6
11.25	6.92386270004844e-6
11.26	6.905056608356618e-6
11.27	6.886318922782353e-6
11.28	6.8676493332206845e-6
11.290000000000001	6.849047530509864e-6
11.3	6.830513205775857e-6
11.31	6.812046051386275e-6
11.32	6.7936457613944395e-6
11.33	6.775312031610208e-6
11.34	6.757044559576378e-6
11.35	6.7388430445363426e-6
11.36	6.720707187408071e-6
11.370000000000001	6.702636690764095e-6
11.38	6.684631258815435e-6
11.39	6.66669059739792e-6
11.4	6.648814413959865e-6
11.41	6.6310024175506835e-6
11.42	6.613254318810017e-6
11.43	6.595569829957264e-6
11.44	6.577948664781353e-6
11.450000000000001	6.560390538630744e-6
11.46	6.542895168403619e-6
11.47	6.5254622725381615e-6
11.48	6.508091571003017e-6
11.49	6.490782785287876e-6
11.5	6.473535638394163e-6
11.51	6.45634985482584e-6
11.52	6.4392251605803835e-6
11.53	6.422161283139877e-6
11.540000000000001	6.405157951462248e-6
11.55	6.388214895972781e-6
11.56	6.3713318485557745e-6
11.57	6.354508542546436e-6
11.58	6.337744712722295e-6
11.59	6.321040095291279e-6
11.6	6.304394427870596e-6
11.61	6.2878074494675685e-6
11.620000000000001	6.271278900514724e-6
11.63	6.2548085229045135e-6
11.64	6.238396059927541e-6
11.65	6.222041256234119e-6
11.66	6.205743857841977e-6
11.67	6.18950361214059e-6
11.68	6.173320267887319e-6
11.69	6.157193575201163e-6
11.700000000000001	6.14112328555639e-6
11.71	6.125109151776607e-6
11.72	6.109150928029231e-6
11.73	6.09324836982051e-6
11.74	6.077401233990983e-6
11.75	6.061609278711469e-6
11.76	6.045872263479619e-6
11.77	6.0301899491171e-6
11.78	6.014562097767507e-6
11.790000000000001	5.998988472895034e-6
11.8	5.983468839284079e-6
11.81	5.968002963039859e-6
11.82	5.9525906115902535e-6
11.83	5.937231553688939e-6
11.84	5.921925559420151e-6
11.85	5.906672400205238e-6
11.86	5.891471848811329e-6
11.870000000000001	5.876323679362457e-6
11.88	5.861227667353591e-6
11.89	5.846183589668015e-6
11.9	5.831191224598738e-6
11.91	5.816250351874605e-6
11.92	5.801360752692006e-6
11.93	5.786522209753145e-6
11.94	5.771734507312352e-6
11.950000000000001	5.7569974312327755e-6
11.96	5.742310769055041e-6
11.97	5.727674310078696e-6
11.98	5.713087845461225e-6
11.99	5.698551168339188e-6
12.	5.684064073975648e-6
12.01	5.6696263599403475e-6
12.02	5.6552378263306455e-6
12.030000000000001	5.640898276043947e-6
12.040000000000001	5.626607515115169e-6
12.05	5.61236535313714e-6
12.06	5.598171603787432e-6
12.07	5.584026085492916e-6
12.08	5.569928622273984e-6
12.09	5.555879044825232e-6
12.1	5.541877191910346e-6
12.11	5.527922912178682e-6
12.120000000000001	5.514016066553921e-6
12.13	5.500156531407738e-6
12.14	5.486344202824111e-6
12.15	5.472579002398962e-6
12.16	5.458860885232162e-6
12.17	5.445189851098096e-6
12.18	5.4315659603009635e-6
12.19	5.417989356557428e-6
12.200000000000001	5.404460300621306e-6
12.21	5.390979220661579e-6
12.22	5.3775467893261864e-6
12.23	5.364164044246317e-6
12.24	5.3508325807822515e-6
12.25	5.337554867206207e-6
12.26	5.324334769902922e-6
12.27	5.311178436782327e-6
12.280000000000001	5.298095760080576e-6
12.290000000000001	5.2851025937366205e-6
12.3	5.272223013257667e-6
12.31	5.259486125679677e-6
12.32	5.2468953299278145e-6
12.33	5.2343333645581485e-6
12.34	5.22152011646002e-6
12.35	5.208349394239922e-6
12.36	5.195071974722644e-6
12.370000000000001	5.181902566541949e-6
12.38	5.168883912293054e-6
12.39	5.155992530799907e-6
12.4	5.143200102519049e-6
12.41	5.130486363942236e-6
12.42	5.117838317916222e-6
12.43	5.1052477621065585e-6
12.44	5.092709440619044e-6
12.450000000000001	5.080219893255962e-6
12.46	5.067776769171069e-6
12.47	5.055378417709267e-6
12.48	5.04302364076979e-6
12.49	5.030711539760182e-6
12.5	5.018441418849083e-6
12.51	5.006212722420725e-6
12.52	4.994024993763163e-6
12.530000000000001	4.981877847225592e-6
12.540000000000001	4.9697709490978186e-6
12.55	4.957704004248919e-6
12.56	4.9456767466388425e-6
12.57	4.93368893247921e-6
12.58	4.921740335235139e-6
12.59	4.909830741925485e-6
12.6	4.897959950351466e-6
12.61	4.88612776699765e-6
12.620000000000001	4.874334005425652e-6
12.63	4.8625784850330695e-6
12.64	4.8508610300858196e-6
12.65	4.839181468957336e-6
12.66	4.827539633525579e-6
12.67	4.8159353586915826e-6
12.68	4.804368481992326e-6
12.69	4.792838843287415e-6
12.700000000000001	4.781346284503922e-6
12.71	4.769890649427453e-6
12.72	4.758471783530121e-6
12.73	4.747089533828307e-6
12.74	4.735743748764525e-6
12.75	4.724434278109039e-6
12.76	4.713160972877696e-6
12.77	4.701923685263322e-6
12.780000000000001	4.690722268578384e-6
12.790000000000001	4.679556577207373e-6
12.8	4.668426466567432e-6
12.81	4.657331793076317e-6
12.82	4.646272414126878e-6
12.83	4.635248188067578e-6
12.84	4.624258974188714e-6
12.85	4.61330463271423e-6
12.86	4.602385024799267e-6
12.870000000000001	4.591500012533713e-6
12.88	4.580649458952399e-6
12.89	4.569833228052752e-6
12.9	4.55905118482121e-6
12.91	4.5483031952700764e-6
12.92	4.53758912648717e-6
12.93	4.526908846701357e-6
12.94	4.516262225368222e-6
12.950000000000001	4.505649133281488e-6
12.96	4.495069442717941e-6
12.97	4.48452302762635e-6
12.98	4.474009763874855e-6
12.99	4.463529529577106e-6
13.	4.453082205525566e-6
13.01	4.442667675772597e-6
13.02	4.432285828418102e-6
13.030000000000001	4.421936556689733e-6
13.040000000000001	4.411619760443989e-6
13.05	4.401335348282283e-6
13.06	4.391083240581271e-6
13.07	4.380863373907334e-6
13.08	4.37067570756793e-6
13.09	4.3605202335308025e-6
13.1	4.3503969917663705e-6
13.11	4.340306094514908e-6
13.120000000000001	4.330247765545333e-6
13.13	4.32022240501008e-6
13.14	4.310230698226796e-6
13.15	4.30027379809788e-6
13.16	4.290353618403002e-6
13.17	4.280473227538828e-6
13.18	4.270636983348253e-6
13.19	4.2608485256061475e-6
13.200000000000001	4.251101114643902e-6
13.21	4.241360704404976e-6
13.22	4.231586829092594e-6
13.23	4.221795562804335e-6
13.24	4.212031534267911e-6
13.25	4.202313626324332e-6
13.26	4.1926412662249345e-6
13.27	4.1830096745142606e-6
13.280000000000001	4.1734148540486456e-6
13.290000000000001	4.163854121247152e-6
13.3	4.15432574811666e-6
13.31	4.144828607418242e-6
13.32	4.135361938139595e-6
13.33	4.125925203794451e-6
13.34	4.116518008178815e-6
13.35	4.107140044822211e-6
13.36	4.0977910660812884e-6
13.370000000000001	4.088470863820842e-6
13.38	4.079179257060971e-6
13.39	4.069916083902533e-6
13.4	4.060681196137863e-6
13.41	4.0514744555828386e-6
13.42	4.042295731534819e-6
13.43	4.033144898980962e-6
13.44	4.0240218373156285e-6
13.450000000000001	4.014926429408801e-6
13.46	4.0058585609203755e-6
13.47	3.99681811978901e-6
13.48	3.987804995846688e-6
13.49	3.978819080524846e-6
13.5	3.969860266628024e-6
13.51	3.960928448157866e-6
13.52	3.952023520174976e-6
13.530000000000001	3.943145378689617e-6
13.540000000000001	3.93429392057452e-6
13.55	3.925469043494814e-6
13.56	3.91667064585135e-6
13.57	3.907898626734575e-6
13.58	3.899152885886834e-6
13.59	3.890433323671391e-6
13.6	3.881739841046997e-6
13.61	3.873072339546984e-6
13.620000000000001	3.864430721262187e-6
13.63	3.855814888827172e-6
13.64	3.847224745409346e-6
13.65	3.83866019470077e-6
13.66	3.8301211409125425e-6
13.67	3.82160748877176e-6
13.68	3.8131191435212756e-6
13.69	3.804656010922526e-6
13.700000000000001	3.7962179972620624e-6
13.71	3.787805009362545e-6
13.72	3.7794169545994758e-6
13.73	3.771053740925398e-6
13.74	3.762715276904149e-6
13.75	3.7544014717588297e-6
13.76	3.746112235438906e-6
13.77	3.737847478714504e-6
13.780000000000001	3.7296071133099413e-6
13.790000000000001	3.7213910520950094e-6
13.8	3.713199209362762e-6
13.81	3.705031501239471e-6
13.82	3.696887846300674e-6
13.83	3.6887681665154844e-6
13.84	3.680672388725367e-6
13.85	3.6726004470118773e-6
13.86	3.664552286571328e-6
13.870000000000001	3.6565278701744246e-6
13.88	3.6485271890335664e-6
13.89	3.640550280789339e-6
13.9	3.632597256714543e-6
13.91	3.624668329101767e-6
13.92	3.6167637702024505e-6
13.93	3.6088835286032482e-6
13.94	3.6010260591996297e-6
13.950000000000001	3.593187848105756e-6
13.96	3.5853675823166924e-6
13.97	3.577568275158729e-6
13.98	3.5697924381156352e-6
13.99	3.5620404926058025e-6
14.	3.554312067874413e-6
14.01	3.5466067392795675e-6
14.02	3.538924181358782e-6
14.030000000000001	3.531264157359996e-6
14.040000000000001	3.5236264890770748e-6
14.05	3.5160110343979427e-6
14.06	3.5084176733420236e-6
14.07	3.500846299733397e-6
14.08	3.493296816235414e-6
14.09	3.485769131343996e-6
14.1	3.4782631575282295e-6
14.11	3.470778810053904e-6
14.120000000000001	3.463316006222157e-6
14.13	3.4558746648658615e-6
14.14	3.4484547060095803e-6
14.15	3.441056050635465e-6
14.16	3.4336786205191475e-6
14.17	3.426322338112703e-6
14.18	3.4189871264598185e-6
14.19	3.4116729091333867e-6
14.200000000000001	3.4043796101888667e-6
14.21	3.3971071541289726e-6
14.22	3.3898554658765644e-6
14.23	3.382624470753535e-6
14.24	3.3754140944641677e-6
14.25	3.3682242630818507e-6
14.26	3.3610549030383243e-6
14.27	3.353905941114882e-6
14.280000000000001	3.3467773044350854e-6
14.290000000000001	3.339668920458669e-6
14.3	3.332580716976388e-6
14.31	3.3255126221056263e-6
14.32	3.318464564286659e-6
14.33	3.3114364722794335e-6
14.34	3.30442827516085e-6
14.35	3.297439902322465e-6
14.36	3.2904712834686534e-6
14.370000000000001	3.2835223486152277e-6
14.38	3.276593028088568e-6
14.39	3.2696832525253875e-6
14.4	3.262792952873297e-6
14.41	3.255922060392417e-6
14.42	3.2490705066584367e-6
14.43	3.242238223567752e-6
14.44	3.2354251433455655e-6
14.450000000000001	3.228631198558501e-6
14.46	3.2218563221339644e-6
14.47	3.215100447390156e-6
14.48	3.208363508082958e-6
14.49	3.201645438480386e-6
14.5	3.194946173482957e-6
14.51	3.188265648821942e-6
14.52	3.18160380139135e-6
14.530000000000001	3.1749605698073153e-6
14.540000000000001	3.1683358953310168e-6
14.55	3.1617297232413384e-6
14.56	3.1551420040873104e-6
14.57	3.1485726908841745e-6
14.58	3.1420217173468245e-6
14.59	3.135488937321465e-6
14.6	3.1289741168344144e-6
14.61	3.122477155642615e-6
14.620000000000001	3.115998151711207e-6
14.63	3.1095371588258816e-6
14.64	3.1030941327068417e-6
14.65	3.096668995872816e-6
14.66	3.0902616699700256e-6
14.67	3.083872081861717e-6
14.68	3.077500162862339e-6
14.69	3.071145847271697e-6
14.700000000000001	3.0648090713166123e-6
14.71	3.0584897724971768e-6
14.72	3.052187889196863e-6
14.73	3.045903360449351e-6
14.74	3.0396361257966033e-6
14.75	3.033386125200505e-6
14.76	3.027153298986397e-6
14.77	3.020937587806092e-6
14.780000000000001	3.0147389326129722e-6
14.790000000000001	3.0085572746447993e-6
14.8	3.0023925554115166e-6
14.81	2.996244716686362e-6
14.82	2.9901137004992257e-6
14.83	2.983999449131517e-6
14.84	2.977901905112125e-6
14.85	2.9718210112141195e-6
14.86	2.9657567104520064e-6
14.870000000000001	2.959708946079366e-6
14.88	2.9536776615868087e-6
14.89	2.9476628007001213e-6
14.9	2.9416643073786055e-6
14.91	2.9356821258135345e-6
14.92	2.9297162004267034e-6
14.93	2.9237664758690803e-6
14.94	2.9178328970195093e-6
14.950000000000001	2.911915408983471e-6
14.96	2.906013957091901e-6
14.97	2.9001284869000485e-6
14.98	2.8942589441863796e-6
14.99	2.8884052749515407e-6
15.	2.8825674254173696e-6
15.01	2.8767453420259784e-6
15.02	2.8709389714389354e-6
15.030000000000001	2.8651482605365725e-6
15.040000000000001	2.859373156417494e-6
15.05	2.853613606398345e-6
15.06	2.8478695580140453e-6
15.07	2.842140959018702e-6
15.08	2.836427757387687e-6
15.09	2.8307299013216025e-6
15.1	2.8250473392535148e-6
15.11	2.819380019861765e-6
15.120000000000001	2.813727892092152e-6
15.13	2.808090905194463e-6
15.14	2.802469008773207e-6
15.15	2.7968621528120935e-6
15.16	2.7912702874499504e-6
15.17	2.785693361816512e-6
15.18	2.78013132174989e-6
15.19	2.7745841118433222e-6
15.200000000000001	2.7690516839649214e-6
15.21	2.7635339947248613e-6
15.22	2.758030997767002e-6
15.23	2.7525426441525794e-6
15.24	2.7470688844744042e-6
15.25	2.7416096696032246e-6
15.26	2.7361649507801917e-6
15.27	2.7307346795711273e-6
15.280000000000001	2.7253188078174466e-6
15.290000000000001	2.71991728760297e-6
15.3	2.7145300712334287e-6
15.31	2.7091571112239472e-6
15.32	2.7037983602911674e-6
15.33	2.698453771348116e-6
15.34	2.6931232975006577e-6
15.35	2.6878068920449363e-6
15.36	2.6825045084653946e-6
15.370000000000001	2.6772161004331726e-6
15.38	2.6719416218047472e-6
15.39	2.666681026620732e-6
15.4	2.6614342691047764e-6
15.41	2.656201303662558e-6
15.42	2.6509820848807977e-6
15.43	2.6457765675263475e-6
15.44	2.640584706545273e-6
15.450000000000001	2.635406457061986e-6
15.46	2.6302417743783742e-6
15.47	2.6250906139729535e-6
15.48	2.6199529315000336e-6
15.49	2.614828682788882e-6
15.5	2.609717823842913e-6
15.51	2.604620310838868e-6
15.52	2.599536100126016e-6
15.530000000000001	2.594465148225349e-6
15.540000000000001	2.589407411828801e-6
15.55	2.5843628477984516e-6
15.56	2.579331413165753e-6
15.57	2.574313065130761e-6
15.58	2.5693077610613783e-6
15.59	2.5643154584925976e-6
15.6	2.559336115125781e-6
15.610000000000001	2.5543696888279457e-6
15.620000000000001	2.549416137631099e-6
15.63	2.5444754197316233e-6
15.64	2.539547493489763e-6
15.65	2.534632317429272e-6
15.66	2.5297298502373367e-6
15.67	2.524840050764897e-6
15.68	2.5199628780273196e-6
15.69	2.515098291204048e-6
15.700000000000001	2.5102462496301697e-6
15.71	2.5054067127598423e-6
15.72	2.5005796401060626e-6
15.73	2.4957649913231554e-6
15.74	2.4909627264269457e-6
15.75	2.4861728056810623e-6
15.76	2.481395189409557e-6
15.77	2.47662983802339e-6
15.780000000000001	2.4718767120728434e-6
15.790000000000001	2.467135772263655e-6
15.8	2.4624069794579657e-6
15.81	2.4576902946723387e-6
15.82	2.45298567907583e-6
15.83	2.448293093988481e-6
15.84	2.443612500880157e-6
15.85	2.4389438613695688e-6
15.860000000000001	2.434287137223443e-6
15.870000000000001	2.429642290355742e-6
15.88	2.425009282826931e-6
15.89	2.4203880768432853e-6
15.9	2.4157786347562065e-6
15.91	2.4111809190615473e-6
15.92	2.406594892398961e-6
15.93	2.4020205175512404e-6
15.94	2.3974577574436753e-6
15.950000000000001	2.3929065751434076e-6
15.96	2.3883669338588017e-6
15.97	2.3838387969388027e-6
15.98	2.3793221278723136e-6
15.99	2.374816890287565e-6
16.	2.3703230479515e-6
16.01	2.3658405647691487e-6
16.02	2.36136940478302e-6
16.03	2.356909532172487e-6
16.04	2.3524609112531787e-6
16.05	2.3480235064763744e-6
16.06	2.3435972824284106e-6
16.07	2.3391822038300647e-6
16.080000000000002	2.3347782355359868e-6
16.09	2.3303853425340803e-6
16.1	2.3260034899449365e-6
16.11	2.3216326430212367e-6
16.12	2.3172727671471773e-6
16.13	2.3129238278378965e-6
16.14	2.308585790738894e-6
16.15	2.3042586216254824e-6
16.16	2.2999422864022145e-6
16.17	2.295636751102353e-6
16.18	2.2913419818873383e-6
16.19	2.2870579450462284e-6
16.2	2.282784606994991e-6
16.21	2.2785219342751934e-6
16.22	2.2742698935521744e-6
16.23	2.2700284516162163e-6
16.240000000000002	2.2657975753867597e-6
16.25	2.2615772319095357e-6
16.26	2.2573673883519943e-6
16.27	2.2531680120033334e-6
16.28	2.248979070275105e-6
16.29	2.244800530701077e-6
16.3	2.2406323609367484e-6
16.31	2.236474528758826e-6
16.32	2.232327002064679e-6
16.330000000000002	2.2281897488718444e-6
16.34	2.224062737317528e-6
16.35	2.219945935658105e-6
16.36	2.215839312268675e-6
16.37	2.211742835642579e-6
16.38	2.207656474390974e-6
16.39	2.2035801972423916e-6
16.4	2.1995139730423356e-6
16.41	2.1954577707528877e-6
16.42	2.19141155945235e-6
16.43	2.187375308334907e-6
16.44	2.183348986710333e-6
16.45	2.179332564003744e-6
16.46	2.175326009755397e-6
16.47	2.171329293620583e-6
16.48	2.167342385369576e-6
16.490000000000002	2.163365254887728e-6
16.5	2.1593978721756847e-6
16.51	2.1554402073497937e-6
16.52	2.1514922306427685e-6
16.53	2.1475539124046498e-6
16.54	2.14362522310421e-6
16.55	2.1397061333309245e-6
16.56	2.1357966137977118e-6
16.57	2.1318966353447505e-6
16.580000000000002	2.1280061689447756e-6
16.59	2.1241251857104776e-6
16.6	2.120253656904896e-6
16.61	2.1163915539562095e-6
16.62	2.1125388484789573e-6
16.63	2.1086955123050492e-6
16.64	2.1048615175297027e-6
16.65	2.1010368365808563e-6
16.66	2.09722144232611e-6
16.67	2.0934153082411064e-6
16.68	2.0896184086805284e-6
16.69	2.0858307193237167e-6
16.7	2.0820522179201265e-6
16.71	2.0782828855428805e-6
16.72	2.074522708641655e-6
16.73	2.0707716820153534e-6
16.740000000000002	2.0670298110948746e-6
16.75	2.0632971035054627e-6
16.76	2.059573514618631e-6
16.77	2.055858814325662e-6
16.78	2.052152620218948e-6
16.79	2.048454893703487e-6
16.8	2.0447659602684553e-6
16.81	2.0410860066743124e-6
16.82	2.037415028464085e-6
16.830000000000002	2.0337529646125433e-6
16.84	2.0300997552609873e-6
16.85	2.0264553511689347e-6
16.86	2.0228197115802654e-6
16.87	2.01919280122107e-6
16.88	2.015574588204608e-6
16.89	2.0119650427485476e-6
16.9	2.0083641364116144e-6
16.91	2.0047718416371434e-6
16.92	2.0011881314754005e-6
16.93	1.9976129794109185e-6
16.94	1.9940463592526145e-6
16.95	1.9904882450622737e-6
16.96	1.986938611106929e-6
16.97	1.983397431826526e-6
16.98	1.979864681811486e-6
16.990000000000002	1.976340335786864e-6
17.	1.9728243686009596e-6
17.01	1.9693167552169614e-6
17.02	1.965817470706741e-6
17.03	1.9623264902461397e-6
17.04	1.9588437891113566e-6
17.05	1.955369342676086e-6
17.06	1.951903126409285e-6
17.07	1.9484451158733203e-6
17.080000000000002	1.9449952867224717e-6
17.09	1.941553614701669e-6
17.1	1.9381200756454135e-6
17.11	1.934694645476854e-6
17.12	1.931277300206964e-6
17.13	1.9278680159338237e-6
17.14	1.9244667688419564e-6
17.150000000000002	1.921073535201733e-6
17.16	1.9176882913688234e-6
17.17	1.9143110137836648e-6
17.18	1.910941678970987e-6
17.19	1.9075802635393434e-6
17.2	1.904226744180675e-6
17.21	1.90088109766988e-6
17.22	1.8975433008644073e-6
17.23	1.8942133307038563e-6
17.240000000000002	1.890891164209594e-6
17.25	1.8875767784843726e-6
17.26	1.8842701507119581e-6
17.27	1.8809712581567784e-6
17.28	1.8776800781635483e-6
17.29	1.8743965881569335e-6
17.3	1.8711207656411957e-6
17.31	1.8678525881998556e-6
17.32	1.864592033495352e-6
17.330000000000002	1.8613390792687096e-6
17.34	1.858093703339215e-6
17.35	1.8548558836040761e-6
17.36	1.851625598038116e-6
17.37	1.848402824693447e-6
17.38	1.845187541699154e-6
17.39	1.8419797272609875e-6
17.400000000000002	1.8387793596610519e-6
17.41	1.8355864172575105e-6
17.42	1.8324008784842716e-6
17.43	1.829222721850716e-6
17.44	1.826051925941389e-6
17.45	1.8228884694157318e-6
17.46	1.8197323310078037e-6
17.47	1.8165834895260162e-6
17.48	1.8134419238528756e-6
17.490000000000002	1.8103076129447532e-6
17.5	1.8071805358316456e-6
17.51	1.8040606716169754e-6
17.52	1.800947999477414e-6
17.53	1.7978424986627198e-6
17.54	1.7947441484956502e-6
17.55	1.7916529283718865e-6
17.56	1.788568817760069e-6
17.57	1.785491796201898e-6
17.580000000000002	1.7824218433123839e-6
17.59	1.7793589387802651e-6
17.6	1.7763030623686714e-6
17.61	1.773254193916147e-6
17.62	1.7702123133381596e-6
17.63	1.7671774006293446e-6
17.64	1.764149435866821e-6
17.650000000000002	1.7611283992151281e-6
17.66	1.7581142709336508e-6
17.67	1.7551070313879427e-6
17.68	1.7521066610673144e-6
17.69	1.7491131406126449e-6
17.7	1.7461264508613274e-6
17.71	1.7431465729213392e-6
17.72	1.7401734882953662e-6
17.73	1.7372071790895745e-6
17.740000000000002	1.7342476283549481e-6
17.75	1.731294820577168e-6
17.76	1.7283487420282344e-6
17.77	1.7254093792418218e-6
17.78	1.7224767096412397e-6
17.79	1.7195506795521062e-6
17.8	1.7166312123902035e-6
17.81	1.713718290744804e-6
17.82	1.7108119538704022e-6
17.830000000000002	1.7079122164320455e-6
17.84	1.7050190627053513e-6
17.85	1.7021324683871227e-6
17.86	1.6992524095601933e-6
17.87	1.6963788640920072e-6
17.88	1.6935118112639835e-6
17.89	1.6906512312846374e-6
17.900000000000002	1.68779710495285e-6
17.91	1.6849494134520826e-6
17.92	1.6821081382278631e-6
17.93	1.67927326091443e-6
17.94	1.67644476328999e-6
17.95	1.6736226272488225e-6
17.96	1.6708068347834256e-6
17.97	1.6679973679728443e-6
17.98	1.6651942089748186e-6
17.990000000000002	1.6623973400204049e-6
18.	1.6596067434101774e-6
18.01	1.6568224015115008e-6
18.02	1.6540442967565168e-6
18.03	1.6512724116406194e-6
18.04	1.6485067287212863e-6
18.05	1.6457472306171361e-6
18.06	1.6429939000071795e-6
18.07	1.6402467196301863e-6
18.080000000000002	1.63750567228415e-6
18.09	1.6347707408258253e-6
18.1	1.6320419081703116e-6
18.11	1.6293191572906877e-6
18.12	1.6266024712176629e-6
18.13	1.6238918330392714e-6
18.14	1.621187225900566e-6
18.150000000000002	1.6184886330033418e-6
18.16	1.6157960376058661e-6
18.17	1.6131094230226116e-6
18.18	1.6104287726240183e-6
18.19	1.6077540698362346e-6
18.2	1.6050852981408867e-6
18.21	1.6024224410748384e-6
18.22	1.5997654822299682e-6
18.23	1.597114405252932e-6
18.240000000000002	1.5944691938449487e-6
18.25	1.5918298317615754e-6
18.26	1.5891963028124834e-6
18.27	1.586568590861254e-6
18.28	1.583946679825151e-6
18.29	1.5813305536749182e-6
18.3	1.5787201964345626e-6
18.31	1.5761155921811535e-6
18.32	1.5735167250446042e-6
18.330000000000002	1.5709235792074783e-6
18.34	1.56833613890478e-6
18.35	1.5657543884237543e-6
18.36	1.5631783121036896e-6
18.37	1.5606078943357168e-6
18.38	1.5580431195626207e-6
18.39	1.555483972278641e-6
18.400000000000002	1.5529304370292912e-6
18.41	1.5503824984111719e-6
18.42	1.5478401410717882e-6
18.43	1.545303349709383e-6
18.44	1.5427721090727676e-6
18.45	1.5402464039611727e-6
18.46	1.5377262192241048e-6
18.47	1.5352115397612312e-6
18.48	1.5327023505222845e-6
18.490000000000002	1.5301986365070137e-6
18.5	1.5277003827651913e-6
18.51	1.5252075743966918e-6
18.52	1.522720196551719e-6
18.53	1.5202382344312004e-6
18.54	1.5177616732875038e-6
18.55	1.5152904984256207e-6
18.56	1.5128246952051455e-6
18.57	1.5103642490435644e-6
18.580000000000002	1.5079091454217852e-6
18.59	1.5054593698935051e-6
18.6	1.5030149081010797e-6
18.61	1.5005757458016376e-6
18.62	1.4981418689049407e-6
18.63	1.4957132635023497e-6
18.64	1.49328991575821e-6
18.650000000000002	1.4908718112115373e-6
18.66	1.4884589330707224e-6
18.67	1.4860512626472772e-6
18.68	1.4836487857061272e-6
18.69	1.4812514927044147e-6
18.7	1.4788593723618886e-6
18.71	1.4764724109991781e-6
18.72	1.4740905942595283e-6
18.73	1.4717139078455273e-6
18.740000000000002	1.4693423376393295e-6
18.75	1.4669758696751114e-6
18.76	1.4646144901005146e-6
18.77	1.4622581851497084e-6
18.78	1.459906941126822e-6
18.79	1.4575607443960365e-6
18.8	1.4552195813755808e-6
18.81	1.4528834385340265e-6
18.82	1.4505523023879183e-6
18.830000000000002	1.44822615950021e-6
18.84	1.4459049964791963e-6
18.85	1.4435887999777388e-6
18.86	1.4412775566927003e-6
18.87	1.438971253364498e-6
18.88	1.4366698767767484e-6
18.89	1.4343734137559648e-6
18.900000000000002	1.4320818511712935e-6
18.91	1.4297951759342865e-6
18.92	1.427513374998678e-6
18.93	1.4252364353601996e-6
18.94	1.4229643440563766e-6
18.95	1.4206970881663596e-6
18.96	1.4184346548107429e-6
18.97	1.4161770311514007e-6
18.98	1.413924204391316e-6
18.990000000000002	1.411676161774423e-6
19.	1.4094328905854458e-6
19.01	1.4071943781497374e-6
19.02	1.4049606118331268e-6
19.03	1.4027315790417626e-6
19.04	1.400507267221963e-6
19.05	1.3982876638600589e-6
19.06	1.3960727564822446e-6
19.07	1.3938625326544307e-6
19.080000000000002	1.3916569799820905e-6
19.09	1.389456086110118e-6
19.1	1.3872598387226708e-6
19.11	1.385068225543036e-6
19.12	1.3828812343334716e-6
19.13	1.380698852895073e-6
19.14	1.3785210690676209e-6
19.150000000000002	1.3763478707294418e-6
19.16	1.3741792457972648e-6
19.17	1.372015182226076e-6
19.18	1.3698556680089863e-6
19.19	1.3677006911770774e-6
19.2	1.3655502397992767e-6
19.21	1.3634043019822086e-6
19.22	1.361262865870062e-6
19.23	1.3591259196444489e-6
19.240000000000002	1.3569934515242782e-6
19.25	1.354865449765613e-6
19.26	1.3527419026615433e-6
19.27	1.3506227985420604e-6
19.28	1.3485081257739247e-6
19.29	1.346397872760554e-6
19.3	1.3442920279419076e-6
19.31	1.342190579794387e-6
19.32	1.3400935168307541e-6
19.330000000000002	1.3380008276000776e-6
19.34	1.3359125006877296e-6
19.35	1.3338285247154527e-6
19.36	1.3317488883415739e-6
19.37	1.329673580261436e-6
19.38	1.3276025892082214e-6
19.39	1.3255359039543403e-6
19.400000000000002	1.323473513313297e-6
19.41	1.3214154061399605e-6
19.42	1.319361571318849e-6
19.43	1.3173119977115764e-6
19.44	1.315266674073827e-6
19.45	1.3132255891835994e-6
19.46	1.3111887321481508e-6
19.47	1.3091560922286844e-6
19.48	1.3071276585850278e-6
19.490000000000002	1.3051034203193186e-6
19.5	1.3030833665494288e-6
19.51	1.301067486431492e-6
19.52	1.299055769161832e-6
19.53	1.297048203974968e-6
19.54	1.2950447801417485e-6
19.55	1.2930454869680782e-6
19.56	1.2910503137941157e-6
19.57	1.289059249993735e-6
19.580000000000002	1.2870722849741656e-6
19.59	1.2850894081757215e-6
19.6	1.2831106090715835e-6
19.61	1.281135877167627e-6
19.62	1.2791652020022598e-6
19.63	1.277198573146282e-6
19.64	1.2752359802027487e-6
19.650000000000002	1.273277412806843e-6
19.66	1.2713228606257525e-6
19.67	1.269372313358542e-6
19.68	1.267425760736043e-6
19.69	1.2654831925207283e-6
19.7	1.2635445985066e-6
19.71	1.2616099685190725e-6
19.72	1.2596792924148592e-6
19.73	1.2577525600818576e-6
19.740000000000002	1.2558297614390383e-6
19.75	1.2539108864363334e-6
19.76	1.251995925054519e-6
19.77	1.250084867305113e-6
19.78	1.248177703230257e-6
19.79	1.2462744229026125e-6
19.8	1.2443750164252466e-6
19.81	1.2424794739315265e-6
19.82	1.240587785585007e-6
19.830000000000002	1.2386999415793286e-6
19.84	1.236815932138104e-6
19.85	1.2349357475148141e-6
19.86	1.2330593779927008e-6
19.87	1.2311868138846608e-6
19.88	1.2293180455331394e-6
19.89	1.2274530633100261e-6
19.900000000000002	1.225591857616548e-6
19.91	1.2237344188831694e-6
19.92	1.221880737569483e-6
19.93	1.2200308041641077e-6
19.94	1.2181846091845884e-6
19.95	1.2163421431772908e-6
19.96	1.2145033967172978e-6
19.97	1.2126683604083127e-6
19.98	1.2108370248825522e-6
19.990000000000002	1.2090093808006506e-6
20.	1.2071854188515564e-6