0.	0.
0.01	0.000032551810058989404
0.02	0.00006512644184141121
0.03	0.00009774675707272639
0.04	0.0001304356976133408
0.05	0.00016321632585398577
0.06	0.00019611186550652125
0.07	0.00022914574292520564
0.08	0.000262341629096284
0.09	0.0002957234824372954
0.1	0.0003293155925518182
0.11	0.0003631426250904965
0.12	0.00039722966787515685
0.13	0.00043160227844968514
0.14	0.00046628653322913793
0.15	0.0005013090784273746
0.16	0.0005366971829534056
0.17	0.0005724787934776945
0.18	0.0006086825918819851
0.19	0.0006453380553198844
0.2	0.0006824755191305994
0.21	0.000720126242864963
0.22	0.0007583224797014143
0.23	0.0007970975495500192
0.24	0.0008364859161651425
0.25	0.0008765232686122364
0.26	0.0009172466074615743
0.27	0.0009586943361119483
0.28	0.0010009063576805948
0.29	0.0010439241779323079
0.3	0.001087791014761134
0.31	0.0011325519147826874
0.32	0.0011782538776443962
0.33	0.0012249459887154368
0.34	0.0012726795608782864
0.35000000000000003	0.001321508286210402
0.36	0.0013714883984182402
0.37	0.0014226788469675056
0.38	0.0014751414839440943
0.39	0.0015289412647807518
0.4	0.0015841464640962025
0.41000000000000003	0.0016408289080177697
0.42	0.001699064224496908
0.43	0.001758932113281288
0.44	0.0018205166373792287
0.45	0.0018839065380445773
0.46	0.0019491955755252036
0.47000000000000003	0.002016482898059225
0.48	0.002085873441873152
0.49	0.0021574783652394693
0.5	0.0022314155199921024
0.51	0.002307809964282131
0.52	0.0023867945207888186
0.53	0.0024685103850896617
0.54	0.002553107789445529
0.55	0.0026407467278825075
0.56	0.0027315977491615133
0.5700000000000001	0.002825842825032512
0.58	0.0029236763020871206
0.59	0.003025305946568232
0.6	0.003130954092688284
0.61	0.003240858906372068
0.62	0.0033552757779031018
0.63	0.003474478858746919
0.64	0.003598762759888084
0.65	0.003728444431395766
0.66	0.0038638652456783698
0.67	0.004005393310064848
0.68	0.004153426038034332
0.6900000000000001	0.00430839301269723
0.7000000000000001	0.004470759181117878
0.71	0.0046410284238913024
0.72	0.00481974755120117
0.73	0.005007510784581147
0.74	0.005204964793007055
0.75	0.005412814363039739
0.76	0.0056318287958581
0.77	0.005862849139581847
0.78	0.0061067963837934825
0.79	0.006364680765254328
0.8	0.006637612360244088
0.81	0.00692681317069738
0.8200000000000001	0.007233630949558934
0.8300000000000001	0.007559555057026793
0.84	0.007906234695476005
0.85	0.008275499939220908
0.86	0.008669386058880464
0.87	0.009090161742773314
0.88	0.009540361944368393
0.89	0.010022826241626084
0.9	0.010540743789191074
0.91	0.01109770618837678
0.92	0.01169776990647854
0.93	0.012345530264271504
0.9400000000000001	0.01304620950253548
0.9500000000000001	0.013805762066994968
0.96	0.014631001058927617
0.97	0.015529750843626748
0.98	0.016511032169478027
0.99	0.01758528793438928
1.	0.01876466009271621
1.01	0.020063331332531638
1.02	0.02149794936274176
1.03	0.023088157348151037
1.04	0.02485726181548452
1.05	0.026833080091686615
1.06	0.029049024300502036
1.07	0.03154550002580304
1.08	0.034371727796500016
1.09	0.03758813889884983
1.1	0.04126956039229602
1.11	0.04550949813894864
1.12	0.05042596797697515
1.1300000000000001	0.05616954116509638
1.1400000000000001	0.0629346059528026
1.1500000000000001	0.07097537833309035
1.16	0.08062905145213574
1.17	0.09234988121035358
1.18	0.10676036760674146
1.19	0.12472973340310768
1.2	0.14749694727678875
1.21	0.17686799543682236
1.22	0.21553922049837781
1.23	0.2676370236116008
1.24	0.33962560961450233
1.25	0.4418028960122005
1.26	0.5905232757404332
1.27	0.810220738660717
1.28	1.128846730789875
1.29	1.5425705026983194
1.3	1.9177613180850048
1.31	1.9787543651275157
1.32	1.6665612886828696
1.33	1.2415848231558333
1.34	0.8916959294697169
1.35	0.645986541988607
1.36	0.4796459945703314
1.37	0.36608573987488763
1.3800000000000001	0.2867370410923077
1.3900000000000001	0.2298070833147984
1.4000000000000001	0.18791265403291765
1.41	0.15637381897969052
1.42	0.13216171499239832
1.43	0.11327334485332141
1.44	0.09836090581037336
1.45	0.08651112210842792
1.46	0.07711539099051107
1.47	0.06979791507982444
1.48	0.0643801153297593
1.49	0.0608439877768276
1.5	0.05916238468117523
1.51	0.05866173833449138
1.52	0.057117099044950645
1.53	0.05238972228712536
1.54	0.045716909753203146
1.55	0.03946256923725725
1.56	0.034452294238609946
1.57	0.030556346731459634
1.58	0.02747589249982359
1.59	0.02497271502365543
1.6	0.022885667719312473
1.61	0.021108517849911208
1.62	0.019570107567590887
1.6300000000000001	0.01822141502350031
1.6400000000000001	0.017027682139831093
1.6500000000000001	0.015963495009489428
1.6600000000000001	0.015008889209055576
1.67	0.01414475092130824
1.68	0.013350799312994648
1.69	0.012614582874512495
1.7	0.011934980457987337
1.71	0.011310699552679762
1.72	0.01073685686517634
1.73	0.01020774165285579
1.74	0.009718252746973972
1.75	0.009264092770090097
1.76	0.008841641941367658
1.77	0.00844781277258711
1.78	0.008079937726677103
1.79	0.007735685968677126
1.8	0.00741299913722565
1.81	0.007110047883295736
1.82	0.006825213474571637
1.83	0.006557059169308069
1.84	0.006304290796667205
1.85	0.0060657366895856225
1.86	0.0058403362840613905
1.87	0.005627128525125651
1.8800000000000001	0.00542524069473929
1.8900000000000001	0.005233878487102214
1.9000000000000001	0.005052317391125093
1.9100000000000001	0.004879895215625884
1.92	0.004716005586190041
1.93	0.00456009226999269
1.94	0.004411644177501202
1.95	0.004270190941317093
1.96	0.00413529901661297
1.97	0.004006568225946397
1.98	0.003883628683431246
1.99	0.00376613805024869
2.	0.003653779080871841
2.0100000000000002	0.003546257424664015
2.02	0.003443299652280043
2.0300000000000002	0.003344651480443944
2.04	0.003250076172196326
2.05	0.0031593530927334318
2.06	0.0030722764035204415
2.07	0.0029886538795313787
2.08	0.0029083058363476282
2.09	0.0028310641554646606
2.1	0.002756771397550243
2.11	0.002685279994604682
2.12	0.002616451513021744
2.13	0.00255015598046208
2.14	0.002486271270247459
2.15	0.002424682537681355
2.16	0.0023652817033122404
2.17	0.002307966978692986
2.18	0.0022526424306621583
2.19	0.002199217580589949
2.2	0.0021476070353996
2.21	0.002097730147501297
2.22	0.002049510701064395
2.23	0.0020028766223106538
2.24	0.0019577597117393652
2.25	0.001914095396398754
2.2600000000000002	0.0018718225004994253
2.27	0.001830883032827851
2.2800000000000002	0.001791221989562857
2.29	0.0017527871712281638
2.3000000000000003	0.001715529012630469
2.31	0.0016794004247374468
2.32	0.0016443566475440711
2.33	0.0016103551130605873
2.34	0.00157735531763183
2.35	0.001545318702866602
2.36	0.0015142085445181963
2.37	0.0014839898487134398
2.38	0.0014546292549788079
2.39	0.001426094945558303
2.4	0.001398356560559892
2.41	0.001371385118505323
2.42	0.0013451529418928834
2.43	0.0013196335874141407
2.44	0.0012948017804944878
2.45	0.0012706333538534454
2.46	0.0012471051898046192
2.47	0.0012241951660369793
2.48	0.0012018821046391257
2.49	0.0011801457241463799
2.5	0.0011589665944073111
2.5100000000000002	0.001138326094081551
2.52	0.001118206370594813
2.5300000000000002	0.0010985903023898928
2.54	0.0010794614633242532
2.5500000000000003	0.0010608040890756646
2.56	0.0010426030454273618
2.57	0.0010248437983133676
2.58	0.001007512385513127
2.59	0.0009905953898923761
2.6	0.0009740799140943756
2.61	0.0009579535565923054
2.62	0.0009422043890197086
2.63	0.0009268209347015974
2.64	0.0009117921483140182
2.65	0.000897107396604775
2.66	0.0008827564401124626
2.67	0.0008687294158251474
2.68	0.0008550168207238664
2.69	0.0008416094961597147
2.7	0.0008284986130165843
2.71	0.0008156756576147241
2.72	0.0008031324183131319
2.73	0.0007908609727714604
2.74	0.0007788536758345888
2.75	0.0007671031480053283
2.7600000000000002	0.0007556022644728413
2.77	0.0007443441446663906
2.7800000000000002	0.00073332214230586
2.79	0.0007225298359222572
2.8000000000000003	0.0007119610198229852
2.81	0.0007016096954782311
2.82	0.0006914700633061836
2.83	0.0006815365148361404
2.84	0.0006718036252297847
2.85	0.000662266146142067
2.86	0.0006529189989041982
2.87	0.0006437572680122807
2.88	0.0006347761949060404
2.89	0.0006259711720230044
2.9	0.0006173377371143108
2.91	0.0006088715678091001
2.92	0.0006005684764151747
2.93	0.0005924244049442963
2.94	0.0005844354203511391
2.95	0.0005765977099754966
2.96	0.0005689075771779473
2.97	0.0005613614371596714
2.98	0.0005539558129576527
2.99	0.0005466873316069351
3.	0.0005395527204620846
3.0100000000000002	0.0005325488036703803
3.02	0.0005256724987897013
3.0300000000000002	0.0005189208135443951
3.04	0.0005122908427128136
3.0500000000000003	0.0005057797651404854
3.06	0.0004993848408732411
3.0700000000000003	0.0004931034084048728
3.08	0.0004869328820342105
3.09	0.0004808707493267365
3.1	0.0004749145686761251
3.11	0.00046906196696131565
3.12	0.00046331063729495247
3.13	0.00045765833685923723
3.14	0.0004521028848254278
3.15	0.00044664216035341774
3.16	0.0004412741006679943
3.17	0.00043599669920855164
3.18	0.000430808003849189
3.19	0.00042570611518628166
3.2	0.00042068918489074385
3.21	0.00041575541412235714
3.22	0.00041090305200364765
3.23	0.0004061303941509395
3.24	0.0004014357812603093
3.25	0.00039681759774629695
3.2600000000000002	0.00039227427043131966
3.27	0.0003878042672838502
3.2800000000000002	0.0003834060962035091
3.29	0.0003790783038513217
3.3000000000000003	0.00037481947452346987
3.31	0.0003706282290669702
3.3200000000000003	0.0003665032238357739
3.33	0.00036244314968587985
3.34	0.0003584467310081204
3.35	0.00035451272479735107
3.36	0.0003506399197568602
3.37	0.00034682713543686617
3.38	0.00034307322140605647
3.39	0.0003393770564551727
3.4	0.0003357375478317267
3.41	0.00033215363050498033
3.42	0.0003286242664604046
3.43	0.00032514844402287455
3.44	0.00032172517720794263
3.45	0.0003183535051005728
3.46	0.00031503249126080317
3.47	0.00031176122315584864
3.48	0.0003085388116182369
3.49	0.00030536439032962694
3.5	0.00030223711533003194
3.5100000000000002	0.0002991561645522384
3.52	0.0002961207373812891
3.5300000000000002	0.00029313005423896684
3.54	0.0002901833561933109
3.5500000000000003	0.0002872799045932661
3.56	0.0002844189807286716
3.5700000000000003	0.00028159988551588056
3.58	0.0002788219392094158
3.59	0.00027608448114017025
3.6	0.0002733868694807896
3.61	0.0002707284810390015
3.62	0.0002681087110797995
3.63	0.00026552697317755187
3.64	0.00026298269909927097
3.65	0.00026047533872047775
3.66	0.0002580043599752969
3.67	0.00025556924884265994
3.68	0.0002531695093707462
3.69	0.0002508046637420849
3.7	0.0002484742523820591
3.71	0.0002461778341139191
3.72	0.00024391498636380785
3.73	0.0002416853054197704
3.74	0.00023948840674921276
3.75	0.00023732392537987484
3.7600000000000002	0.0002351915163500175
3.77	0.00023309085523428086
3.7800000000000002	0.00023102163875250118
3.79	0.00022898358546974366
3.8000000000000003	0.0002269764365968911
3.81	0.00022499995690238646
3.8200000000000003	0.00022305393574715093
3.83	0.00022113818825634517
3.84	0.00021925255664352163
3.85	0.00021739691170489449
3.86	0.0002155711545039585
3.87	0.00021377521826959002
3.88	0.00021200907053413228
3.89	0.00021027271554187253
3.9	0.0002085661969628822
3.91	0.00020688960095250353
3.92	0.00020524305960300322
3.93	0.00020362675484121708
3.94	0.00020204092283461397
3.95	0.0002004858589783575
3.96	0.0001989619235479483
3.97	0.00019746954811627926
3.98	0.0001960092428508939
3.99	0.00019458160482747428
4.	0.00019318732751982966
4.01	0.00019182721165577645
4.0200000000000005	0.00019050217766341114
4.03	0.00018921327997475682
4.04	0.00018796172350533984
4.05	0.00018674888269112726
4.0600000000000005	0.00018557632354119081
4.07	0.0001844458292590008
4.08	0.00018335943010191816
4.09	0.00018231943829306483
4.1	0.00018132848897984313
4.11	0.00018038958845873447
4.12	0.00017950617116945194
4.13	0.00017868216731991196
4.14	0.0001779220834591516
4.15	0.0001772310988980294
4.16	0.0001766151816272685
4.17	0.00017608122835316743
4.18	0.00017563723453674107
4.19	0.0001752925019832518
4.2	0.00017505789372606584
4.21	0.00017494614887709743
4.22	0.0001749722740515669
4.23	0.00017515403331003839
4.24	0.00017551256586053829
4.25	0.0001760731708493249
4.26	0.00017686631264868846
4.2700000000000005	0.00017792891992271444
4.28	0.00017930608012966187
4.29	0.0001810532721487342
4.3	0.00018323933982883857
4.3100000000000005	0.00018595049856926483
4.32	0.00018929580174875568
4.33	0.00019341470026141332
4.34	0.000198487650209584
4.3500000000000005	0.0002047512344923743
4.36	0.00021252008997920302
4.37	0.00022221929437425008
4.38	0.00023443315988372433
4.39	0.00024998031718845965
4.4	0.00027003185337287167
4.41	0.00029630145119524497
4.42	0.0003313580844803515
4.43	0.0003791491310602341
4.44	0.000445879619966439
4.45	0.000541448696839504
4.46	0.0006815097024322895
4.47	0.0008889430018208116
4.48	0.001187415868527762
4.49	0.0015618960637712983
4.5	0.0018662413132789334
4.51	0.0018582816625718423
4.5200000000000005	0.001544850486760252
4.53	0.0011698401754170874
4.54	0.0008731196546847025
4.55	0.0006668270094607764
4.5600000000000005	0.0005269410308072279
4.57	0.0004308307283190516
4.58	0.0003630975505877656
4.59	0.00031401436145436513
4.6000000000000005	0.00027748219769979665
4.61	0.00024961811649493073
4.62	0.00022789270328606238
4.63	0.00021061704171089265
4.64	0.00019663589588141809
4.65	0.00018514100439189266
4.66	0.00017555497846337065
4.67	0.00016745745027889526
4.68	0.00016053704190080486
4.69	0.00015455946113207298
4.7	0.0001493458869544618
4.71	0.0001447580551496368
4.72	0.00014068779140061718
4.73	0.00013704955016551488
4.74	0.00013377501946436056
4.75	0.00013080916822130704
4.76	0.00012810731607062657
4.7700000000000005	0.0001256329383708695
4.78	0.0001233560074658122
4.79	0.00012125173093522966
4.8	0.00011929958871492571
4.8100000000000005	0.00011748259997243032
4.82	0.00011578677176780862
4.83	0.00011420069778131123
4.84	0.00011271528902568234
4.8500000000000005	0.00011132363152185778
4.86	0.00011002098067812937
4.87	0.00010880492170527829
4.88	0.00010767575480896643
4.89	0.0001066372117299335
4.9	0.00010569769185165493
4.91	0.00010487234920925322
4.92	0.00010418661384237539
4.93	0.00010368216117792685
4.94	0.00010342698665066808
4.95	0.00010353172892309675
4.96	0.00010417207257373639
4.97	0.00010559908518540692
4.98	0.00010803876817177648
4.99	0.00011117763014794955
5.	0.00011317685669291279
5.01	0.00011162459251206318
5.0200000000000005	0.0001072149529344978
5.03	0.00010253989121069731
5.04	0.00009879565098568488
5.05	0.00009599335662676936
5.0600000000000005	0.00009386663809395163
5.07	0.00009218696408847453
5.08	0.00009080182277244311
5.09	0.00008961503962845109
5.1000000000000005	0.0000885660190716129
5.11	0.00008761586943749827
5.12	0.00008673899602756804
5.13	0.0000859181016769404
5.14	0.0000851411887605966
5.15	0.00008439972768269344
5.16	0.00008368751289906072
5.17	0.00008299993183151354
5.18	0.00008233348710059226
5.19	0.00008168547761462847
5.2	0.00008105378143374251
5.21	0.0000804367051909306
5.22	0.00007983287790060535
5.23	0.00007924117493422902
5.24	0.0000786606628875908
5.25	0.00007809055920855841
5.26	0.00007753020250576233
5.2700000000000005	0.00007697903084747775
5.28	0.00007643656636165506
5.29	0.00007590240526017686
5.3	0.00007537621320651553
5.3100000000000005	0.0000748577269220549
5.32	0.00007434676433493235
5.33	0.00007384324765616296
5.34	0.00007334724607723978
5.3500000000000005	0.00007285904256699255
5.36	0.00007237919697838844
5.37	0.00007190841008565756
5.38	0.00007144643847484621
5.39	0.00007098900412130927
5.4	0.00007052716116644333
5.41	0.00007005852889297207
5.42	0.00006959117394429438
5.43	0.00006913113138913811
5.44	0.00006867930178315907
5.45	0.00006823479265117182
5.46	0.00006779663967543054
5.47	0.00006736413904912002
5.48	0.00006693681064649272
5.49	0.0000665143216997589
5.5	0.00006609643122241479
5.51	0.00006568295553763608
5.5200000000000005	0.0000652737476409506
5.53	0.00006486868479661116
5.54	0.00006446766093936042
5.55	0.0000640705819011863
5.5600000000000005	0.00006367736232894687
5.57	0.00006328792363685246
5.58	0.00006290219260758196
5.59	0.0000625201004099161
5.6000000000000005	0.0000621415818904102
5.61	0.00006176657504988736
5.62	0.0000613950206479411
5.63	0.00006102686189895809
5.64	0.000060662044236505073
5.65	0.00006030051513240842
5.66	0.000059942223964574496
5.67	0.00005958712193468521
5.68	0.00005923516204141007
5.69	0.000058886299099897395
5.7	0.00005854048968265635
5.71	0.00005819769135594336
5.72	0.000057857859442866706
5.73	0.000057520941739241356
5.74	0.000057186885856177
5.75	0.000056855658531105064
5.76	0.00005652723551848298
5.7700000000000005	0.000056201585216174693
5.78	0.000055878671058406904
5.79	0.00005555845613079987
5.8	0.00005524090460205492
5.8100000000000005	0.000054925981832452004
5.82	0.00005461365422777204
5.83	0.00005430388910005089
5.84	0.00005399665456780623
5.8500000000000005	0.00005369191948649614
5.86	0.000053389653398110614
5.87	0.000053089826492476935
5.88	0.00005279240957586381
5.89	0.000052497374044321594
5.9	0.00005220469186025438
5.91	0.00005191433553132233
5.92	0.000051626278091114294
5.93	0.000051340493081231525
5.94	0.000051056954534542805
5.95	0.00005077563695944539
5.96	0.00005049651532501457
5.97	0.00005021956504695844
5.98	0.00004994476197431155
5.99	0.000049672082376779085
6.	0.000049401502932445984
6.01	0.00004913300071485125
6.0200000000000005	0.000048866553177696307
6.03	0.00004860213814193369
6.04	0.00004833973380024538
6.05	0.000048079318716648496
6.0600000000000005	0.000047820871799689466
6.07	0.00004756437228660082
6.08	0.00004730979973938933
6.09	0.00004705713403944627
6.1000000000000005	0.000046806355380211606
6.11	0.00004655744425948316
6.12	0.00004631038147192695
6.13	0.00004606514810188605
6.140000000000001	0.00004582172551647904
6.15	0.000045580095358965286
6.16	0.00004534023954235605
6.17	0.00004510214024325544
6.18	0.000044865779895917423
6.19	0.00004463114118650713
6.2	0.00004439820704755654
6.21	0.00004416696065260448
6.22	0.00004393738541101328
6.23	0.000043709464962953066
6.24	0.00004348318317454715
6.25	0.00004325852413317058
6.26	0.0000430354721428957
6.2700000000000005	0.000042814011720078094
6.28	0.0000425941275890764
6.29	0.00004237580467809925
6.3	0.00004215902811518034
6.3100000000000005	0.00004194378322428099
6.32	0.000041730055521495294
6.33	0.00004151783071135595
6.34	0.000041307094683254295
6.3500000000000005	0.00004109783350796462
6.36	0.00004089003343426383
6.37	0.000040683680885643274
6.38	0.00004047876245711042
6.390000000000001	0.00004027526491207686
6.4	0.00004007317517932936
6.41	0.000039872480350081326
6.42	0.00003967316767510114
6.43	0.00003947522456191523
6.44	0.000039278638572082865
6.45	0.00003908339741854009
6.46	0.00003888948896301032
6.47	0.000038696901213479965
6.48	0.00003850562232173561
6.49	0.000038315640580962266
6.5	0.000038126944423398556
6.51	0.00003793952241804948
6.5200000000000005	0.000037753363268452356
6.53	0.000037568455810496115
6.54	0.00003738478901029104
6.55	0.000037202351962087954
6.5600000000000005	0.00003702113388624497
6.57	0.00003684112412724069
6.58	0.00003666231215173172
6.59	0.000036484687546653784
6.6000000000000005	0.000036308240017365146
6.61	0.00003613295938583029
6.62	0.00003595883558884352
6.63	0.00003578585867629086
6.640000000000001	0.000035614018809449124
6.65	0.000035443306259321396
6.66	0.00003527371140500726
6.67	0.000035105224732107615
6.68	0.000034937836831162404
6.69	0.000034771538396120556
6.7	0.00003460632022284151
6.71	0.00003444217320762706
6.72	0.000034279088345782975
6.73	0.00003411705673020946
6.74	0.00003395606955001997
6.75	0.000033796118089186887
6.76	0.00003363719372521459
6.7700000000000005	0.00003347928792783788
6.78	0.00003332239225774638
6.79	0.000033166498365333004
6.8	0.00003301159798946715
6.8100000000000005	0.00003285768295629095
6.82	0.00003270474517803889
6.83	0.000032552776651879496
6.84	0.00003240176945877922
6.8500000000000005	0.000032251715762387463
6.86	0.00003210260780794288
6.87	0.000031954437921199763
6.88	0.00003180719850737468
6.890000000000001	0.000031660882050112615
6.9	0.00003151548111047246
6.91	0.000031370988325930955
6.92	0.000031227396409405366
6.93	0.00003108469814829411
6.94	0.00003094288640353502
6.95	0.000030801954108681186
6.96	0.00003066189426899366
6.97	0.00003052269996055103
6.98	0.000030384364329375607
6.99	0.00003024688059057565
7.	0.000030110242027503807
7.01	0.000029974441990931113
7.0200000000000005	0.000029839473898236686
7.03	0.000029705331232612672
7.04	0.000029572007542284557
7.05	0.000029439496439746097
7.0600000000000005	0.00002930779160100955
7.07	0.000029176886764870365
7.08	0.00002904677573218646
7.09	0.00002891745236517237
7.1000000000000005	0.00002878891058670728
7.11	0.00002866114437965814
7.12	0.00002853414778621648
7.13	0.00002840791490725023
7.140000000000001	0.000028282439901669475
7.15	0.000028157716985806858
7.16	0.000028033740432812584
7.17	0.000027910504572063763
7.18	0.000027788003788588928
7.19	0.00002766623252250714
7.2	0.000027545185268482452
7.21	0.00002742485657519375
7.22	0.000027305241044820165
7.23	0.000027186333332542775
7.24	0.00002706812814606255
7.25	0.00002695062024513526
7.26	0.000026833804441123847
7.2700000000000005	0.00002671767559656869
7.28	0.000026602228624776693
7.29	0.000026487458489429537
7.3	0.000026373360204212374
7.3100000000000005	0.000026259928832463546
7.32	0.000026147159486846698
7.33	0.00002603504732904593
7.34	0.000025923587569485947
7.3500000000000005	0.0000258127754670782
7.36	0.00002570260632899476
7.37	0.000025593075510471757
7.38	0.000025484178414644456
7.390000000000001	0.000025375910492416085
7.4	0.000025268267242363065
7.41	0.000025161244210679404
7.42	0.00002505483699116328
7.43	0.00002494904122524957
7.44	0.000024843852602092073
7.45	0.000024739266858699836
7.46	0.00002463527978013255
7.47	0.00002453188719976066
7.48	0.000024429084999596235
7.49	0.000024326869110701668
7.5	0.000024225235513684177
7.51	0.000024124180239284948
7.5200000000000005	0.000024023699369072867
7.53	0.000023923789036254436
7.54	0.00002382444542661249
7.55	0.000023725664779588522
7.5600000000000005	0.000023627443389525148
7.57	0.000023529777607087626
7.58	0.000023432663840885937
7.59	0.000023336098559322106
7.6000000000000005	0.000023240078292690915
7.61	0.000023144599635566523
7.62	0.000023049659249511754
7.63	0.000022955253866153352
7.640000000000001	0.0000228613802906722
7.65	0.000022768035405765924
7.66	0.00002267521617614999
7.67	0.000022582919653674464
7.68	0.00002249114298314616
7.69	0.00002239988340896108
7.7	0.00002230913828267002
7.71	0.000022218905071621754
7.72	0.00002212918136885386
7.73	0.000022039964904432346
7.74	0.000021951253558478007
7.75	0.000021863045376163504
7.76	0.000021775338585018672
7.7700000000000005	0.000021688131614949496
7.78	0.000021601423121457317
7.79	0.000021515212012645206
7.8	0.0000214294974807228
7.8100000000000005	0.000021344279038874134
7.82	0.000021259556564544968
7.83	0.000021175330350444855
7.84	0.00002109160116486147
7.8500000000000005	0.000021008370323265074
7.86	0.00002092563977366607
7.87	0.00002084341219880817
7.88	0.000020761691139077613
7.890000000000001	0.000020680481141041622
7.9	0.00002059978793787663
7.91	0.0000205196186697147
7.92	0.000020439982154276858
7.930000000000001	0.00002036088922128038
7.94	0.00002028235312830042
7.95	0.000020204390081451917
7.96	0.00002012701989203937
7.97	0.000020050266811077273
7.98	0.00001997416059860199
7.99	0.000019898737905901846
8.	0.000019824044079083274
8.01	0.000019750135536204776
8.02	0.00001967708293442664
8.03	0.000019604975439080122
8.040000000000001	0.000019533926550601046
8.05	0.000019464082166131374
8.06	0.00001939563189704003
8.07	0.000019328825210568246
8.08	0.000019263994848931637
8.09	0.00001920159144013446
8.1	0.000019142235675062945
8.11	0.000019086798651509364
8.120000000000001	0.000019036528375919012
8.13	0.00001899325350400135
8.14	0.000018959718610317444
8.15	0.000018940145283368538
8.16	0.000018941175012426545
8.17	0.000018973406754986758
8.18	0.000019053585273671414
8.19	0.000019206073060309845
8.2	0.000019455508689973834
8.21	0.000019783408928685676
8.22	0.00002003007457505196
8.23	0.000019941813279611436
8.24	0.00001953761365719497
8.25	0.000019075963677565155
8.26	0.000018699121603786392
8.27	0.00001841751468019602
8.28	0.00001820551406860647
8.290000000000001	0.000018039446495990572
8.3	0.000017903271907504583
8.31	0.000017786865877412877
8.32	0.00001768387802235112
8.33	0.000017590262046953275
8.34	0.000017503379460259162
8.35	0.000017421466525890146
8.36	0.00001734331534002081
8.370000000000001	0.000017268079638182206
8.38	0.00001719515395365912
8.39	0.00001712409669700932
8.4	0.000017054580094965424
8.41	0.00001698635691599591
8.42	0.000016919237912942597
8.43	0.00001685307624810199
8.44	0.000016787756555357957
8.45	0.000016723187137331505
8.46	0.000016659294317650967
8.47	0.00001659601829786548
8.48	0.000016533310080110462
8.49	0.000016471129154852698
8.5	0.000016409441744779616
8.51	0.00001634821945770106
8.52	0.0000162874382435571
8.53	0.000016227077579856926
8.540000000000001	0.000016167119830361765
8.55	0.00001610754973635446
8.56	0.000016048354010254565
8.57	0.000015989521008886007
8.58	0.00001593104046922665
8.59	0.00001587290329355025
8.6	0.000015815101373914834
8.61	0.000015757627448243476
8.620000000000001	0.000015700474981986796
8.63	0.00001564363807069794
8.64	0.000015587111359896773
8.65	0.00001553088997943151
8.66	0.000015474969490223295
8.67	0.000015419345841851836
8.68	0.000015364015339951264
8.69	0.000015308974622873634
8.700000000000001	0.000015254220647587095
8.71	0.000015199750685358201
8.72	0.000015145562328492488
8.73	0.000015091653510375624
8.74	0.000015038022542421723
8.75	0.000014984668173537747
8.76	0.000014931589680745537
8.77	0.000014878787004317588
8.78	0.00001482626094828259
8.790000000000001	0.000014774013479354654
8.8	0.000014722048177603966
8.81	0.000014670370926561767
8.82	0.000014618990989921472
8.83	0.00001456792272659864
8.84	0.000014517188381626464
8.85	0.000014466822717601919
8.86	0.000014416880799511153
8.870000000000001	0.00001436745100347639
8.88	0.00001431867553196374
8.89	0.000014270775745112594
8.9	0.000014224048304599791
8.91	0.000014178672617051054
8.92	0.000014133940223374563
8.93	0.00001408730980766732
8.94	0.000014036667298662398
8.950000000000001	0.00001398380990207432
8.96	0.000013931419967988453
8.97	0.000013880361394828306
8.98	0.000013830492756110358
8.99	0.000013781511470759586
9.	0.000013733184073127757
9.01	0.00001368535833066635
9.02	0.000013637938305182548
9.03	0.000013590863038877302
9.040000000000001	0.000013544092876981357
9.05	0.000013497601259906106
9.06	0.000013451369840613427
9.07	0.000013405385544972753
9.08	0.000013359638766459642
9.09	0.000013314122232374394
9.1	0.000013268830275493217
9.11	0.00001322375835583537
9.120000000000001	0.000013178902740110056
9.13	0.000013134260282673473
9.14	0.00001308982827314702
9.15	0.000013045604328635938
9.16	0.000013001586316312634
9.17	0.00001295777229701124
9.18	0.000012914160483582604
9.19	0.000012870749209765601
9.200000000000001	0.000012827536906650145
9.21	0.00001278452208468847
9.22	0.000012741703319808311
9.23	0.000012699079242592134
9.24	0.00001265664852977182
9.25	0.00001261440989748982
9.26	0.000012572362095921192
9.27	0.000012530503904954925
9.28	0.000012488834130708628
9.290000000000001	0.000012447351602707395
9.3	0.000012406055171600235
9.31	0.000012364943707321275
9.32	0.000012324016097630239
9.33	0.000012283271246991428
9.34	0.000012242708075774332
9.35	0.00001220232551978647
9.36	0.000012162122530184514
9.370000000000001	0.00001212209807386016
9.38	0.000012082251134477296
9.39	0.000012042580714466507
9.4	0.000012003085838506444
9.41	0.00001196376555940937
9.42	0.000011924618968016979
9.43	0.000011885645209920687
9.44	0.000011846843513830163
9.450000000000001	0.000011808213239115579
9.46	0.00001176975395034371
9.47	0.000011731465506042132
9.48	0.00001169334802470314
9.49	0.000011655401108788891
9.5	0.000011617620926226306
9.51	0.000011579997172397886
9.52	0.00001154252220530131
9.53	0.000011505202296963305
9.540000000000001	0.000011468045711649061
9.55	0.000011431054219766478
9.56	0.000011394226328219217
9.57	0.000011357560090966824
9.58	0.000011321053829606781
9.59	0.000011284706155004522
9.6	0.000011248515877645006
9.61	0.000011212481933932901
9.620000000000001	0.00001117660333927273
9.63	0.000011140879159935903
9.64	0.000011105308496291295
9.65	0.000011069890472670766
9.66	0.000011034624231111666
9.67	0.000010999508927398173
9.68	0.00001096454372849333
9.69	0.000010929727810831068
9.700000000000001	0.000010895060359151621
9.71	0.000010860540565687962
9.72	0.000010826167629583363
9.73	0.000010791940756464236
9.74	0.00001075785915811923
9.75	0.000010723922052252213
9.76	0.000010690128662287504
9.77	0.00001065647821721266
9.78	0.000010622969951448657
9.790000000000001	0.000010589603104740317
9.8	0.000010556376922061945
9.81	0.000010523290653534537
9.82	0.000010490343554351942
9.83	0.000010457534884714025
9.84	0.000010424863909765555
9.85	0.000010392329899539508
9.86	0.00001035993212890446
9.870000000000001	0.0000103276698775152
9.88	0.000010295542429766653
9.89	0.00001026354907475095
9.9	0.000010231689106218208
9.91	0.000010199961822541846
9.92	0.000010168366526690602
9.93	0.000010136902526210486
9.94	0.000010105569133223221
9.950000000000001	0.000010074365664451506
9.96	0.000010043291441285349
9.97	0.000010012345789891976
9.98	9.981528041271268e-6
9.99	9.950837530688014e-6
10.	9.920273594609079e-6
10.01	9.889835564084724e-6
10.02	9.859522768627918e-6
10.03	9.829334560803842e-6
10.040000000000001	9.799270312506964e-6
10.05	9.769329391516439e-6
10.06	9.73951116107129e-6
10.07	9.709814986167135e-6
10.08	9.680240235951892e-6
10.09	9.6507862840407e-6
10.1	9.621452508365607e-6
10.11	9.592238291003123e-6
10.120000000000001	9.563143018047308e-6
10.13	9.534166079521067e-6
10.14	9.505306869311693e-6
10.15	9.47656478512077e-6
10.16	9.447939228422588e-6
10.17	9.41942960442769e-6
10.18	9.391035322049612e-6
10.19	9.362755793873684e-6
10.200000000000001	9.33459043612718e-6
10.21	9.306538668650547e-6
10.22	9.278599914869272e-6
10.23	9.250773601766381e-6
10.24	9.223059159855408e-6
10.25	9.195456023153745e-6
10.26	9.16796362915637e-6
10.27	9.140581418809869e-6
10.28	9.113308836486797e-6
10.290000000000001	9.086145329960262e-6
10.3	9.059090350378857e-6
10.31	9.032143352241753e-6
10.32	9.005303793374108e-6
10.33	8.978571134902692e-6
10.34	8.951944841231756e-6
10.35	8.925424380019109e-6
10.36	8.899009222152456e-6
10.370000000000001	8.87269884172593e-6
10.38	8.846492716016865e-6
10.39	8.820390325462783e-6
10.4	8.794391153638636e-6
10.41	8.768494687234235e-6
10.42	8.742700416031992e-6
10.43	8.71700783288481e-6
10.44	8.691416433693691e-6
10.450000000000001	8.665925717383556e-6
10.46	8.640535185875702e-6
10.47	8.615244344067077e-6
10.48	8.590052699831165e-6
10.49	8.564959763999364e-6
10.5	8.539965050317174e-6
10.51	8.515068075420332e-6
10.52	8.49026835882042e-6
10.53	8.465565422887215e-6
10.540000000000001	8.440958792829e-6
10.55	8.416447996672454e-6
10.56	8.392032565242654e-6
10.57	8.367712032143319e-6
10.58	8.343485933737232e-6
10.59	8.319353809126858e-6
10.6	8.295315200135148e-6
10.61	8.271369651286496e-6
10.620000000000001	8.247516709787869e-6
10.63	8.223755925510102e-6
10.64	8.20008685096933e-6
10.65	8.176509041308596e-6
10.66	8.153022054279626e-6
10.67	8.12962545022469e-6
10.68	8.106318792058696e-6
10.69	8.083101645251376e-6
10.700000000000001	8.059973577809636e-6
10.71	8.036934160260057e-6
10.72	8.013982965631525e-6
10.73	7.991119569438003e-6
10.74	7.968343549661469e-6
10.75	7.945654486734957e-6
10.76	7.923051963525763e-6
10.77	7.900535565318762e-6
10.78	7.878104879799893e-6
10.790000000000001	7.855759497039743e-6
10.8	7.8334990094773e-6
10.81	7.811323011903786e-6
10.82	7.789231101446671e-6
10.83	7.767222877553785e-6
10.84	7.745297941977565e-6
10.85	7.723455898759447e-6
10.86	7.701696354214337e-6
10.870000000000001	7.680018916915227e-6
10.88	7.658423197677982e-6
10.89	7.63690880954617e-6
10.9	7.615475367776072e-6
10.91	7.594122489821767e-6
10.92	7.572849795320366e-6
10.93	7.551656906077336e-6
10.94	7.53054344605197e-6
10.950000000000001	7.5095090413429415e-6
10.96	7.488553320174016e-6
10.97	7.467675912879824e-6
10.98	7.446876451891766e-6
10.99	7.42615457172405e-6
11.	7.40550990895981e-6
11.01	7.384942102237333e-6
11.02	7.364450792236425e-6
11.03	7.344035621664846e-6
11.040000000000001	7.3236962352448695e-6
11.05	7.303432279699959e-6
11.06	7.283243403741521e-6
11.07	7.263129258055779e-6
11.08	7.243089495290743e-6
11.09	7.223123770043293e-6
11.1	7.203231738846348e-6
11.11	7.183413060156145e-6
11.120000000000001	7.163667394339604e-6
11.13	7.143994403661827e-6
11.14	7.124393752273641e-6
11.15	7.104865106199266e-6
11.16	7.0854081333241025e-6
11.17	7.066022503382584e-6
11.18	7.046707887946119e-6
11.19	7.0274639604111496e-6
11.200000000000001	7.008290395987297e-6
11.21	6.9891868716856014e-6
11.22	6.970153066306835e-6
11.23	6.951188660429941e-6
11.24	6.9322933364005365e-6
11.25	6.913466778319518e-6
11.26	6.894708672031755e-6
11.27	6.876018705114878e-6
11.28	6.857396566868155e-6
11.290000000000001	6.838841948301438e-6
11.3	6.820354542124243e-6
11.31	6.801934042734867e-6
11.32	6.783580146209637e-6
11.33	6.765292550292209e-6
11.34	6.747070954382998e-6
11.35	6.728915059528655e-6
11.36	6.710824568411663e-6
11.370000000000001	6.692799185340001e-6
11.38	6.674838616236912e-6
11.39	6.656942568630748e-6
11.4	6.639110751644915e-6
11.41	6.621342875987898e-6
11.42	6.603638653943373e-6
11.43	6.5859977993604365e-6
11.44	6.5684200276439e-6
11.450000000000001	6.5509050557446636e-6
11.46	6.533452602150254e-6
11.47	6.516062386875356e-6
11.48	6.498734131452534e-6
11.49	6.481467558922993e-6
11.5	6.464262393827474e-6
11.51	6.447118362197221e-6
11.52	6.430035191545097e-6
11.53	6.413012610856769e-6
11.540000000000001	6.396050350582025e-6
11.55	6.379148142626213e-6
11.56	6.362305720341784e-6
11.57	6.345522818519975e-6
11.58	6.328799173382628e-6
11.59	6.3121345225741255e-6
11.6	6.295528605153511e-6
11.61	6.278981161586718e-6
11.620000000000001	6.262491933738997e-6
11.63	6.246060664867523e-6
11.64	6.2296870996141604e-6
11.65	6.213370983998453e-6
11.66	6.197112065410822e-6
11.67	6.180910092606017e-6
11.68	6.1647648156968055e-6
11.69	6.148675986147955e-6
11.700000000000001	6.13264335677052e-6
11.71	6.11666668171648e-6
11.72	6.100745716473727e-6
11.73	6.0848802178615076e-6
11.74	6.069069944026306e-6
11.75	6.053314654438257e-6
11.76	6.0376141098881325e-6
11.77	6.0219680724850165e-6
11.78	6.006376305654685e-6
11.790000000000001	5.990838574138861e-6
11.8	5.97535464399543e-6
11.81	5.959924282599728e-6
11.82	5.9445472586471295e-6
11.83	5.929223342157061e-6
11.84	5.9139523044786975e-6
11.85	5.8987339182985905e-6
11.86	5.883567957650562e-6
11.870000000000001	5.8684541979282376e-6
11.88	5.8533924159006415e-6
11.89	5.838382389731418e-6
11.9	5.823423899002349e-6
11.91	5.808516724741899e-6
11.92	5.793660649459802e-6
11.93	5.778855457188822e-6
11.94	5.764100933535126e-6
11.950000000000001	5.749396865739054e-6
11.96	5.734743042748407e-6
11.97	5.720139255306998e-6
11.98	5.7055852960618665e-6
11.99	5.69108095969335e-6
12.	5.6766260430734205e-6
12.01	5.662220345459097e-6
12.02	5.647863668729706e-6
12.030000000000001	5.633555817679185e-6
12.040000000000001	5.6192966003781215e-6
12.05	5.605085828624592e-6
12.06	5.590923318509005e-6
12.07	5.5768088911264695e-6
12.08	5.5627423734816115e-6
12.09	5.548723599646664e-6
12.1	5.534752412256154e-6
12.11	5.520828664453244e-6
12.120000000000001	5.506952222448908e-6
12.13	5.49312296892194e-6
12.14	5.4793408075872595e-6
12.15	5.465605669408826e-6
12.16	5.451917521160904e-6
12.17	5.438276377394151e-6
12.18	5.424682317419851e-6
12.19	5.411135509821651e-6
12.200000000000001	5.397636248473885e-6
12.21	5.384185006505568e-6
12.22	5.3707825188495256e-6
12.23	5.357429911323759e-6
12.24	5.344128907096058e-6
12.25	5.330882164299763e-6
12.26	5.317693838614929e-6
12.27	5.304570529556529e-6
12.280000000000001	5.2915228473879195e-6
12.290000000000001	5.2785677883152184e-6
12.3	5.2657311551946624e-6
12.31	5.253044140448714e-6
12.32	5.240510398593591e-6
12.33	5.228004335941319e-6
12.34	5.2152259164199615e-6
12.35	5.202061404140353e-6
12.36	5.188779437871916e-6
12.370000000000001	5.1756100210411386e-6
12.38	5.1625989516227204e-6
12.39	5.1497210904048445e-6
12.4	5.136946115378634e-6
12.41	5.1242523338748055e-6
12.42	5.1116258366798486e-6
12.43	5.099057850593397e-6
12.44	5.086542758495274e-6
12.450000000000001	5.074076866700093e-6
12.46	5.0616576697632544e-6
12.47	5.049283412199697e-6
12.48	5.0369528232222605e-6
12.49	5.024664952803127e-6
12.5	5.012419068041042e-6
12.51	5.0002145861644194e-6
12.52	4.988051030279446e-6
12.530000000000001	4.975927999545917e-6
12.540000000000001	4.96384514869592e-6
12.55	4.951802173721616e-6
12.56	4.939798801711582e-6
12.57	4.927834783524835e-6
12.58	4.915909888436896e-6
12.59	4.904023900176631e-6
12.6	4.892176613957486e-6
12.61	4.880367834228907e-6
12.620000000000001	4.86859737295544e-6
12.63	4.856865048287006e-6
12.64	4.845170683521942e-6
12.65	4.8335141062915425e-6
12.66	4.821895147913521e-6
12.67	4.810313642875526e-6
12.68	4.798769428419568e-6
12.69	4.787262344205322e-6
12.700000000000001	4.775792232035547e-6
12.71	4.764358935630793e-6
12.72	4.752962300443375e-6
12.73	4.74160217350296e-6
12.74	4.730278403287613e-6
12.75	4.718990839615587e-6
12.76	4.707739333554011e-6
12.77	4.69652373734148e-6
12.780000000000001	4.685343904322101e-6
12.790000000000001	4.674199688889079e-6
12.8	4.663090946436219e-6
12.81	4.652017533316081e-6
12.82	4.64097930680376e-6
12.83	4.62997612506544e-6
12.84	4.619007847131009e-6
12.85	4.608074332870199e-6
12.86	4.597175442971795e-6
12.870000000000001	4.58631103892555e-6
12.88	4.575480983006544e-6
12.89	4.5646851382617575e-6
12.9	4.553923368498777e-6
12.91	4.543195538276523e-6
12.92	4.532501512898073e-6
12.93	4.521841158405633e-6
12.94	4.511214341577913e-6
12.950000000000001	4.500620929930226e-6
12.96	4.490060791717841e-6
12.97	4.479533795943332e-6
12.98	4.469039812369001e-6
12.99	4.458578711535906e-6
13.	4.448150364791698e-6
13.01	4.437754644330373e-6
13.02	4.4273914232485644e-6
13.030000000000001	4.417060575625081e-6
13.040000000000001	4.4067619766337255e-6
13.05	4.39649550270463e-6
13.06	4.386261031757599e-6
13.07	4.376058443544337e-6
13.08	4.3658876201586505e-6
13.09	4.355748446811311e-6
13.1	4.345640813030989e-6
13.11	4.33556461456625e-6
13.120000000000001	4.325519756465115e-6
13.13	4.3155061581650165e-6
13.14	4.305523762032874e-6
13.15	4.29557254768877e-6
13.16	4.285652555037677e-6
13.17	4.2757639151903676e-6
13.18	4.265906861049569e-6
13.19	4.2560815696364065e-6
13.200000000000001	4.246287403282267e-6
13.21	4.236521580182591e-6
13.22	4.2267808148320625e-6
13.23	4.2170662628743e-6
13.24	4.207381323134804e-6
13.25	4.197727372852737e-6
13.26	4.188104261718183e-6
13.27	4.178511509517252e-6
13.280000000000001	4.168948697966956e-6
13.290000000000001	4.1594155124368385e-6
13.3	4.149911713830785e-6
13.31	4.140437110715592e-6
13.32	4.130991540898408e-6
13.33	4.121574860294833e-6
13.34	4.112186936309705e-6
13.35	4.102827643864332e-6
13.36	4.093496862966452e-6
13.370000000000001	4.084194477190283e-6
13.38	4.074920372703754e-6
13.39	4.065674437631715e-6
13.4	4.056456561630142e-6
13.41	4.0472666355954925e-6
13.42	4.03810455146255e-6
13.43	4.0289702020612015e-6
13.44	4.019863481013234e-6
13.450000000000001	4.010784282656691e-6
13.46	4.001732501989598e-6
13.47	3.992708034627362e-6
13.48	3.983710776770121e-6
13.49	3.9747406251772464e-6
13.5	3.96579747714719e-6
13.51	3.9568812305013055e-6
13.52	3.947991783570633e-6
13.530000000000001	3.939129035184976e-6
13.540000000000001	3.9302928846637345e-6
13.55	3.921483231808056e-6
13.56	3.912699976894084e-6
13.57	3.903943020667018e-6
13.58	3.895212264335853e-6
13.59	3.886507609568628e-6
13.6	3.877828958488116e-6
13.61	3.869176213667862e-6
13.620000000000001	3.860549278128495e-6
13.63	3.851948055334308e-6
13.64	3.843372449189973e-6
13.65	3.834822364037485e-6
13.66	3.826297704653208e-6
13.67	3.81779837624505e-6
13.68	3.8093242844497496e-6
13.69	3.8008753353302402e-6
13.700000000000001	3.7924514353731187e-6
13.71	3.784052491486174e-6
13.72	3.775678410996003e-6
13.73	3.767329101645683e-6
13.74	3.759004471592563e-6
13.75	3.750704429406097e-6
13.76	3.7424288840658205e-6
13.77	3.7341777449594443e-6
13.780000000000001	3.725950921881121e-6
13.790000000000001	3.7177483250299687e-6
13.8	3.7095698650089263e-6
13.81	3.7014154528241427e-6
13.82	3.693284999885147e-6
13.83	3.6851784180062792e-6
13.84	3.677095619410136e-6
13.85	3.6690365167343727e-6
13.86	3.6610010230441564e-6
13.870000000000001	3.6529890518543346e-6
13.88	3.64500051716814e-6
13.89	3.637035333542559e-6
13.9	3.6290934161882886e-6
13.91	3.6211746810703644e-6
13.92	3.6132790447523546e-6
13.93	3.60540642295698e-6
13.94	3.59755672618012e-6
13.950000000000001	3.5897298579087574e-6
13.96	3.5819257302426456e-6
13.97	3.574144271856402e-6
13.98	3.5663854099066185e-6
13.99	3.558649064078971e-6
14.	3.5509351514495148e-6
14.01	3.543243589249174e-6
14.02	3.5355742954354424e-6
14.030000000000001	3.5279271886513163e-6
14.040000000000001	3.520302188110478e-6
14.05	3.5126992135113447e-6
14.06	3.5051181849829805e-6
14.07	3.497559023052099e-6
14.08	3.4900216486226978e-6
14.09	3.482505982963028e-6
14.1	3.475011947696896e-6
14.11	3.4675394647974936e-6
14.120000000000001	3.460088456582834e-6
14.13	3.45265884571215e-6
14.14	3.4452505551829055e-6
14.15	3.4378635083282243e-6
14.16	3.4304976288146004e-6
14.17	3.4231528406397696e-6
14.18	3.4158290681307285e-6
14.19	3.408526235941857e-6
14.200000000000001	3.4012442690530854e-6
14.21	3.3939830927681273e-6
14.22	3.3867426327127555e-6
14.23	3.3795228148331056e-6
14.24	3.372323565394001e-6
14.25	3.3651448109773078e-6
14.26	3.3579864784803115e-6
14.27	3.3508484951140903e-6
14.280000000000001	3.3437307884019266e-6
14.290000000000001	3.3366332861777327e-6
14.3	3.3295559165844523e-6
14.31	3.3224986080725225e-6
14.32	3.3154612893983146e-6
14.33	3.3084438896225995e-6
14.34	3.301446338109022e-6
14.35	3.2944685645225667e-6
14.36	3.287510498828069e-6
14.370000000000001	3.280572071288707e-6
14.38	3.2736532124645093e-6
14.39	3.266753853210877e-6
14.4	3.259873924677107e-6
14.41	3.253013358304938e-6
14.42	3.2461720858270847e-6
14.43	3.2393500392658006e-6
14.44	3.232547150931437e-6
14.450000000000001	3.2257633534210195e-6
14.46	3.2189985796168255e-6
14.47	3.212252762684975e-6
14.48	3.2055258360740326e-6
14.49	3.1988177335136213e-6
14.5	3.1921283890130514e-6
14.51	3.1854577368599627e-6
14.52	3.1788057116189948e-6
14.530000000000001	3.172172248130497e-6
14.540000000000001	3.165557281509292e-6
14.55	3.158960747143505e-6
14.56	3.152382580693389e-6
14.57	3.1458227180896123e-6
14.58	3.1392810955291016e-6
14.59	3.1327576494657715e-6
14.6	3.126252316608189e-6
14.61	3.1197650339472643e-6
14.620000000000001	3.1132957387633977e-6
14.63	3.1068443685934656e-6
14.64	3.1004108612224684e-6
14.65	3.093995154690753e-6
14.66	3.087597187296981e-6
14.67	3.08121689759766e-6
14.68	3.0748542244057952e-6
14.69	3.068509106789441e-6
14.700000000000001	3.062181484070333e-6
14.71	3.055871295822565e-6
14.72	3.04957848187131e-6
14.73	3.0433029822915735e-6
14.74	3.037044737406959e-6
14.75	3.030803687788455e-6
14.76	3.0245797742532285e-6
14.77	3.0183729378634194e-6
14.780000000000001	3.0121831199249646e-6
14.790000000000001	3.0060102619864067e-6
14.8	2.999854305837726e-6
14.81	2.9937151935091674e-6
14.82	2.987592867270083e-6
14.83	2.981487269627781e-6
14.84	2.9753983433263753e-6
14.85	2.969326031345641e-6
14.86	2.9632702768998885e-6
14.870000000000001	2.9572310234368283e-6
14.88	2.9512082146364535e-6
14.89	2.94520179440992e-6
14.9	2.939211706898439e-6
14.91	2.933237896472174e-6
14.92	2.927280307729142e-6
14.93	2.9213388854941245e-6
14.94	2.9154135748175786e-6
14.950000000000001	2.9095043209745646e-6
14.96	2.9036110694636585e-6
14.97	2.8977337660059048e-6
14.98	2.8918723565437345e-6
14.99	2.8860267872399224e-6
15.	2.880197004476534e-6
15.01	2.874382954853876e-6
15.02	2.868584585189463e-6
15.030000000000001	2.862801842516983e-6
15.040000000000001	2.857034674085274e-6
15.05	2.851283027357293e-6
15.06	2.845546850009107e-6
15.07	2.8398260899288796e-6
15.08	2.8341206952158662e-6
15.09	2.828430614179415e-6
15.1	2.8227557953379756e-6
15.11	2.817096187418099e-6
15.120000000000001	2.8114517393534673e-6
15.13	2.805822400283909e-6
15.14	2.8002081195544303e-6
15.15	2.794608846714238e-6
15.16	2.789024531515788e-6
15.17	2.7834551239138165e-6
15.18	2.777900574064381e-6
15.19	2.7723608323239254e-6
15.200000000000001	2.76683584924836e-6
15.21	2.7613255755921233e-6
15.22	2.7558299623072193e-6
15.23	2.750348960542291e-6
15.24	2.7448825216417094e-6
15.25	2.7394305971446566e-6
15.26	2.733993138784216e-6
15.27	2.7285700984864664e-6
15.280000000000001	2.7231614283695743e-6
15.290000000000001	2.717767080742902e-6
15.3	2.712387008106115e-6
15.31	2.7070211631482874e-6
15.32	2.701669498747027e-6
15.33	2.6963319679675936e-6
15.34	2.691008524062025e-6
15.35	2.685699120468268e-6
15.36	2.680403710809317e-6
15.370000000000001	2.6751222488923486e-6
15.38	2.6698546887078726e-6
15.39	2.6646009844288808e-6
15.4	2.6593610904099898e-6
15.41	2.6541349611866223e-6
15.42	2.648922551474144e-6
15.43	2.643723816167049e-6
15.44	2.638538710338127e-6
15.450000000000001	2.633367189237633e-6
15.46	2.628209208292479e-6
15.47	2.6230647231054094e-6
15.48	2.6179336894541936e-6
15.49	2.612816063290824e-6
15.5	2.6077118007407007e-6
15.51	2.602620858101853e-6
15.52	2.5975431918441236e-6
15.530000000000001	2.5924787586083983e-6
15.540000000000001	2.5874275152058065e-6
15.55	2.5823894186169513e-6
15.56	2.57736442599112e-6
15.57	2.57235249464552e-6
15.58	2.5673535820645098e-6
15.59	2.562367645898826e-6
15.6	2.5573946439648303e-6
15.610000000000001	2.5524345342437486e-6
15.620000000000001	2.5474872748809193e-6
15.63	2.542552824185046e-6
15.64	2.5376311406274434e-6
15.65	2.5327221828413092e-6
15.66	2.527825909620975e-6
15.67	2.5229422799211794e-6
15.68	2.518071252856338e-6
15.69	2.513212787699813e-6
15.700000000000001	2.508366843883196e-6
15.71	2.5035333809955824e-6
15.72	2.498712358782872e-6
15.73	2.493903737147034e-6
15.74	2.489107476145428e-6
15.75	2.484323535990072e-6
15.76	2.479551877046969e-6
15.77	2.474792459835387e-6
15.780000000000001	2.4700452450271827e-6
15.790000000000001	2.465310193446109e-6
15.8	2.4605872660671244e-6
15.81	2.455876424015715e-6
15.82	2.4511776285672195e-6
15.83	2.446490841146141e-6
15.84	2.4418160233254917e-6
15.85	2.4371531368261176e-6
15.860000000000001	2.432502143516034e-6
15.870000000000001	2.427863005409764e-6
15.88	2.423235684667686e-6
15.89	2.4186201435953684e-6
15.9	2.414016344642931e-6
15.91	2.4094242504043954e-6
15.92	2.4048438236170306e-6
15.93	2.4002750271607256e-6
15.94	2.3957178240573438e-6
15.950000000000001	2.391172177470093e-6
15.96	2.3866380507028924e-6
15.97	2.3821154071997474e-6
15.98	2.377604210544121e-6
15.99	2.373104424458317e-6
16.	2.368616012802861e-6
16.01	2.3641389395758874e-6
16.02	2.3596731689125235e-6
16.03	2.3552186650842876e-6
16.04	2.3507753924984786e-6
16.05	2.346343315697579e-6
16.06	2.341922399358656e-6
16.07	2.337512608292756e-6
16.080000000000002	2.3331139074443347e-6
16.09	2.328726261890644e-6
16.1	2.324349636841161e-6
16.11	2.319983997637004e-6
16.12	2.3156293097503444e-6
16.13	2.311285538783846e-6
16.14	2.3069526504700746e-6
16.15	2.3026306106709467e-6
16.16	2.298319385377143e-6
16.17	2.294018940707567e-6
16.18	2.289729242908772e-6
16.19	2.2854502583544055e-6
16.2	2.2811819535446616e-6
16.21	2.276924295105731e-6
16.22	2.272677249789256e-6
16.23	2.268440784471782e-6
16.240000000000002	2.2642148661542356e-6
16.25	2.259999461961374e-6
16.26	2.2557945391412663e-6
16.27	2.2516000650647704e-6
16.28	2.2474160072250025e-6
16.29	2.243242333236838e-6
16.3	2.239079010836385e-6
16.31	2.234926007880499e-6
16.32	2.2307832923462716e-6
16.330000000000002	2.2266508323305514e-6
16.34	2.2225285960494636e-6
16.35	2.218416551837924e-6
16.36	2.214314668149199e-6
16.37	2.210222913554437e-6
16.38	2.206141256742247e-6
16.39	2.202069666518269e-6
16.4	2.198008111804781e-6
16.41	2.1939565616403132e-6
16.42	2.1899149851793067e-6
16.43	2.1858833516917874e-6
16.44	2.181861630563089e-6
16.45	2.1778497912936282e-6
16.46	2.1738478034987242e-6
16.47	2.169855636908521e-6
16.48	2.165873261367972e-6
16.490000000000002	2.161900646836975e-6
16.5	2.1579377633906435e-6
16.51	2.1539845812197783e-6
16.52	2.1500410706316133e-6
16.53	2.1461072020508823e-6
16.54	2.142182946021363e-6
16.55	2.138268273208015e-6
16.56	2.1343631543999624e-6
16.57	2.1304675605146054e-6
16.580000000000002	2.126581462603337e-6
16.59	2.1227048318595007e-6
16.6	2.1188376396295587e-6
16.61	2.1149798574289656e-6
16.62	2.111131456964942e-6
16.63	2.107292410169717e-6
16.64	2.1034626892497743e-6
16.65	2.0996422667602354e-6
16.66	2.0958311157194476e-6
16.67	2.0920292097893856e-6
16.68	2.0882365235659906e-6
16.69	2.08445303305655e-6
16.7	2.0806787164782015e-6
16.71	2.076913555600653e-6
16.72	2.073157537945289e-6
16.73	2.0694106599695015e-6
16.740000000000002	2.065672929511948e-6
16.75	2.061944356754383e-6
16.76	2.058224895898369e-6
16.77	2.0545143024566786e-6
16.78	2.0508121687962834e-6
16.79	2.0471184555596393e-6
16.8	2.043433513379081e-6
16.81	2.0397575442772407e-6
16.82	2.036090545442581e-6
16.830000000000002	2.032432453461992e-6
16.84	2.0287832061647727e-6
16.85	2.025142752747048e-6
16.86	2.0215110514860737e-6
16.87	2.0178880665244425e-6
16.88	2.014273765625967e-6
16.89	2.010668118801643e-6
16.9	2.007071097492001e-6
16.91	2.003482674078205e-6
16.92	1.9999028215846358e-6
16.93	1.9963315134939694e-6
16.94	1.9927687236295025e-6
16.95	1.989214426078573e-6
16.96	1.9856685951415862e-6
16.97	1.982131205297398e-6
16.98	1.9786022311793145e-6
16.990000000000002	1.9750816475581544e-6
17.	1.97156942933007e-6
17.01	1.9680655515076276e-6
17.02	1.9645699892131957e-6
17.03	1.96108271767391e-6
17.04	1.9576037122178404e-6
17.05	1.954132948270959e-6
17.06	1.9506704013547593e-6
17.07	1.9472160470843133e-6
17.080000000000002	1.9437698611666882e-6
17.09	1.940331819399623e-6
17.1	1.936901897670399e-6
17.11	1.933480071954876e-6
17.12	1.9300663183166404e-6
17.13	1.9266606129062596e-6
17.14	1.9232629319605974e-6
17.150000000000002	1.9198732518022085e-6
17.16	1.9164915488387583e-6
17.17	1.9131177995625034e-6
17.18	1.9097519805497924e-6
17.19	1.9063940684605938e-6
17.2	1.9030440400380533e-6
17.21	1.8997018721080564e-6
17.22	1.8963675415788253e-6
17.23	1.8930410254404999e-6
17.240000000000002	1.8897223007647633e-6
17.25	1.8864113447044556e-6
17.26	1.8831081344931943e-6
17.27	1.8798126474450203e-6
17.28	1.8765248609540263e-6
17.29	1.8732447524940123e-6
17.3	1.8699722996181309e-6
17.31	1.8667074799585482e-6
17.32	1.863450271226092e-6
17.330000000000002	1.8602006512099326e-6
17.34	1.8569585977772347e-6
17.35	1.8537240888728302e-6
17.36	1.850497102518895e-6
17.37	1.847277616814623e-6
17.38	1.8440656099359002e-6
17.39	1.8408610601349902e-6
17.400000000000002	1.8376639457402149e-6
17.41	1.8344742451556404e-6
17.42	1.8312919368607599e-6
17.43	1.828116999410194e-6
17.44	1.8249494114333675e-6
17.45	1.8217891516342195e-6
17.46	1.8186361987908876e-6
17.47	1.815490531755413e-6
17.48	1.8123521294534353e-6
17.490000000000002	1.809220970883906e-6
17.5	1.806097035118785e-6
17.51	1.8029803013027537e-6
17.52	1.7998707486529304e-6
17.53	1.7967683564585801e-6
17.54	1.7936731040808441e-6
17.55	1.7905849709524582e-6
17.56	1.7875039365774947e-6
17.57	1.7844299805310991e-6
17.580000000000002	1.781363082459245e-6
17.59	1.778303222078509e-6
17.6	1.7752503791758517e-6
17.61	1.7722045336084443e-6
17.62	1.7691656653035218e-6
17.63	1.766133754258306e-6
17.64	1.763108780540004e-6
17.650000000000002	1.7600907242859426e-6
17.66	1.7570795657038964e-6
17.67	1.7540752850727202e-6
17.68	1.7510778627434836e-6
17.69	1.7480872791413977e-6
17.7	1.7451035147691024e-6
17.71	1.7421265502122245e-6
17.72	1.7391563661488916e-6
17.73	1.7361929433658705e-6
17.740000000000002	1.7332362627851386e-6
17.75	1.7302863055021107e-6
17.76	1.727343052813013e-6
17.77	1.7244064860948954e-6
17.78	1.721476586069311e-6
17.79	1.7185533310751906e-6
17.8	1.7156366977116747e-6
17.81	1.7127266672847123e-6
17.82	1.7098232256098135e-6
17.830000000000002	1.7069263566300822e-6
17.84	1.7040360419604391e-6
17.85	1.7011522626003996e-6
17.86	1.6982749996379422e-6
17.87	1.6954042343591202e-6
17.88	1.6925399482187231e-6
17.89	1.6896821228018055e-6
17.900000000000002	1.6868307397970153e-6
17.91	1.6839857809802053e-6
17.92	1.6811472282045768e-6
17.93	1.6783150633947061e-6
17.94	1.6754892685427951e-6
17.95	1.6726698257062658e-6
17.96	1.6698567170061275e-6
17.97	1.6670499246258525e-6
17.98	1.6642494308105225e-6
17.990000000000002	1.6614552178662027e-6
18.	1.6586672681594173e-6
18.01	1.6558855641167189e-6
18.02	1.6531100882243192e-6
18.03	1.650340823027747e-6
18.04	1.6475777511315497e-6
18.05	1.6448208551990028e-6
18.06	1.6420701179518374e-6
18.07	1.6393255221699838e-6
18.080000000000002	1.6365870506913144e-6
18.09	1.6338546864114053e-6
18.1	1.6311284122832854e-6
18.11	1.6284082113172104e-6
18.12	1.6256940665804207e-6
18.13	1.6229859611969184e-6
18.14	1.620283878347235e-6
18.150000000000002	1.6175878012682088e-6
18.16	1.6148977132527585e-6
18.17	1.6122135976496583e-6
18.18	1.6095354378633266e-6
18.19	1.6068632173535978e-6
18.2	1.6041969196355083e-6
18.21	1.6015365282790766e-6
18.22	1.598882026909095e-6
18.23	1.5962333992049072e-6
18.240000000000002	1.5935906289001995e-6
18.25	1.5909536997827901e-6
18.26	1.5883225956944114e-6
18.27	1.5856973005305076e-6
18.28	1.583077798240021e-6
18.29	1.580464072825188e-6
18.3	1.577856108341326e-6
18.31	1.5752538888966365e-6
18.32	1.5726573986519846e-6
18.330000000000002	1.5700666218207152e-6
18.34	1.567481542668435e-6
18.35	1.564902145512812e-6
18.36	1.5623284147233814e-6
18.37	1.559760334721336e-6
18.38	1.557197889979335e-6
18.39	1.5546410650212977e-6
18.400000000000002	1.5520898444222124e-6
18.41	1.5495442128079341e-6
18.42	1.5470041548549936e-6
18.43	1.5444696552903975e-6
18.44	1.5419406988914368e-6
18.45	1.5394172704854947e-6
18.46	1.5368993549498499e-6
18.47	1.5343869372114927e-6
18.48	1.531880002246923e-6
18.490000000000002	1.5293785350819742e-6
18.5	1.5268825207916144e-6
18.51	1.5243919444997623e-6
18.52	1.521906791379106e-6
18.53	1.5194270466509074e-6
18.54	1.5169526955848331e-6
18.55	1.5144837234987629e-6
18.56	1.5120201157586219e-6
18.57	1.5095618577782032e-6
18.580000000000002	1.5071089350190143e-6
18.59	1.5046613329901249e-6
18.6	1.502219037248046e-6
18.61	1.499782033396654e-6
18.62	1.4973503070871477e-6
18.63	1.4949238440179804e-6
18.64	1.4925026299342778e-6
18.650000000000002	1.490086650625043e-6
18.66	1.4876758919165926e-6
18.67	1.4852703396740026e-6
18.68	1.4828699798247366e-6
18.69	1.4804747983593574e-6
18.7	1.4780847813072737e-6
18.71	1.475699914734078e-6
18.72	1.4733201847478347e-6
18.73	1.4709455775016646e-6
18.740000000000002	1.468576079194029e-6
18.75	1.4662116760684606e-6
18.76	1.46385235441324e-6
18.77	1.4614981005611396e-6
18.78	1.459148900889186e-6
18.79	1.456804741818463e-6
18.8	1.4544656098139196e-6
18.81	1.4521314913841926e-6
18.82	1.449802373081433e-6
18.830000000000002	1.4474782415011414e-6
18.84	1.4451590832819936e-6
18.85	1.4428448851056848e-6
18.86	1.4405356336967598e-6
18.87	1.4382313158224523e-6
18.88	1.4359319182925254e-6
18.89	1.433637427959111e-6
18.900000000000002	1.4313478317165494e-6
18.91	1.4290631165012345e-6
18.92	1.426783269291447e-6
18.93	1.4245082771072108e-6
18.94	1.4222381270101212e-6
18.95	1.4199728061032042e-6
18.96	1.4177123015307492e-6
18.97	1.4154566004781647e-6
18.98	1.413205690171816e-6
18.990000000000002	1.4109595578788787e-6
19.	1.4087181909071849e-6
19.01	1.4064815766050666e-6
19.02	1.404249702361213e-6
19.03	1.4020225556045124e-6
19.04	1.3998001238039101e-6
19.05	1.3975823944682509e-6
19.06	1.3953693551461379e-6
19.07	1.3931609934257794e-6
19.080000000000002	1.390957296934847e-6
19.09	1.388758253340326e-6
19.1	1.3865638503483666e-6
19.11	1.3843740757041456e-6
19.12	1.3821889171917132e-6
19.13	1.38000836263386e-6
19.14	1.377832399891961e-6
19.150000000000002	1.3756610168658412e-6
19.16	1.3734942014936337e-6
19.17	1.3713319417516308e-6
19.18	1.3691742256541516e-6
19.19	1.3670210412533946e-6
19.2	1.3648723766393024e-6
19.21	1.362728219939421e-6
19.22	1.360588559318761e-6
19.23	1.3584533829796568e-6
19.240000000000002	1.3563226791616368e-6
19.25	1.3541964361412778e-6
19.26	1.3520746422320731e-6
19.27	1.349957285784297e-6
19.28	1.3478443551848663e-6
19.29	1.3457358388572125e-6
19.3	1.3436317252611374e-6
19.31	1.3415320028926902e-6
19.32	1.3394366602840267e-6
19.330000000000002	1.337345686003283e-6
19.34	1.3352590686544385e-6
19.35	1.3331767968771864e-6
19.36	1.3310988593468056e-6
19.37	1.3290252447740274e-6
19.38	1.3269559419049072e-6
19.39	1.324890939520694e-6
19.400000000000002	1.3228302264377064e-6
19.41	1.320773791507202e-6
19.42	1.318721623615245e-6
19.43	1.316673711682578e-6
19.44	1.3146300446644813e-6
19.45	1.312590611550667e-6
19.46	1.3105554013651888e-6
19.47	1.3085244031663003e-6
19.48	1.30649760604629e-6
19.490000000000002	1.3044749991313731e-6
19.5	1.3024565715815683e-6
19.51	1.3004423125905804e-6
19.52	1.2984322113856848e-6
19.53	1.2964262572275953e-6
19.54	1.2944244394103507e-6
19.55	1.2924267472611905e-6
19.56	1.2904331701404345e-6
19.57	1.2884436974413624e-6
19.580000000000002	1.2864583185901e-6
19.59	1.2844770230454907e-6
19.6	1.2824998002989841e-6
19.61	1.2805266398745192e-6
19.62	1.2785575313284022e-6
19.63	1.2765924642491932e-6
19.64	1.2746314282575864e-6
19.650000000000002	1.2726744130062991e-6
19.66	1.2707214081799533e-6
19.67	1.2687724034949607e-6
19.68	1.2668273886994107e-6
19.69	1.264886353572952e-6
19.7	1.262949287926682e-6
19.71	1.2610161816030364e-6
19.72	1.2590870244756707e-6
19.73	1.2571618064493516e-6
19.740000000000002	1.2552405174598463e-6
19.75	1.2533231474738122e-6
19.76	1.2514096864886772e-6
19.77	1.249500124532544e-6
19.78	1.2475944516640656e-6
19.79	1.2456926579723495e-6
19.8	1.2437947335768365e-6
19.81	1.2419006686272019e-6
19.82	1.2400104533032404e-6
19.830000000000002	1.2381240778147642e-6
19.84	1.2362415324014924e-6
19.85	1.2343628073329446e-6
19.86	1.2324878929083357e-6
19.87	1.2306167794564696e-6
19.88	1.2287494573356342e-6
19.89	1.2268859169334945e-6
19.900000000000002	1.2250261486669907e-6
19.91	1.2231701429822348e-6
19.92	1.2213178903544021e-6
19.93	1.2194693812876307e-6
19.94	1.2176246063149217e-6
19.95	1.2157835559980323e-6
19.96	1.2139462209273741e-6
19.97	1.2121125917219159e-6
19.98	1.2102826590290765e-6
19.990000000000002	1.2084564135246278e-6
20.	1.2066338459125942e-6