0.	0.
0.01	0.00005516280499366959
0.02	0.00011037729845937542
0.03	0.0001656952919760871
0.04	0.00022116884389240747
0.05	0.00027685038410489696
0.06	0.00033279284052010295
0.07	0.000389049767780824
0.08	0.00044567547885394725
0.09	0.0005027251800985584
0.1	0.000560255110459163
0.11	0.0006183226854600776
0.12	0.000676986646713697
0.13	0.0007363072176978568
0.14	0.0007963462666063266
0.15	0.0008571674771322522
0.16	0.000918836528107661
0.17	0.000981421282993821
0.18	0.001044991990298123
0.19	0.0011096214960842096
0.2	0.0011753854698445692
0.21	0.0012423626451199261
0.22	0.0013106350763791015
0.23	0.0013802884138182738
0.24	0.0014514121979017673
0.25	0.0015241001756498129
0.26	0.0015984506408849109
0.27	0.0016745668008803507
0.28	0.00175255717211566
0.29	0.0018325360081381725
0.3	0.0019146237628621715
0.31	0.0019989475930124413
0.32	0.0020856419038437946
0.33	0.0021748489427491817
0.34	0.002266719445914868
0.35000000000000003	0.002361413343801341
0.36	0.0024591005319344254
0.37	0.0025599617142957583
0.38	0.002664189327520553
0.39	0.002771988555161907
0.4	0.0028835784424857025
0.41000000000000003	0.002999193123643824
0.42	0.003119083174665741
0.43	0.0032435171075444395
0.44	0.0033727830228144555
0.45	0.003507190440477084
0.46	0.003647072331980453
0.47000000000000003	0.003792787379281402
0.48	0.003944722490888223
0.49	0.004103295609311436
0.5	0.004268958849659487
0.51	0.004442202015359439
0.52	0.00462355654434419
0.53	0.004813599947753833
0.54	0.005012960813526167
0.55	0.005222324459541478
0.56	0.005442439335660525
0.5700000000000001	0.005674124291575109
0.58	0.0059182768485287335
0.59	0.006175882638475531
0.6	0.006448026205153144
0.61	0.006735903399143128
0.62	0.007040835644923444
0.63	0.007364286414276489
0.64	0.007707880309892169
0.65	0.008073425249067477
0.66	0.00846293834455417
0.67	0.008878676213727543
0.68	0.009323170616072074
0.6900000000000001	0.00979927053274442
0.7000000000000001	0.010310192074327675
0.71	0.010859577952179742
0.72	0.011451568699847101
0.73	0.012090888417807455
0.74	0.01278294858411072
0.75	0.013533974490418274
0.76	0.014351160219021622
0.77	0.015242859901690714
0.78	0.016218825482512838
0.79	0.017290504615993893
0.8	0.01847141706893217
0.81	0.019777634657777012
0.8200000000000001	0.021228399248188135
0.8300000000000001	0.02284692706421823
0.84	0.02466146768140309
0.85	0.02670671608176346
0.86	0.02902572165598443
0.87	0.031672508347013996
0.88	0.03471573090987948
0.89	0.03824387044176615
0.9	0.04237276502838339
0.91	0.04725676215604143
0.92	0.05310561744565999
0.93	0.06021070992732539
0.9400000000000001	0.06898661812709386
0.9500000000000001	0.08003809477831524
0.96	0.09426756818669334
0.97	0.1130378304782076
0.98	0.13836366524633423
0.99	0.1729078238082795
1.	0.21910894505394857
1.01	0.27707986726562717
1.02	0.34348913467912073
1.03	0.4133730210304042
1.04	0.4823137743415835
1.05	0.5471200988338619
1.06	0.6056732220200897
1.07	0.6566375458096302
1.08	0.6992353659635044
1.09	0.7330954094464306
1.1	0.7581519403552299
1.11	0.7745747722392484
1.12	0.7827177202668956
1.1300000000000001	0.7830781807111676
1.1400000000000001	0.7762636654831926
1.1500000000000001	0.7629629547346302
1.16	0.743920594845675
1.17	0.7199140853271289
1.18	0.6917334510916567
1.19	0.660163091420106
1.2	0.6259658947334622
1.21	0.589869645387906
1.22	0.5525557477830042
1.23	0.5146502688444353
1.24	0.47671726245738455
1.25	0.4392542958311563
1.26	0.40269005327797625
1.27	0.3673838513152025
1.28	0.333626863096184
1.29	0.3016448217757517
1.3	0.27160195255574987
1.31	0.2436058721184707
1.32	0.21771319150251917
1.33	0.19393556302498186
1.34	0.172245921556731
1.35	0.1525846821095889
1.36	0.1348656643520528
1.37	0.11898151272488851
1.3800000000000001	0.1048083574298182
1.3900000000000001	0.09220940740667746
1.4000000000000001	0.08103710962997018
1.41	0.0711336995371882
1.42	0.062331656389602044
1.43	0.05446322241720047
1.44	0.04740686348352268
1.45	0.041181165371488984
1.46	0.03592718528516097
1.47	0.03167769749766252
1.48	0.028279297626585778
1.49	0.025526623240580675
1.5	0.023251152953506694
1.51	0.021332911685560486
1.52	0.019688731058622642
1.53	0.018260168876791334
1.54	0.017005092347628818
1.55	0.0158922880570095
1.56	0.014898040517590659
1.57	0.014003924718833247
1.58	0.01319534657817535
1.59	0.012460552189887527
1.6	0.011789937957607806
1.61	0.01117555875505054
1.62	0.010610769657620122
1.6300000000000001	0.010089959871349773
1.6400000000000001	0.009608351671344698
1.6500000000000001	0.009161846081169229
1.6600000000000001	0.00874690275984604
1.67	0.008360445330831441
1.68	0.007999785912849739
1.69	0.0076625643374660804
1.7	0.007346698737242199
1.71	0.0070503450352531576
1.72	0.006771863474032132
1.73	0.006509790763541447
1.74	0.006262816752932816
1.75	0.006029764773193457
1.76	0.005809574980384221
1.77	0.0056012901681992645
1.78	0.005404043625434713
1.79	0.005217048696821961
1.8	0.005039589770482501
1.81	0.004871014466329573
1.82	0.004710726840282041
1.83	0.004558181451558601
1.84	0.004412878166385471
1.85	0.004274357592545398
1.86	0.004142197056364278
1.87	0.004016007047780594
1.8800000000000001	0.003895428070697329
1.8900000000000001	0.0037801278453644138
1.9000000000000001	0.0036697988174666375
1.9100000000000001	0.0035641559352009985
1.92	0.003462934661160335
1.93	0.0033658891904903665
1.94	0.0032727908507099385
1.95	0.0031834266619052967
1.96	0.0030975980388300087
1.97	0.00301511961884624
1.98	0.0029358182016979684
1.99	0.002859531788868567
2.	0.002786108711790124
2.0100000000000002	0.0027154068394776897
2.02	0.002647292857290753
2.0300000000000002	0.0025816416095023184
2.04	0.0025183354992059735
2.05	0.002457263939831053
2.06	0.002398322853181875
2.07	0.002341414209481581
2.08	0.002286445605396064
2.09	0.0022333298764480062
2.1	0.00218198474061337
2.11	0.0021323324702298306
2.12	0.0020842995896441494
2.13	0.0020378165962889475
2.14	0.0019928177031126025
2.15	0.0019492406004931807
2.16	0.0019070262359514633
2.17	0.0018661186101421453
2.18	0.0018264645877484817
2.19	0.0017880137220363957
2.2	0.0017507180919407556
2.21	0.0017145321506613078
2.22	0.0016794125848395031
2.23	0.0016453181834718274
2.24	0.0016122097157909444
2.25	0.0015800498174143023
2.2600000000000002	0.0015488028841212725
2.27	0.0015184349726754716
2.2800000000000002	0.0014889137081590302
2.29	0.0014602081973309994
2.3000000000000003	0.0014322889475631058
2.31	0.0014051277909433967
2.32	0.0013786978131720465
2.33	0.0013529732869043576
2.34	0.0013279296092239073
2.35	0.0013035432429541615
2.36	0.0012797916615401572
2.37	0.0012566532972528132
2.38	0.0012341074924878865
2.39	0.0012121344539490666
2.4	0.0011907152095209307
2.41	0.0011698315676521279
2.42	0.0011494660790827727
2.43	0.0011296020007623485
2.44	0.0011102232618158364
2.45	0.0010913144314261948
2.46	0.0010728606885109858
2.47	0.0010548477930796836
2.48	0.0010372620591664627
2.49	0.0010200903292406386
2.5	0.0010033199500039875
2.5100000000000002	0.000986938749490454
2.52	0.0009709350153897608
2.5300000000000002	0.0009552974745218462
2.54	0.0009400152733941759
2.5500000000000003	0.0009250779597786545
2.56	0.0009104754652492637
2.57	0.0008961980886256113
2.58	0.0008822364802714073
2.59	0.0008685816272004245
2.6	0.0008552248389458256
2.61	0.0008421577341519372
2.62	0.0008293722278504547
2.63	0.000816860519385936
2.64	0.000804615080958108
2.65	0.0007926286467511384
2.66	0.0007808942026225081
2.67	0.0007694049763266361
2.68	0.000758154428250845
2.69	0.0007471362426437583
2.7	0.0007363443193187392
2.71	0.0007257727658176865
2.72	0.0007154158900232867
2.73	0.0007052681932109685
2.74	0.0006953243635351826
2.75	0.0006855792699486157
2.7600000000000002	0.000676027956557428
2.77	0.0006666656374210549
2.7800000000000002	0.0006574876918116293
2.79	0.000648489659956144
2.8000000000000003	0.0006396672392945603
2.81	0.0006310162812999743
2.82	0.000622532788923564
2.83	0.0006142129147489746
2.84	0.0006060529599699573
2.85	0.000598049374344635
2.86	0.0005901987573341323
2.87	0.0005824978607093514
2.88	0.0005749435930178402
2.89	0.0005675330264594169
2.9	0.0005602634069508478
2.91	0.0005531321685094167
2.92	0.0005461369536246141
2.93	0.0005392756421388346
2.94	0.0005325463925330879
2.95	0.0005259477017764948
2.96	0.0005194784936534147
2.97	0.0005131382515901707
2.98	0.0005069272209461413
2.99	0.0005008467136549321
3.	0.0004948995304997051
3.0100000000000002	0.0004890903944415914
3.02	0.00048342603002839537
3.0300000000000002	0.00047791462796365825
3.04	0.0004725650567219146
3.0500000000000003	0.0004673861982126588
3.06	0.00046238648550619196
3.0700000000000003	0.00045757360087917044
3.08	0.00045295428333350394
3.09	0.0004485342090021473
3.1	0.00044431792083431625
3.11	0.00044030879257711964
3.12	0.00043650901740178457
3.13	0.0004329196147822943
3.14	0.0004295404512506344
3.15	0.0004263702719280285
3.16	0.00042340674055966446
3.17	0.0004206464863329135
3.18	0.00041808515613683757
3.19	0.00041571747118508635
3.2	0.00041353728711313086
3.21	0.00041153765679876816
3.22	0.000409710895257827
3.23	0.00040804864604581547
3.24	0.0004065419486584452
3.25	0.00040518130647395825
3.2600000000000002	0.0004039567548213904
3.27	0.00040285792879366514
3.2800000000000002	0.0004018741304538827
3.29	0.00040099439510953065
3.3000000000000003	0.000400207556353753
3.31	0.0003995023095967919
3.3200000000000003	0.0003988672738360705
3.33	0.00039829105144038423
3.34	0.0003977622857473285
3.35	0.0003972697162871506
3.36	0.00039680223145005755
3.37	0.00039634891842022977
3.38	0.00039589911022663214
3.39	0.0003954424298135517
3.4	0.0003949688310810059
3.41	0.0003944686368389285
3.42	0.0003939325735673527
3.43	0.00039335180286901314
3.44	0.0003927179496019313
3.45	0.00039202312678059847
3.46	0.0003912599572774967
3.47	0.00039042159223384037
3.48	0.0003895017261605482
3.49	0.00038849460890259547
3.5	0.00038739505458602327
3.5100000000000002	0.0003861984474814774
3.52	0.00038490074484989837
3.5300000000000002	0.00038349847702146407
3.54	0.00038198874476529364
3.5500000000000003	0.00038036921395047206
3.56	0.0003786381077529264
3.5700000000000003	0.0003767941965508579
3.58	0.0003748367855278031
3.59	0.0003727657002379406
3.6	0.0003705812702763955
3.61	0.0003682843111295159
3.62	0.0003658761044639804
3.63	0.00036335837695274
3.64	0.0003607332778029176
3.65	0.0003580033551872966
3.66	0.00035517153168041843
3.67	0.0003522410789160674
3.68	0.00034921559158088925
3.69	0.0003460989609231309
3.7	0.00034289534791712113
3.71	0.0003396091562295005
3.72	0.0003362450051341129
3.73	0.0003328077025044647
3.74	0.00032930221802046937
3.75	0.0003257336567063587
3.7600000000000002	0.00032210723292131973
3.77	0.0003184282449094231
3.7800000000000002	0.0003147020500108679
3.79	0.0003109340406291632
3.8000000000000003	0.0003071296210386462
3.81	0.0003032941851124331
3.8200000000000003	0.00029943309503705786
3.83	0.0002955516610767216
3.84	0.00029165512243939314
3.85	0.00028774862928950803
3.86	0.00028383722594359955
3.87	0.00027992583527659484
3.88	0.0002760192443593907
3.89	0.00027212209134059277
3.9	0.0002682388535776099
3.91	0.0002643738370152991
3.92	0.00026053116680325273
3.93	0.00025671477913660035
3.94	0.00025292841429896935
3.95	0.00024917561087947
3.96	0.00024545970113080566
3.97	0.00024178380743060266
3.98	0.00023815083980197272
3.99	0.00023456349444495755
4.	0.00023102425322610426
4.01	0.00022753538406879308
4.0200000000000005	0.0002240989421823024
4.03	0.00022071677206288932
4.04	0.00021739051019553575
4.05	0.00021412158837935
4.0600000000000005	0.00021091123759274484
4.07	0.00020776049230626474
4.08	0.00020467019514119374
4.09	0.00020164100175820097
4.1	0.00019867338584152302
4.11	0.00019576764401923381
4.12	0.00019292390052437494
4.13	0.00019014211135095796
4.14	0.00018742206758617035
4.15	0.00018476339749360946
4.16	0.00018216556676449997
4.17	0.00017962787611712554
4.18	0.00017714945506319872
4.19	0.0001747292500986687
4.2	0.0001723660046900318
4.21	0.00017005822699904448
4.22	0.00016780413894194464
4.23	0.00016560159624321653
4.24	0.00016344796241226565
4.25	0.00016133990786805909
4.26	0.00015927308491869074
4.2700000000000005	0.00015724159374064483
4.28	0.0001552370967121932
4.29	0.00015324736572225287
4.3	0.00015125406612795855
4.3100000000000005	0.00014923027638858336
4.32	0.00014714190504957727
4.33	0.0001449680672745112
4.34	0.00014275666899568484
4.3500000000000005	0.00014064595577114136
4.36	0.00013874971837036072
4.37	0.0001370749531161659
4.38	0.00013557402656793932
4.39	0.0001341985121718064
4.4	0.00013291330368628634
4.41	0.00013169498815149638
4.42	0.00013052805670620381
4.43	0.00012940203553913436
4.44	0.0001283096539728942
4.45	0.0001272457171031494
4.46	0.0001262064091324227
4.47	0.00012518885470505986
4.48	0.00012419083608735299
4.49	0.00012321060629182545
4.5	0.00012224676262325852
4.51	0.00012129815917491122
4.5200000000000005	0.00012036384500996425
4.53	0.00011944301964845872
4.54	0.00011853500044998818
4.55	0.00011763919832696126
4.5600000000000005	0.00011675509939288635
4.57	0.00011588225090666563
4.58	0.0001150202503724533
4.59	0.00011416873698903701
4.6000000000000005	0.00011332738487069774
4.61	0.00011249589761936827
4.62	0.00011167400393879112
4.63	0.00011086145406030926
4.64	0.00011005801680682047
4.65	0.00010926347716292846
4.66	0.00010847763424992512
4.67	0.00010770029962704224
4.68	0.0001069312958575683
4.69	0.00010617045529145097
4.7	0.00010541761902598174
4.71	0.00010467263601386449
4.72	0.00010393536229396009
4.73	0.00010320566032469817
4.74	0.00010248339840385387
4.75	0.00010176845016132914
4.76	0.00010106069411393789
4.7700000000000005	0.00010036001327307781
4.78	0.00009966629479771013
4.79	0.00009897942968630528
4.8	0.00009829931250243414
4.8100000000000005	0.00009762584112951378
4.82	0.0000969589165509098
4.83	0.00009629844265216204
4.84	0.00009564432604258104
4.8500000000000005	0.0000949964758938528
4.86	0.0000943548037936269
4.87	0.0000937192236123404
4.88	0.00009308965138176733
4.89	0.00009246600518398373
4.9	0.00009184820504961006
4.91	0.00009123617286433841
4.92	0.00009062983228287518
4.93	0.00009002910864954081
4.94	0.0000894339289248584
4.95	0.00008884422161754569
4.96	0.0000882599167213927
4.97	0.00008768094565657545
4.98	0.000087107241215006
4.99	0.00008653873750937665
5.	0.00008597536992560332
5.01	0.00008541707507842844
5.0200000000000005	0.00008486379076998963
5.03	0.0000843154559511921
5.04	0.00008377201068562628
5.05	0.00008323339611552194
5.0600000000000005	0.00008269955442957673
5.07	0.00008217042883284637
5.08	0.00008164596351722218
5.09	0.00008112610363518557
5.1000000000000005	0.00008061079527152313
5.11	0.00008009998542162663
5.12	0.00007959362196245716
5.13	0.00007909165363687865
5.14	0.00007859403002170401
5.15	0.00007810070151885799
5.16	0.00007761161932104925
5.17	0.00007712673540530518
5.18	0.00007664600250523626
5.19	0.00007616937409170384
5.2	0.00007569680437178934
5.21	0.00007522824823411973
5.22	0.00007476366129239956
5.23	0.00007430299979073834
5.24	0.00007384622067281731
5.25	0.00007339328149600673
5.26	0.00007294414044867424
5.2700000000000005	0.00007249875636449622
5.28	0.00007205708861066253
5.29	0.0000716190972281115
5.3	0.00007118474274868743
5.3100000000000005	0.0000707539863097294
5.32	0.00007032678961479754
5.33	0.00006990311481838295
5.34	0.00006948292472585201
5.3500000000000005	0.00006906618254055604
5.36	0.000068652852014169
5.37	0.00006824289744531511
5.38	0.00006783628347408697
5.39	0.00006743297536563376
5.4	0.00006703293876648292
5.41	0.00006663613972441498
5.42	0.00006624254488729123
5.43	0.00006585212116875527
5.44	0.00006546483596781179
5.45	0.00006508065719432002
5.46	0.00006469955297984907
5.47	0.00006432149199022767
5.48	0.00006394644331054133
5.49	0.00006357437624072472
5.5	0.00006320526062329199
5.51	0.00006283906665875648
5.5200000000000005	0.00006247576475806662
5.53	0.00006211532585730511
5.54	0.00006175772122663068
5.55	0.00006140292232976305
5.5600000000000005	0.00006105090112082052
5.57	0.000060701629898464436
5.58	0.000060355081130133076
5.59	0.00006001122771744461
5.6000000000000005	0.000059670042942341485
5.61	0.000059331500243552546
5.62	0.00005899557340858611
5.63	0.000058662236642688994
5.64	0.00005833146433726099
5.65	0.00005800323112854121
5.66	0.000057677512066593396
5.67	0.00005735428246778891
5.68	0.00005703351781996237
5.69	0.000056715193945258536
5.7	0.00005639928701455693
5.71	0.00005608577338958755
5.72	0.00005577462964947802
5.73	0.00005546583271531216
5.74	0.00005515935979255056
5.75	0.00005485518826630141
5.76	0.000054553295759577024
5.7700000000000005	0.00005425366021168986
5.78	0.0000539562598178512
5.79	0.00005366107295832992
5.8	0.000053368078243454076
5.8100000000000005	0.000053077254571108483
5.82	0.00005278858108983292
5.83	0.00005250203714160152
5.84	0.00005221760227861521
5.8500000000000005	0.000051935256310231736
5.86	0.000051654979297073884
5.87	0.000051376751507494944
5.88	0.000051100553405057635
5.89	0.000050826365676101315
5.9	0.000050554169247697926
5.91	0.00005028394527048661
5.92	0.000050015675093656997
5.93	0.00004974934026336236
5.94	0.00004948492253905346
5.95	0.00004922240390168302
5.96	0.00004896176654371914
5.97	0.000048702992854265
5.98	0.000048446065414652634
5.99	0.00004819096700470033
6.	0.00004793768060875095
6.01	0.00004768618941376735
6.0200000000000005	0.000047436476801547596
6.03	0.000047188526342018665
6.04	0.00004694232179162176
6.05	0.000046697847095245745
6.0600000000000005	0.000046455086387677083
6.07	0.00004621402399213861
6.08	0.000045974644416468745
6.09	0.000045736932349056436
6.1000000000000005	0.00004550087265614166
6.11	0.000045266450380640324
6.12	0.000045033650741602965
6.13	0.000044802459133319745
6.140000000000001	0.00004457286112362728
6.15	0.00004434484245158183
6.16	0.000044118389024947124
6.17	0.00004389348691787513
6.18	0.000043670122368920756
6.19	0.0000434482817793133
6.2	0.00004322795171131778
6.21	0.00004300911888654045
6.22	0.000042791770184109533
6.23	0.00004257589263873829
6.24	0.000042361473438716084
6.25	0.000042148499923878685
6.26	0.00004193695958359439
6.2700000000000005	0.00004172684005477922
6.28	0.0000415181291199396
6.29	0.00004131081470523212
6.3	0.00004110488487852953
6.3100000000000005	0.00004090032784748465
6.32	0.00004069713195758868
6.33	0.00004049528569022377
6.34	0.0000402947776607119
6.3500000000000005	0.000040095596616363296
6.36	0.00003989773143452711
6.37	0.000039701171120646764
6.38	0.00003950590480632295
6.390000000000001	0.0000393119217473845
6.4	0.00003911921132196846
6.41	0.000038927763028611074
6.42	0.000038737566484350346
6.43	0.00003854861142284066
6.44	0.00003836088769248077
6.45	0.00003817438525455621
6.46	0.000037989094181397176
6.47	0.000037805004654552366
6.48	0.00003762210696298013
6.49	0.000037440391501258706
6.5	0.00003725984876781445
6.51	0.00003708046936317153
6.5200000000000005	0.00003690224398822179
6.53	0.00003672516344251716
6.54	0.000036549218622584735
6.55	0.00003637440052026516
6.5600000000000005	0.000036200700221075186
6.57	0.000036028108902595
6.58	0.000035856617832881024
6.59	0.00003568621836890524
6.6000000000000005	0.000035516901955020386
6.61	0.000035348660121452497
6.62	0.000035181484482820684
6.63	0.00003501536673668575
6.640000000000001	0.00003485029866212656
6.65	0.00003468627211834622
6.66	0.000034523279043306915
6.67	0.00003436131145239412
6.68	0.000034200361437109366
6.69	0.00003404042116379113
6.7	0.00003388148287236336
6.71	0.00003372353887511136
6.72	0.00003356658155548484
6.73	0.000033410603366929844
6.74	0.00003325559683174917
6.75	0.00003310155453999294
6.76	0.00003294846914837774
6.7700000000000005	0.000032796333379233124
6.78	0.00003264514001947226
6.79	0.000032494881919583306
6.8	0.00003234555199264124
6.8100000000000005	0.00003219714321334032
6.82	0.00003204964861704963
6.83	0.00003190306129889275
6.84	0.0000317573744128483
6.8500000000000005	0.000031612581170865435
6.86	0.00003146867484198638
6.87	0.00003132564875147283
6.88	0.00003118349627993655
6.890000000000001	0.00003104221086247526
6.9	0.00003090178598781008
6.91	0.00003076221519741217
6.92	0.00003062349208460297
6.93	0.000030485610293617346
6.94	0.00003034856351862071
6.95	0.000030212345502671095
6.96	0.000030076950036601297
6.97	0.000029942370957783706
6.98	0.00002980860214873541
6.99	0.000029675637535518728
7.	0.00002954347108587699
7.01	0.000029412096807011462
7.0200000000000005	0.00002928150874286297
7.03	0.000029151700970719403
7.04	0.000029022667596907996
7.05	0.000028894402751221396
7.0600000000000005	0.000028766900579552706
7.07	0.00002864015523396882
7.08	0.00002851416085907893
7.09	0.000028388911572948293
7.1000000000000005	0.000028264401439806932
7.11	0.000028140624430169987
7.12	0.000028017574361242753
7.13	0.0000278952448057496
7.140000000000001	0.000027773628949049932
7.15	0.000027652719359952545
7.16	0.0000275325076160419
7.17	0.00002741298368683948
7.18	0.00002729413494427195
7.19	0.00002717594476535772
7.2	0.00002705839151525829
7.21	0.000026941452181670036
7.22	0.000026825121722567696
7.23	0.00002670944437439518
7.24	0.00002659449270410738
7.25	0.000026480297499163058
7.26	0.000026366842777535752
7.2700000000000005	0.000026254100264585984
7.28	0.000026142045888670747
7.29	0.000026030661782563912
7.3	0.00002591993468811518
7.3100000000000005	0.00002580985434149436
7.32	0.000025700412379479232
7.33	0.000025591601661252842
7.34	0.00002548341585337257
7.3500000000000005	0.000025375849172723844
7.36	0.00002526889622379817
7.37	0.00002516255189323831
7.38	0.000025056811279753417
7.390000000000001	0.00002495166964643228
7.4	0.000024847122387650386
7.41	0.000024743165005459854
7.42	0.00002463979309264033
7.43	0.00002453700232006536
7.44	0.000024434788427324435
7.45	0.000024333147215555778
7.46	0.00002423207454181262
7.47	0.000024131566314833007
7.48	0.000024031618491375127
7.49	0.000023932227073607622
7.5	0.000023833388106615788
7.51	0.000023735097676627714
7.5200000000000005	0.000023637351909352584
7.53	0.000023540146968560086
7.54	0.000023443479055074827
7.55	0.000023347344405465998
7.5600000000000005	0.00002325173929152405
7.57	0.000023156660019018287
7.58	0.000023062102927434266
7.59	0.000022968064388890796
7.6000000000000005	0.00002287454080789677
7.61	0.000022781528620564586
7.62	0.000022689024294183983
7.63	0.00002259702432683525
7.640000000000001	0.000022505525246664917
7.65	0.0000224145236119226
7.66	0.00002232401600992628
7.67	0.000022233999057461273
7.68	0.000022144469399509364
7.69	0.00002205542370988688
7.7	0.000021966858689862416
7.71	0.000021878771068885702
7.72	0.000021791157603230395
7.73	0.0000217040150766743
7.74	0.000021617340299285004
7.75	0.000021531130107943473
7.76	0.000021445381365354178
7.7700000000000005	0.00002136009096034565
7.78	0.000021275255807146504
7.79	0.000021190872845436704
7.8	0.00002110693903989436
7.8100000000000005	0.000021023451380005352
7.82	0.000020940406879856836
7.83	0.00002085780257773891
7.84	0.000020775635536138436
7.8500000000000005	0.00002069390284118617
7.86	0.000020612601602788038
7.87	0.000020531728953986332
7.88	0.000020451282051151157
7.890000000000001	0.000020371258073339112
7.9	0.00002029165422245296
7.91	0.000020212467722696306
7.92	0.00002013369582059427
7.930000000000001	0.00002005533578465823
7.94	0.000019977384905145576
7.95	0.000019899840494061384
7.96	0.000019822699884526616
7.97	0.000019745960431245952
7.98	0.000019669619509360824
7.99	0.000019593674515493363
8.	0.000019518122865995598
8.01	0.00001944296199862553
8.02	0.00001936818937018008
8.03	0.000019293802458758628
8.040000000000001	0.000019219798760893115
8.05	0.000019146175794205262
8.06	0.000019072931094315014
8.07	0.000019000062217519532
8.08	0.00001892756673793704
8.09	0.000018855442249679323
8.1	0.000018783686364804144
8.11	0.000018712296714400496
8.120000000000001	0.00001864127094788769
8.13	0.000018570606732576497
8.14	0.00001850030175458598
8.15	0.000018430353716836743
8.16	0.000018360760341351123
8.17	0.00001829151936621856
8.18	0.000018222628548438313
8.19	0.000018154085660951147
8.2	0.000018085888494770203
8.21	0.000018018034857354612
8.22	0.00001795052257290355
8.23	0.0000178833494828613
8.24	0.000017816513444086584
8.25	0.000017750012331161497
8.26	0.00001768384403340434
8.27	0.00001761800645746214
8.28	0.00001755249752502772
8.290000000000001	0.000017487315173829317
8.3	0.000017422457357592567
8.31	0.000017357922044586495
8.32	0.000017293707219720878
8.33	0.000017229810881770964
8.34	0.00001716623104565062
8.35	0.000017102965740701123
8.36	0.000017040013010903938
8.370000000000001	0.000016977370915715663
8.38	0.000016915037527954072
8.39	0.000016853010936072854
8.4	0.00001679128924195562
8.41	0.000016729870561892047
8.42	0.00001666875302667116
8.43	0.0000166079347800268
8.44	0.000016547413980623933
8.45	0.0000164871887999449
8.46	0.00001642725742329494
8.47	0.000016367618049843425
8.48	0.00001630826889116883
8.49	0.000016249208173059438
8.5	0.000016190434133754146
8.51	0.000016131945024476766
8.52	0.00001607373910993372
8.53	0.0000160158146666748
8.540000000000001	0.00001595816998464335
8.55	0.00001590080336611794
8.56	0.000015843713125381423
8.57	0.000015786897589837066
8.58	0.000015730355098399087
8.59	0.00001567408400230949
8.6	0.000015618082665200916
8.61	0.000015562349461894695
8.620000000000001	0.000015506882779609107
8.63	0.00001545168101717283
8.64	0.00001539674258457981
8.65	0.000015342065903980345
8.66	0.000015287649408531495
8.67	0.000015233491542586112
8.68	0.000015179590762233843
8.69	0.000015125945534168794
8.700000000000001	0.000015072554336234114
8.71	0.000015019415657550987
8.72	0.000014966527997574765
8.73	0.000014913889866761898
8.74	0.000014861499786427939
8.75	0.000014809356288010129
8.76	0.000014757457913722975
8.77	0.00001470580321628601
8.78	0.00001465439075833922
8.790000000000001	0.000014603219113032567
8.8	0.00001455228686372792
8.81	0.00001450159260349956
8.82	0.000014451134935642408
8.83	0.000014400912473418057
8.84	0.000014350923839586077
8.85	0.000014301167666824432
8.86	0.000014251642597565784
8.870000000000001	0.000014202347283530279
8.88	0.000014153280386043727
8.89	0.000014104440575991682
8.9	0.000014055826533355386
8.91	0.000014007436947401299
8.92	0.000013959270516757979
8.93	0.000013911325948989334
8.94	0.00001386360196062763
8.950000000000001	0.000013816097277344157
8.96	0.0000137688106336187
8.97	0.000013721740772609836
8.98	0.000013674886446349543
8.99	0.000013628246415566492
9.	0.000013581819449436423
9.01	0.0000135356043257045
9.02	0.000013489599830675851
9.03	0.000013443804758945852
9.040000000000001	0.000013398217913374693
9.05	0.000013352838105180143
9.06	0.000013307664153764033
9.07	0.000013262694886547901
9.08	0.0000132179291390402
9.09	0.000013173365754810481
9.1	0.000013129003585294663
9.11	0.000013084841489738457
9.120000000000001	0.00001304087833524715
9.13	0.000012997112996686572
9.14	0.000012953544356531054
9.15	0.000012910171304854503
9.16	0.000012866992739338048
9.17	0.000012824007565151897
9.18	0.000012781214694844903
9.19	0.000012738613048342706
9.200000000000001	0.000012696201552927184
9.21	0.000012653979143125404
9.22	0.000012611944760622502
9.23	0.000012570097354251695
9.24	0.000012528435879962792
9.25	0.000012486959300725823
9.26	0.000012445666586452836
9.27	0.000012404556713976519
9.28	0.000012363628667017917
9.290000000000001	0.00001232288143610587
9.3	0.000012282314018501391
9.31	0.000012241925418164032
9.32	0.000012201714645721707
9.33	0.000012161680718406393
9.34	0.000012121822659980969
9.35	0.000012082139500693295
9.36	0.000012042630277245347
9.370000000000001	0.000012003294032744116
9.38	0.000011964129816635615
9.39	0.000011925136684649147
9.4	0.000011886313698760063
9.41	0.00001184765992715082
9.42	0.000011809174444157273
9.43	0.000011770856330210547
9.44	0.00001173270467179012
9.450000000000001	0.000011694718561385978
9.46	0.000011656897097456426
9.47	0.000011619239384376794
9.48	0.000011581744532387868
9.49	0.000011544411657551652
9.5	0.000011507239881712377
9.51	0.000011470228332454732
9.52	0.000011433376143056916
9.53	0.000011396682452442967
9.540000000000001	0.000011360146405139497
9.55	0.000011323767151236153
9.56	0.000011287543846345523
9.57	0.000011251475651560288
9.58	0.000011215561733408856
9.59	0.000011179801263812918
9.6	0.000011144193420047565
9.61	0.000011108737384702666
9.620000000000001	0.000011073432345643255
9.63	0.000011038277495968668
9.64	0.000011003272033971637
9.65	0.000010968415163098682
9.66	0.00001093370609191198
9.67	0.000010899144034051821
9.68	0.000010864728208198726
9.69	0.000010830457838035214
9.700000000000001	0.000010796332152207451
9.71	0.00001076235038428776
9.72	0.000010728511772737867
9.73	0.00001069481556087281
9.74	0.000010661260996824965
9.75	0.0000106278473335081
9.76	0.000010594573828581285
9.77	0.000010561439744413378
9.78	0.00001052844434804766
9.790000000000001	0.000010495586911167158
9.8	0.000010462866710060359
9.81	0.000010430283025586986
9.82	0.000010397835143144012
9.83	0.000010365522352631906
9.84	0.00001033334394842078
9.85	0.000010301299229317108
9.86	0.000010269387498530614
9.870000000000001	0.000010237608063641169
9.88	0.000010205960236566252
9.89	0.0000101744433335281
9.9	0.000010143056675020975
9.91	0.000010111799585778499
9.92	0.000010080671394740385
9.93	0.000010049671435019185
9.94	0.000010018799043866288
9.950000000000001	9.988053562636656e-6
9.96	9.957434336752583e-6
9.97	9.926940715664393e-6
9.98	9.896572052807579e-6
9.99	9.866327705554277e-6
10.	9.836207035154529e-6
10.01	9.80620940666288e-6
10.02	9.776334188839487e-6
10.03	9.746580754008388e-6
10.040000000000001	9.716948477845246e-6
10.05	9.687436739045054e-6
10.06	9.658044918807765e-6
10.07	9.62877240012937e-6
10.08	9.599618567306291e-6
10.09	9.570582807833474e-6
10.1	9.541664522211311e-6
10.11	9.512863138862455e-6
10.120000000000001	9.484178101150643e-6
10.13	9.455608834186437e-6
10.14	9.427154746256041e-6
10.15	9.398815244847672e-6
10.16	9.370589743151822e-6
10.17	9.342477660583526e-6
10.18	9.314478421998125e-6
10.19	9.28659145696727e-6
10.200000000000001	9.258816199290268e-6
10.21	9.231152086682561e-6
10.22	9.203598560577955e-6
10.23	9.176155065995422e-6
10.24	9.148821051447282e-6
10.25	9.121595968871688e-6
10.26	9.094479273578676e-6
10.27	9.067470424208497e-6
10.28	9.0405688826934e-6
10.290000000000001	9.013774114225702e-6
10.3	8.987085587228393e-6
10.31	8.960502773326233e-6
10.32	8.934025147321447e-6
10.33	8.907652187166905e-6
10.34	8.881383373943238e-6
10.35	8.85521819183501e-6
10.36	8.829156128107063e-6
10.370000000000001	8.803196673083677e-6
10.38	8.77733932012434e-6
10.39	8.751583565604016e-6
10.4	8.725928908890282e-6
10.41	8.700374852322468e-6
10.42	8.674920901191518e-6
10.43	8.649566563717412e-6
10.44	8.624311351031063e-6
10.450000000000001	8.599154777151553e-6
10.46	8.574096358967857e-6
10.47	8.549135616218068e-6
10.48	8.524272071469176e-6
10.49	8.499505250099143e-6
10.5	8.47483468027489e-6
10.51	8.450259892936011e-6
10.52	8.42578042177286e-6
10.53	8.401395803209726e-6
10.540000000000001	8.37710557638501e-6
10.55	8.352909283132329e-6
10.56	8.328806467963572e-6
10.57	8.304796678047958e-6
10.58	8.28087946319713e-6
10.59	8.257054375843665e-6
10.6	8.233320971026263e-6
10.61	8.209678806369713e-6
10.620000000000001	8.186127442068426e-6
10.63	8.162666440869124e-6
10.64	8.139295368052002e-6
10.65	8.116013791416166e-6
10.66	8.09282128125913e-6
10.67	8.069717410363732e-6
10.68	8.046701753977465e-6
10.69	8.023773889799263e-6
10.700000000000001	8.000933397960292e-6
10.71	7.978179861009177e-6
10.72	7.955512863895235e-6
10.73	7.932931993951586e-6
10.74	7.91043684088103e-6
10.75	7.888026996737204e-6
10.76	7.86570205591249e-6
10.77	7.843461615118191e-6
10.78	7.82130527337332e-6
10.790000000000001	7.799232631984957e-6
10.8	7.777243294536778e-6
10.81	7.755336866870637e-6
10.82	7.733512957073948e-6
10.83	7.711771175463157e-6
10.84	7.690111134569523e-6
10.85	7.668532449124736e-6
10.86	7.647034736045019e-6
10.870000000000001	7.625617614418756e-6
10.88	7.604280705489216e-6
10.89	7.583023632643777e-6
10.9	7.561846021395751e-6
10.91	7.540747499374639e-6
10.92	7.519727696307664e-6
10.93	7.49878624401049e-6
10.94	7.477922776368935e-6
10.950000000000001	7.457136929329697e-6
10.96	7.436428340882674e-6
10.97	7.415796651051377e-6
10.98	7.395241501876059e-6
10.99	7.3747625374036375e-6
11.	7.3543594036717645e-6
11.01	7.3340317486981804e-6
11.02	7.313779222465785e-6
11.03	7.293601476911393e-6
11.040000000000001	7.273498165911703e-6
11.05	7.2534689452716e-6
11.06	7.233513472710992e-6
11.07	7.213631407852607e-6
11.08	7.193822412209604e-6
11.09	7.1740861491731175e-6
11.1	7.154422284000418e-6
11.11	7.134830483802301e-6
11.120000000000001	7.115310417531694e-6
11.13	7.095861755971057e-6
11.14	7.076484171721273e-6
11.15	7.057177339189139e-6
11.16	7.037940934576496e-6
11.17	7.018774635867891e-6
11.18	6.999678122819776e-6
11.19	6.980651076948545e-6
11.200000000000001	6.9616931815196135e-6
11.21	6.942804121535992e-6
11.22	6.923983583727129e-6
11.23	6.905231256538021e-6
11.24	6.886546830117842e-6
11.25	6.867929996309675e-6
11.26	6.849380448638773e-6
11.27	6.830897882302998e-6
11.28	6.812481994160659e-6
11.290000000000001	6.7941324827217565e-6
11.3	6.775849048135305e-6
11.31	6.757631392181318e-6
11.32	6.739479218257812e-6
11.33	6.721392231373378e-6
11.34	6.703370138133879e-6
11.35	6.685412646735609e-6
11.36	6.6675194669517984e-6
11.370000000000001	6.649690310126103e-6
11.38	6.631924889159269e-6
11.39	6.614222918502537e-6
11.4	6.596584114144865e-6
11.41	6.579008193605908e-6
11.42	6.561494875924115e-6
11.43	6.544043881648919e-6
11.44	6.526654932830095e-6
11.450000000000001	6.509327753008803e-6
11.46	6.492062067208455e-6
11.47	6.474857601924539e-6
11.48	6.457714085116874e-6
11.49	6.440631246198457e-6
11.5	6.423608816028773e-6
11.51	6.4066465269020945e-6
11.52	6.389744112541283e-6
11.53	6.372901308086241e-6
11.540000000000001	6.356117850087402e-6
11.55	6.339393476495132e-6
11.56	6.322727926652211e-6
11.57	6.306120941284714e-6
11.58	6.289572262493159e-6
11.59	6.273081633744938e-6
11.6	6.256648799864303e-6
11.61	6.240273507025953e-6
11.620000000000001	6.22395550274445e-6
11.63	6.2076945358681716e-6
11.64	6.191490356569151e-6
11.65	6.175342716336257e-6
11.66	6.1592513679664645e-6
11.67	6.143216065556669e-6
11.68	6.127236564496522e-6
11.69	6.111312621459074e-6
11.700000000000001	6.095443994394663e-6
11.71	6.079630442521256e-6
11.72	6.063871726318267e-6
11.73	6.048167607517716e-6
11.74	6.032517849097041e-6
11.75	6.016922215271734e-6
11.76	6.001380471486872e-6
11.77	5.985892384410967e-6
11.78	5.970457721927002e-6
11.790000000000001	5.955076253126397e-6
11.8	5.939747748300716e-6
11.81	5.92447197893469e-6
11.82	5.909248717699302e-6
11.83	5.894077738443728e-6
11.84	5.8789588161893615e-6
11.85	5.863891727121516e-6
11.86	5.848876248583301e-6
11.870000000000001	5.833912159068204e-6
11.88	5.8189992382129726e-6
11.89	5.804137266791391e-6
11.9	5.789326026706442e-6
11.91	5.77456530098448e-6
11.92	5.759854873767792e-6
11.93	5.7451945303080675e-6
11.94	5.73058405696007e-6
11.950000000000001	5.7160232411742905e-6
11.96	5.70151187149123e-6
11.97	5.687049737534161e-6
11.98	5.6726366300029526e-6
11.99	5.658272340667824e-6
12.	5.643956662362328e-6
12.01	5.6296893889777866e-6
12.02	5.615470315456327e-6
12.030000000000001	5.601299237784905e-6
12.040000000000001	5.5871759529892266e-6
12.05	5.573100259127072e-6
12.06	5.55907195528278e-6
12.07	5.545090841560664e-6
12.08	5.53115671907909e-6
12.09	5.51726938996473e-6
12.1	5.503428657346067e-6
12.11	5.489634325347955e-6
12.120000000000001	5.4758861990855e-6
12.13	5.462184084658083e-6
12.14	5.448527789143923e-6
12.15	5.434917120593878e-6
12.16	5.421351888025954e-6
12.17	5.407831901419672e-6
12.18	5.394356971710082e-6
12.19	5.380926910782553e-6
12.200000000000001	5.367541531466897e-6
12.21	5.354200647531873e-6
12.22	5.340904073679877e-6
12.23	5.327651625541161e-6
12.24	5.314443119668617e-6
12.25	5.301278373532398e-6
12.26	5.288157205514316e-6
12.27	5.275079434902819e-6
12.280000000000001	5.262044881887527e-6
12.290000000000001	5.249053367553934e-6
12.3	5.2361047138783895e-6
12.31	5.223198743722707e-6
12.32	5.210335280829081e-6
12.33	5.1975141498150915e-6
12.34	5.184735176168402e-6
12.35	5.1719981862418785e-6
12.36	5.1593030072485655e-6
12.370000000000001	5.146649467256575e-6
12.38	5.134037395184281e-6
12.39	5.121466620795379e-6
12.4	5.108936974693894e-6
12.41	5.096448288319463e-6
12.42	5.084000393942493e-6
12.43	5.071593124659257e-6
12.44	5.0592263143873085e-6
12.450000000000001	5.046899797860658e-6
12.46	5.034613410625052e-6
12.47	5.02236698903343e-6
12.48	5.010160370241188e-6
12.49	4.997993392201582e-6
12.5	4.98586589366125e-6
12.51	4.973777714155576e-6
12.52	4.9617286940041864e-6
12.530000000000001	4.949718674306557e-6
12.540000000000001	4.9377474969374636e-6
12.55	4.925815004542578e-6
12.56	4.913921040534129e-6
12.57	4.9020654490864935e-6
12.58	4.890248075131826e-6
12.59	4.878468764355847e-6
12.6	4.86672736319348e-6
12.61	4.85502371882461e-6
12.620000000000001	4.843357679169895e-6
12.63	4.831729092886559e-6
12.64	4.820137809364169e-6
12.65	4.808583678720575e-6
12.66	4.797066551797736e-6
12.67	4.7855862801576334e-6
12.68	4.774142716078231e-6
12.69	4.762735712549449e-6
12.700000000000001	4.751365123269092e-6
12.71	4.740030802638929e-6
12.72	4.728732605760706e-6
12.73	4.7174703884322145e-6
12.74	4.7062440071433705e-6
12.75	4.695053319072367e-6
12.76	4.6838981820817714e-6
12.77	4.67277845471472e-6
12.780000000000001	4.661693996191104e-6
12.790000000000001	4.650644666403776e-6
12.8	4.639630325914803e-6
12.81	4.62865083595171e-6
12.82	4.6177060584037844e-6
12.83	4.606795855818386e-6
12.84	4.595920091397257e-6
12.85	4.585078628992906e-6
12.86	4.5742713331049834e-6
12.870000000000001	4.563498068876651e-6
12.88	4.552758702091033e-6
12.89	4.542053099167654e-6
12.9	4.531381127158875e-6
12.91	4.520742653746351e-6
12.92	4.510137547237547e-6
12.93	4.499565676562137e-6
12.94	4.48902691126847e-6
12.950000000000001	4.478521121520037e-6
12.96	4.46804817809218e-6
12.97	4.457607952369993e-6
12.98	4.447200316348102e-6
12.99	4.436825142627331e-6
13.	4.426482304404373e-6
13.01	4.416171675466639e-6
13.02	4.405893130192318e-6
13.030000000000001	4.395646543548866e-6
13.040000000000001	4.385431791090094e-6
13.05	4.375248748952809e-6
13.06	4.365097293853485e-6
13.07	4.354977303084995e-6
13.08	4.3448886545134055e-6
13.09	4.334831226574802e-6
13.1	4.324804898272166e-6
13.11	4.314809549172261e-6
13.120000000000001	4.304845059402556e-6
13.13	4.294911309648185e-6
13.14	4.285008181148882e-6
13.15	4.275135555695979e-6
13.16	4.265293315629432e-6
13.17	4.255481343834781e-6
13.18	4.245699523740274e-6
13.19	4.235947739313866e-6
13.200000000000001	4.226225875060316e-6
13.21	4.216533816018299e-6
13.22	4.206871447757489e-6
13.23	4.197238656375735e-6
13.24	4.1876353284961646e-6
13.25	4.178061351264391e-6
13.26	4.168516612345675e-6
13.27	4.159000999922137e-6
13.280000000000001	4.149514402689986e-6
13.290000000000001	4.140056709856739e-6
13.3	4.130627811138491e-6
13.31	4.12122759675718e-6
13.32	4.111855957437873e-6
13.33	4.102512784406077e-6
13.34	4.093197969385053e-6
13.35	4.08391140459317e-6
13.36	4.074652982741238e-6
13.370000000000001	4.065422597029883e-6
13.38	4.056220141146957e-6
13.39	4.047045509264909e-6
13.4	4.037898596038213e-6
13.41	4.028779296600813e-6
13.42	4.019687506563569e-6
13.43	4.010623122011709e-6
13.44	4.001586039502324e-6
13.450000000000001	3.992576156061857e-6
13.46	3.983593369183622e-6
13.47	3.974637576825316e-6
13.48	3.965708677406572e-6
13.49	3.9568065698065214e-6
13.5	3.947931153361333e-6
13.51	3.939082327861849e-6
13.52	3.930259993551142e-6
13.530000000000001	3.921464051122138e-6
13.540000000000001	3.9126944017152805e-6
13.55	3.903950946916114e-6
13.56	3.895233588752997e-6
13.57	3.8865422296947396e-6
13.58	3.877876772648306e-6
13.59	3.869237120956511e-6
13.6	3.860623178395726e-6
13.61	3.852034849173612e-6
13.620000000000001	3.843472037926864e-6
13.63	3.834934649718965e-6
13.64	3.826422590037946e-6
13.65	3.817935764794169e-6
13.66	3.8094740803181334e-6
13.67	3.801037443358268e-6
13.68	3.7926257610787657e-6
13.69	3.784238941057399e-6
13.700000000000001	3.7758768912833917e-6
13.71	3.7675395201552642e-6
13.72	3.759226736478699e-6
13.73	3.750938449464438e-6
13.74	3.7426745687261713e-6
13.75	3.734435004278462e-6
13.76	3.72621966653465e-6
13.77	3.7180284663047954e-6
13.780000000000001	3.7098613147936287e-6
13.790000000000001	3.7017181235985104e-6
13.8	3.693598804707389e-6
13.81	3.6855032704967996e-6
13.82	3.6774314337298567e-6
13.83	3.6693832075542515e-6
13.84	3.6613585055002788e-6
13.85	3.6533572414788708e-6
13.86	3.64537932977963e-6
13.870000000000001	3.6374246850688847e-6
13.88	3.629493222387766e-6
13.89	3.621584857150267e-6
13.9	3.61369950514134e-6
13.91	3.6058370825149955e-6
13.92	3.597997505792407e-6
13.93	3.5901806918600407e-6
13.94	3.582386557967784e-6
13.950000000000001	3.5746150217270806e-6
13.96	3.5668660011090994e-6
13.97	3.559139414442882e-6
13.98	3.5514351804135403e-6
13.99	3.5437532180604216e-6
14.	3.5360934467753135e-6
14.01	3.528455786300658e-6
14.02	3.5208401567277514e-6
14.030000000000001	3.5132464784949954e-6
14.040000000000001	3.505674672386119e-6
14.05	3.4981246595284285e-6
14.06	3.490596361391076e-6
14.07	3.483089699783315e-6
14.08	3.4756045968527927e-6
14.09	3.4681409750838223e-6
14.1	3.4606987572957058e-6
14.11	3.4532778666410155e-6
14.120000000000001	3.44587822660393e-6
14.13	3.438499760998565e-6
14.14	3.4311423939672943e-6
14.15	3.4238060499791027e-6
14.16	3.4164906538279596e-6
14.17	3.4091961306311654e-6
14.18	3.4019224058277306e-6
14.19	3.394669405176774e-6
14.200000000000001	3.3874370547558946e-6
14.21	3.3802252809596037e-6
14.22	3.373034010497709e-6
14.23	3.365863170393752e-6
14.24	3.3587126879834405e-6
14.25	3.35158249091308e-6
14.26	3.3444725071380327e-6
14.27	3.3373826649211587e-6
14.280000000000001	3.3303128928312996e-6
14.290000000000001	3.3232631197417435e-6
14.3	3.316233274828719e-6
14.31	3.3092232875698726e-6
14.32	3.3022330877427837e-6
14.33	3.295262605423462e-6
14.34	3.2883117709848796e-6
14.35	3.281380515095483e-6
14.36	3.2744687687177456e-6
14.370000000000001	3.2675764631066886e-6
14.38	3.260703529808455e-6
14.39	3.2538499006588458e-6
14.4	3.247015507781916e-6
14.41	3.2402002835885238e-6
14.42	3.2334041607749298e-6
14.43	3.226627072321387e-6
14.44	3.2198689514907336e-6
14.450000000000001	3.2131297318270105e-6
14.46	3.2064093471540775e-6
14.47	3.1997077315742212e-6
14.48	3.193024819466806e-6
14.49	3.1863605454868953e-6
14.5	3.1797148445639184e-6
14.51	3.173087651900302e-6
14.52	3.166478902970151e-6
14.530000000000001	3.1598885335179063e-6
14.540000000000001	3.153316479557027e-6
14.55	3.1467626773686716e-6
14.56	3.1402270635003877e-6
14.57	3.133709574764821e-6
14.58	3.1272101482384074e-6
14.59	3.120728721260097e-6
14.6	3.114265231430072e-6
14.61	3.1078196166084675e-6
14.620000000000001	3.1013918149141106e-6
14.63	3.0949817647232725e-6
14.64	3.088589404668404e-6
14.65	3.0822146736368918e-6
14.66	3.075857510769829e-6
14.67	3.069517855460776e-6
14.68	3.0631956473545465e-6
14.69	3.056890826345985e-6
14.700000000000001	3.0506033325787483e-6
14.71	3.0443331064441267e-6
14.72	3.0380800885798177e-6
14.73	3.031844219868753e-6
14.74	3.0256254414379145e-6
14.75	3.0194236946571544e-6
14.76	3.0132389211380247e-6
14.77	3.0070710627326062e-6
14.780000000000001	3.0009200615323655e-6
14.790000000000001	2.9947858598669973e-6
14.8	2.9886684003032755e-6
14.81	2.9825676256439113e-6
14.82	2.9764834789264353e-6
14.83	2.9704159034220593e-6
14.84	2.9643648426345608e-6
14.85	2.95833024029917e-6
14.86	2.9523120403814534e-6
14.870000000000001	2.9463101870762256e-6
14.88	2.9403246248064495e-6
14.89	2.9343552982221366e-6
14.9	2.9284021521992767e-6
14.91	2.9224651318387534e-6
14.92	2.916544182465269e-6
14.93	2.910639249626291e-6
14.94	2.9047502790909792e-6
14.950000000000001	2.89887721684913e-6
14.96	2.8930200091101475e-6
14.97	2.8871786023019716e-6
14.98	2.8813529430700667e-6
14.99	2.8755429782763717e-6
15.	2.869748654998284e-6
15.01	2.863969920527636e-6
15.02	2.8582067223696774e-6
15.030000000000001	2.8524590082420724e-6
15.040000000000001	2.8467267260738888e-6
15.05	2.8410098240046075e-6
15.06	2.835308250383114e-6
15.07	2.829621953766729e-6
15.08	2.8239508829202165e-6
15.09	2.818294986814801e-6
15.1	2.8126542146272104e-6
15.11	2.8070285157386968e-6
15.120000000000001	2.80141783973408e-6
15.13	2.795822136400789e-6
15.14	2.7902413557279153e-6
15.15	2.7846754479052586e-6
15.16	2.779124363322399e-6
15.17	2.773588052567745e-6
15.18	2.7680664664276122e-6
15.19	2.762559555885297e-6
15.200000000000001	2.7570672721201572e-6
15.21	2.7515895665066863e-6
15.22	2.746126390613615e-6
15.23	2.7406776962029955e-6
15.24	2.7352434352293043e-6
15.25	2.7298235598385445e-6
15.26	2.7244180223673536e-6
15.27	2.7190267753421187e-6
15.280000000000001	2.71364977147809e-6
15.290000000000001	2.7082869636785105e-6
15.3	2.7029383050337305e-6
15.31	2.6976037488203517e-6
15.32	2.6922832485003566e-6
15.33	2.686976757720249e-6
15.34	2.681684230310208e-6
15.35	2.6764056202832215e-6
15.36	2.671140881834263e-6
15.370000000000001	2.665889969339423e-6
15.38	2.6606528373550984e-6
15.39	2.6554294406171474e-6
15.4	2.650219734040057e-6
15.41	2.645023672716131e-6
15.42	2.6398412119146675e-6
15.43	2.634672307081135e-6
15.44	2.6295169138363775e-6
15.450000000000001	2.624374987975791e-6
15.46	2.61924648546854e-6
15.47	2.6141313624567394e-6
15.48	2.6090295752546776e-6
15.49	2.6039410803480205e-6
15.5	2.598865834393028e-6
15.51	2.5938037942157643e-6
15.52	2.588754916811338e-6
15.530000000000001	2.583719159343105e-6
15.540000000000001	2.5786964791419305e-6
15.55	2.573686833705397e-6
15.56	2.5686901806970497e-6
15.57	2.5637064779456502e-6
15.58	2.558735683444415e-6
15.59	2.5537777553502645e-6
15.6	2.5488326519830842e-6
15.610000000000001	2.5439003318249774e-6
15.620000000000001	2.5389807535195354e-6
15.63	2.534073875871092e-6
15.64	2.529179657844005e-6
15.65	2.524298058561925e-6
15.66	2.519429037307075e-6
15.67	2.5145725535195267e-6
15.68	2.509728566796495e-6
15.69	2.5048970368916197e-6
15.700000000000001	2.5000779237142547e-6
15.71	2.495271187328782e-6
15.72	2.4904767879538848e-6
15.73	2.4856946859618778e-6
15.74	2.4809248418779946e-6
15.75	2.476167216379705e-6
15.76	2.4714217702960373e-6
15.77	2.466688464606882e-6
15.780000000000001	2.4619672604423174e-6
15.790000000000001	2.457258119081947e-6
15.8	2.4525610019542084e-6
15.81	2.447875870635716e-6
15.82	2.4432026868505917e-6
15.83	2.4385414124698084e-6
15.84	2.4338920095105307e-6
15.85	2.42925444013547e-6
15.860000000000001	2.4246286666522243e-6
15.870000000000001	2.4200146515126227e-6
15.88	2.4154123573120787e-6
15.89	2.410821746788951e-6
15.9	2.406242782823919e-6
15.91	2.4016754284393327e-6
15.92	2.3971196467985964e-6
15.93	2.3925754012055285e-6
15.94	2.388042655103738e-6
15.950000000000001	2.3835213720760044e-6
15.96	2.3790115158436672e-6
15.97	2.374513050265992e-6
15.98	2.3700259393395737e-6
15.99	2.3655501471977203e-6
16.	2.361085638109846e-6
16.01	2.3566323764808692e-6
16.02	2.352190326850614e-6
16.03	2.347759453893211e-6
16.04	2.3433397224165047e-6
16.05	2.3389310973614597e-6
16.06	2.334533543801576e-6
16.07	2.3301470269422975e-6
16.080000000000002	2.3257715121204407e-6
16.09	2.321406964803606e-6
16.1	2.3170533505896054e-6
16.11	2.3127106352058896e-6
16.12	2.3083787845089642e-6
16.13	2.304057764483855e-6
16.14	2.299747541243501e-6
16.15	2.2954480810282307e-6
16.16	2.2911593502051703e-6
16.17	2.2868813152677113e-6
16.18	2.2826139428349495e-6
16.19	2.278357199651128e-6
16.2	2.2741110525850967e-6
16.21	2.2698754686297648e-6
16.22	2.2656504149015553e-6
16.23	2.2614358586398698e-6
16.240000000000002	2.2572317672065523e-6
16.25	2.2530381080853475e-6
16.26	2.2488548488813707e-6
16.27	2.2446819573205926e-6
16.28	2.2405194012492885e-6
16.29	2.2363671486335367e-6
16.3	2.2322251675586787e-6
16.31	2.2280934262288213e-6
16.32	2.2239718929663006e-6
16.330000000000002	2.2198605362111803e-6
16.34	2.2157593245207417e-6
16.35	2.211668226568956e-6
16.36	2.207587211146013e-6
16.37	2.2035162471577827e-6
16.38	2.1994553036253403e-6
16.39	2.195404349684448e-6
16.4	2.1913633545850776e-6
16.41	2.1873322876908982e-6
16.42	2.1833111184788017e-6
16.43	2.1792998165384095e-6
16.44	2.1752983515715742e-6
16.45	2.1713066933919123e-6
16.46	2.1673248119243123e-6
16.47	2.1633526772044654e-6
16.48	2.1593902593783776e-6
16.490000000000002	2.155437528701899e-6
16.5	2.1514944555402604e-6
16.51	2.1475610103675884e-6
16.52	2.1436371637664538e-6
16.53	2.1397228864273906e-6
16.54	2.135818149148448e-6
16.55	2.1319229228347177e-6
16.56	2.1280371784978883e-6
16.57	2.1241608872557748e-6
16.580000000000002	2.1202940203318736e-6
16.59	2.1164365490549188e-6
16.6	2.1125884448584034e-6
16.61	2.1087496792801732e-6
16.62	2.10492022396195e-6
16.63	2.1011000506489006e-6
16.64	2.0972891311891953e-6
16.65	2.0934874375335672e-6
16.66	2.0896949417348827e-6
16.67	2.0859116159476987e-6
16.68	2.082137432427834e-6
16.69	2.07837236353194e-6
16.7	2.074616381717071e-6
16.71	2.070869459540261e-6
16.72	2.067131569658098e-6
16.73	2.0634026848263e-6
16.740000000000002	2.059682777899297e-6
16.75	2.0559718218298196e-6
16.76	2.052269789668472e-6
16.77	2.0485766545633277e-6
16.78	2.0448923897595115e-6
16.79	2.0412169685987953e-6
16.8	2.0375503645191847e-6
16.81	2.033892551054517e-6
16.82	2.030243501834059e-6
16.830000000000002	2.0266031905820985e-6
16.84	2.0229715911175566e-6
16.85	2.019348677353569e-6
16.86	2.0157344232971193e-6
16.87	2.012128803048612e-6
16.88	2.0085317908015073e-6
16.89	2.0049433608419167e-6
16.9	2.0013634875482224e-6
16.91	1.9977921453906744e-6
16.92	1.994229308931032e-6
16.93	1.990674952822157e-6
16.94	1.987129051807643e-6
16.95	1.9835915807214407e-6
16.96	1.980062514487468e-6
16.97	1.9765418281192493e-6
16.98	1.9730294967195205e-6
16.990000000000002	1.9695254954798846e-6
17.	1.96602979968042e-6
17.01	1.962542384689315e-6
17.02	1.9590632259625135e-6
17.03	1.955592299043334e-6
17.04	1.9521295795621183e-6
17.05	1.9486750432358613e-6
17.06	1.9452286658678582e-6
17.07	1.9417904233473414e-6
17.080000000000002	1.9383602916491262e-6
17.09	1.9349382468332576e-6
17.1	1.9315242650446525e-6
17.11	1.928118322512756e-6
17.12	1.9247203955511757e-6
17.13	1.9213304605573588e-6
17.14	1.917948494012223e-6
17.150000000000002	1.9145744724798234e-6
17.16	1.911208372607007e-6
17.17	1.9078501711230673e-6
17.18	1.9044998448394107e-6
17.19	1.9011573706492106e-6
17.2	1.8978227255270824e-6
17.21	1.8944958865287334e-6
17.22	1.8911768307906422e-6
17.23	1.8878655355297198e-6
17.240000000000002	1.884561978042979e-6
17.25	1.8812661357072117e-6
17.26	1.8779779859786493e-6
17.27	1.8746975063926539e-6
17.28	1.8714246745633808e-6
17.29	1.8681594681834554e-6
17.3	1.8649018650236668e-6
17.31	1.8616518429326243e-6
17.32	1.8584093798364646e-6
17.330000000000002	1.8551744537385168e-6
17.34	1.8519470427189975e-6
17.35	1.8487271249346825e-6
17.36	1.8455146786186204e-6
17.37	1.8423096820797919e-6
17.38	1.839112113702823e-6
17.39	1.8359219519476647e-6
17.400000000000002	1.8327391753492905e-6
17.41	1.8295637625173966e-6
17.42	1.8263956921360827e-6
17.43	1.8232349429635695e-6
17.44	1.8200814938318808e-6
17.45	1.8169353236465579e-6
17.46	1.8137964113863465e-6
17.47	1.8106647361029175e-6
17.48	1.8075402769205544e-6
17.490000000000002	1.8044230130358725e-6
17.5	1.8013129237175197e-6
17.51	1.798209988305885e-6
17.52	1.7951141862128132e-6
17.53	1.7920254969213138e-6
17.54	1.7889438999852705e-6
17.55	1.7858693750291567e-6
17.56	1.7828019017477612e-6
17.57	1.7797414599058852e-6
17.580000000000002	1.7766880293380775e-6
17.59	1.773641589948349e-6
17.6	1.770602121709886e-6
17.61	1.767569604664784e-6
17.62	1.7645440189237591e-6
17.63	1.7615253446658833e-6
17.64	1.758513562138304e-6
17.650000000000002	1.755508651655968e-6
17.66	1.7525105936013628e-6
17.67	1.7495193684242266e-6
17.68	1.7465349566412978e-6
17.69	1.7435573388360344e-6
17.7	1.7405864956583516e-6
17.71	1.7376224078243587e-6
17.72	1.7346650561160913e-6
17.73	1.731714421381243e-6
17.740000000000002	1.7287704845329196e-6
17.75	1.7258332265493628e-6
17.76	1.7229026284736935e-6
17.77	1.7199786714136611e-6
17.78	1.7170613365413754e-6
17.79	1.7141506050930609e-6
17.8	1.7112464583687928e-6
17.81	1.708348877732253e-6
17.82	1.7054578446104649e-6
17.830000000000002	1.7025733404935545e-6
17.84	1.6996953469344953e-6
17.85	1.6968238455488526e-6
17.86	1.6939588180145483e-6
17.87	1.691100246071603e-6
17.88	1.688248111521895e-6
17.89	1.6854023962289157e-6
17.900000000000002	1.682563082117522e-6
17.91	1.6797301511737063e-6
17.92	1.6769035854443333e-6
17.93	1.6740833670369235e-6
17.94	1.6712694781193948e-6
17.95	1.6684619009198372e-6
17.96	1.665660617726268e-6
17.97	1.6628656108864032e-6
17.98	1.6600768628074114e-6
17.990000000000002	1.6572943559556943e-6
18.	1.654518072856643e-6
18.01	1.651747996094405e-6
18.02	1.6489841083116676e-6
18.03	1.6462263922094094e-6
18.04	1.643474830546689e-6
18.05	1.6407294061404025e-6
18.06	1.6379901018650667e-6
18.07	1.6352569006525927e-6
18.080000000000002	1.6325297854920537e-6
18.09	1.6298087394294744e-6
18.1	1.627093745567594e-6
18.11	1.6243847870656561e-6
18.12	1.6216818471391796e-6
18.13	1.618984909059746e-6
18.14	1.6162939561547764e-6
18.150000000000002	1.613608971807318e-6
18.16	1.6109299394558219e-6
18.17	1.6082568425939286e-6
18.18	1.6055896647702618e-6
18.19	1.6029283895881995e-6
18.2	1.6002730007056734e-6
18.21	1.5976234818349537e-6
18.22	1.5949798167424363e-6
18.23	1.5923419892484305e-6
18.240000000000002	1.5897099832269592e-6
18.25	1.5870837826055422e-6
18.26	1.5844633713649906e-6
18.27	1.581848733539203e-6
18.28	1.579239853214956e-6
18.29	1.5766367145317066e-6
18.3	1.5740393016813796e-6
18.31	1.5714475989081737e-6
18.32	1.5688615905083506e-6
18.330000000000002	1.5662812608300446e-6
18.34	1.563706594273053e-6
18.35	1.5611375752886443e-6
18.36	1.5585741883793538e-6
18.37	1.5560164180987872e-6
18.38	1.5534642490514344e-6
18.39	1.5509176658924552e-6
18.400000000000002	1.5483766533275017e-6
18.41	1.545841196112515e-6
18.42	1.5433112790535332e-6
18.43	1.540786887006502e-6
18.44	1.5382680048770829e-6
18.45	1.535754617620461e-6
18.46	1.5332467102411492e-6
18.47	1.5307442677928211e-6
18.48	1.5282472753780891e-6
18.490000000000002	1.5257557181483501e-6
18.5	1.5232695813035802e-6
18.51	1.5207888500921512e-6
18.52	1.518313509810652e-6
18.53	1.515843545803697e-6
18.54	1.513378943463752e-6
18.55	1.5109196882309434e-6
18.56	1.5084657655928784e-6
18.57	1.50601716108447e-6
18.580000000000002	1.5035738602877504e-6
18.59	1.5011358488316925e-6
18.6	1.4987031123920354e-6
18.61	1.4962756366911045e-6
18.62	1.4938534074976334e-6
18.63	1.4914364106265881e-6
18.64	1.4890246319389927e-6
18.650000000000002	1.486618057341756e-6
18.66	1.484216672787497e-6
18.67	1.4818204642743663e-6
18.68	1.4794294178458825e-6
18.69	1.4770435195907542e-6
18.7	1.4746627556427148e-6
18.71	1.4722871121803425e-6
18.72	1.4699165754269071e-6
18.73	1.467551131650182e-6
18.740000000000002	1.4651907671622924e-6
18.75	1.462835468319541e-6
18.76	1.4604852215222374e-6
18.77	1.4581400132145435e-6
18.78	1.455799829884296e-6
18.79	1.4534646580628527e-6
18.8	1.4511344843249234e-6
18.81	1.4488092952884083e-6
18.82	1.4464890776142314e-6
18.830000000000002	1.4441738180061895e-6
18.84	1.4418635032107805e-6
18.85	1.4395581200170466e-6
18.86	1.4372576552564212e-6
18.87	1.4349620958025579e-6
18.88	1.4326714285711858e-6
18.89	1.4303856405199415e-6
18.900000000000002	1.4281047186482175e-6
18.91	1.4258286499970048e-6
18.92	1.4235574216487383e-6
18.93	1.4212910207271425e-6
18.94	1.4190294343970735e-6
18.95	1.4167726498643708e-6
18.96	1.4145206543757024e-6
18.97	1.4122734352184114e-6
18.98	1.4100309797203656e-6
18.990000000000002	1.4077932752498078e-6
19.	1.4055603092152049e-6
19.01	1.4033320690650961e-6
19.02	1.4011085422879475e-6
19.03	1.3988897164120028e-6
19.04	1.3966755790051321e-6
19.05	1.3944661176746914e-6
19.06	1.3922613200673705e-6
19.07	1.390061173869051e-6
19.080000000000002	1.387865666804658e-6
19.09	1.3856747866380186e-6
19.1	1.3834885211717138e-6
19.11	1.3813068582469447e-6
19.12	1.3791297857433728e-6
19.13	1.376957291578998e-6
19.14	1.3747893637099985e-6
19.150000000000002	1.3726259901306051e-6
19.16	1.3704671588729512e-6
19.17	1.3683128580069374e-6
19.18	1.3661630756400932e-6
19.19	1.3640177999174289e-6
19.2	1.3618770190213147e-6
19.21	1.3597407211713278e-6
19.22	1.3576088946241225e-6
19.23	1.3554815276732948e-6
19.240000000000002	1.3533586086492446e-6
19.25	1.3512401259190384e-6
19.26	1.3491260678862795e-6
19.27	1.3470164229909725e-6
19.28	1.3449111797093897e-6
19.29	1.3428103265539344e-6
19.3	1.3407138520730163e-6
19.31	1.338621744850913e-6
19.32	1.3365339935076423e-6
19.330000000000002	1.334450586698831e-6
19.34	1.3323715131155826e-6
19.35	1.3302967614843514e-6
19.36	1.3282263205668137e-6
19.37	1.3261601791597318e-6
19.38	1.3240983260948383e-6
19.39	1.3220407502386967e-6
19.400000000000002	1.3199874404925815e-6
19.41	1.317938385792352e-6
19.42	1.315893575108324e-6
19.43	1.3138529974451453e-6
19.44	1.3118166418416704e-6
19.45	1.3097844973708354e-6
19.46	1.3077565531395392e-6
19.47	1.3057327982885145e-6
19.48	1.3037132219922067e-6
19.490000000000002	1.3016978134586558e-6
19.5	1.2996865619293674e-6
19.51	1.2976794566791969e-6
19.52	1.2956764870162286e-6
19.53	1.2936776422816522e-6
19.54	1.291682911849647e-6
19.55	1.2896922851272588e-6
19.56	1.2877057515542865e-6
19.57	1.2857233006031549e-6
19.580000000000002	1.2837449217788109e-6
19.59	1.2817706046185922e-6
19.6	1.2798003386921176e-6
19.61	1.2778341136011702e-6
19.62	1.2758719189795819e-6
19.63	1.2739137444931164e-6
19.64	1.271959579839353e-6
19.650000000000002	1.270009414747578e-6
19.66	1.2680632389786668e-6
19.67	1.266121042324968e-6
19.68	1.2641828146101975e-6
19.69	1.2622485456893165e-6
19.7	1.26031822544843e-6
19.71	1.2583918438046674e-6
19.72	1.2564693907060747e-6
19.73	1.2545508561315026e-6
19.740000000000002	1.2526362300904962e-6
19.75	1.2507255026231898e-6
19.76	1.2488186638001872e-6
19.77	1.246915703722466e-6
19.78	1.2450166125212567e-6
19.79	1.2431213803579458e-6
19.8	1.2412299974239569e-6
19.81	1.2393424539406558e-6
19.82	1.2374587401592336e-6
19.830000000000002	1.235578846360607e-6
19.84	1.233702762855307e-6
19.85	1.231830479983381e-6
19.86	1.2299619881142805e-6
19.87	1.2280972776467591e-6
19.88	1.2262363390087706e-6
19.89	1.2243791626573637e-6
19.900000000000002	1.2225257390785757e-6
19.91	1.2206760587873379e-6
19.92	1.2188301123273635e-6
19.93	1.216987890271052e-6
19.94	1.2151493832193852e-6
19.95	1.2133145818018265e-6
19.96	1.211483476676221e-6
19.97	1.209656058528693e-6
19.98	1.2078323180735475e-6
19.990000000000002	1.2060122460531718e-6
20.	1.2041958332379346e-6