0.	0.
0.01	2.139288781722884e-6
0.02	4.279127090067444e-6
0.03	6.4200649139349124e-6
0.04	8.562653167708368e-6
0.05	0.000010707444156303954
0.06	0.000012854992043004404
0.07	0.000015005853321018871
0.08	0.000017160587289727454
0.09	0.00001931975653658687
0.1	0.00002148392742569593
0.11	0.00002365367059404497
0.12	0.00002582956145650436
0.13	0.000028012180720640877
0.14	0.000030202114912490944
0.15	0.000032399956914462456
0.16	0.000034606306516587794
0.17	0.00003682177098240347
0.18	0.00003904696563079407
0.19	0.00004128251443520391
0.2	0.00004352905064169424
0.21	0.0000457872174074033
0.22	0.000048057668461057636
0.23	0.000050341068787278036
0.24	0.000052638095336531096
0.25	0.00005494943776269393
0.26	0.00005727579919032678
0.27	0.00005961789701388745
0.28	0.00006197646373127525
0.29	0.00006435224781425627
0.3	0.00006674601461850758
0.31	0.00006915854733621488
0.32	0.00007159064799437773
0.33	0.00007404313850221567
0.34	0.00007651686175133195
0.35000000000000003	0.00007901268277257701
0.36	0.00008153148995387206
0.37	0.00008407419632359901
0.38	0.00008664174090454373
0.39	0.00008923509014380167
0.4	0.00009185523942451314
0.41000000000000003	0.0000945032146658107
0.42	0.00009718007401791853
0.43	0.00009988690965996857
0.44	0.00010262484970878434
0.45	0.00010539506024764653
0.46	0.00010819874748489646
0.47000000000000003	0.00011103716005317487
0.48	0.00011391159146113181
0.49	0.00011682338271060687
0.5	0.00011977392509357204
0.51	0.00012276466318457256
0.52	0.0001257970980460164
0.53	0.00012887279066547093
0.54	0.00013199336564615114
0.55	0.00013516051517406226
0.56	0.00013837600328781805
0.5700000000000001	0.0001416416704800464
0.58	0.00014495943866254472
0.59	0.00014833131653104
0.6	0.0001517594053695743
0.61	0.00015524590533927532
0.62	0.0001587931223016595
0.63	0.00016240347523274707
0.64	0.0001660795042912777
0.65	0.00016982387961232665
0.66	0.0001736394109068133
0.67	0.00017752905795794864
0.68	0.0001814959421178287
0.6900000000000001	0.000185543358921413
0.7000000000000001	0.00018967479195137037
0.71	0.000193893928106104
0.72	0.00019820467444517975
0.73	0.00020261117681191486
0.74	0.00020711784046274624
0.75	0.00021172935296800489
0.76	0.00021645070968987894
0.77	0.0002212872421918896
0.78	0.00022624464999162423
0.79	0.00023132903613660237
0.8	0.00023654694716428268
0.81	0.0002419054181041345
0.8200000000000001	0.0002474120232958907
0.8300000000000001	0.0002530749339379207
0.84	0.00025890298344853066
0.85	0.0002649057419277916
0.86	0.00027109360125682273
0.87	0.0002774778726763396
0.88	0.0002840708990607044
0.89	0.00029088618456567944
0.9	0.0002979385449007817
0.91	0.00030524428219062745
0.92	0.0003128213892832053
0.93	0.0003206897894881018
0.9400000000000001	0.0003288716191523802
0.9500000000000001	0.00033739156229654183
0.96	0.0003462772488588932
0.97	0.0003555597310971189
0.98	0.0003652740565929053
0.99	0.00037545996140328855
1.	0.00038616271362118456
1.01	0.0003974341465328984
1.02	0.00040933393251602637
1.03	0.0004219311649769698
1.04	0.0004353063376621005
1.05	0.00044955384102582515
1.06	0.0004647851375754584
1.07	0.00048113283754337363
1.08	0.0004987559808425251
1.09	0.0005178469532095624
1.1	0.0005386406425459371
1.11	0.0005614267052692315
1.12	0.00058656620909687
1.1300000000000001	0.0006145145245145558
1.1400000000000001	0.0006458532783570088
1.1500000000000001	0.0006813356714577617
1.16	0.000721951861307826
1.17	0.0007690250537296841
1.18	0.0008243555604657761
1.19	0.0008904413937818167
1.2	0.0009708236878360883
1.21	0.001070640095711735
1.22	0.0011975311919610453
1.23	0.0013631525699711107
1.24	0.0015857170705898082
1.25	0.0018941830777494393
1.26	0.0023344770654358605
1.27	0.0029751588115887974
1.28	0.0038946659738543143
1.29	0.005082573002683833
1.3	0.006165399794041377
1.31	0.0063724025926572584
1.32	0.005539081649404337
1.33	0.004394551585039631
1.34	0.003465181375816917
1.35	0.0028333714721670736
1.36	0.0024310175340742715
1.37	0.002185433588901365
1.3800000000000001	0.002046913663104826
1.3900000000000001	0.0019854783706432727
1.4000000000000001	0.001984597606296704
1.41	0.0020369467062522546
1.42	0.002142300859683578
1.43	0.0023071426787600784
1.44	0.002545867816763328
1.45	0.002883928597889789
1.46	0.003363759299392801
1.47	0.004054571116573811
1.48	0.005065068182465679
1.49	0.006544327527797335
1.5	0.008598637071767288
1.51	0.010933486540777628
1.52	0.012337811512407683
1.53	0.011635742276448294
1.54	0.009591972280843459
1.55	0.007614727839604908
1.56	0.006218110031115806
1.57	0.005361461814475396
1.58	0.004906398991751975
1.59	0.004752856913830846
1.6	0.004853281959842379
1.61	0.0052070849397997995
1.62	0.005860700971638605
1.6300000000000001	0.006917122148349141
1.6400000000000001	0.008547807938456508
1.6500000000000001	0.010961606523943105
1.6600000000000001	0.014157026331064396
1.67	0.017198027537149867
1.68	0.018002683241147385
1.69	0.015954820019450096
1.7	0.012986671931353099
1.71	0.010627583771075646
1.72	0.009174760919566172
1.73	0.008491010660787442
1.74	0.008439611120299558
1.75	0.00898468784276382
1.76	0.010205899981169666
1.77	0.012296457861833482
1.78	0.015480855840570205
1.79	0.01958178444310234
1.8	0.023020062779761475
1.81	0.023190224902383746
1.82	0.020180364876858488
1.83	0.0166488208051652
1.84	0.014152818343649246
1.85	0.01290259694838642
1.86	0.012766818687790638
1.87	0.013703859872899099
1.8800000000000001	0.01584416871981611
1.8900000000000001	0.01939370748752249
1.9000000000000001	0.02411584457583314
1.9100000000000001	0.0281458553930505
1.92	0.028404961819343093
1.93	0.0249751259741434
1.94	0.02100515142125595
1.95	0.018380848609314136
1.96	0.017421364806576703
1.97	0.018074801968906005
1.98	0.020409731790151386
1.99	0.024533111434170047
2.	0.029815632460282276
2.0100000000000002	0.03356113559580293
2.02	0.03266399447254606
2.0300000000000002	0.028471845284801726
2.04	0.02455013195885905
2.05	0.02253374240601526
2.06	0.02267459810112079
2.07	0.025013219204790917
2.08	0.029513405176580465
2.09	0.03510216346077059
2.1	0.03838688482768423
2.11	0.03654423608788712
2.12	0.031968681777200025
2.13	0.028385895245067235
2.14	0.02725673358051862
2.15	0.02882511630234344
2.16	0.03301365233486084
2.17	0.03874759547891155
2.18	0.042533003862215084
2.19	0.04103691691064622
2.2	0.036430335791870334
2.21	0.032860244194408104
2.22	0.03213540392352183
2.23	0.03456722488779769
2.24	0.0396798840933307
2.25	0.04504716799910877
2.2600000000000002	0.04624447558392627
2.27	0.04252890269585512
2.2800000000000002	0.03820918909993665
2.29	0.036526252809587934
2.3000000000000003	0.03834941186024916
2.31	0.043213676117290004
2.32	0.04850825796374594
2.33	0.04962068997287954
2.34	0.04588686389348442
2.35	0.04182371635243073
2.36	0.040770919105889133
2.37	0.04348642081685459
2.38	0.04877891849516678
2.39	0.05268968424835236
2.4	0.05134605927715217
2.41	0.04702539291885738
2.42	0.044477780479973264
2.43	0.045770991892977425
2.44	0.05036338290595693
2.45	0.05480808420507895
2.46	0.0545547734835059
2.47	0.05057537502552484
2.48	0.04781063492709268
2.49	0.04888890876338583
2.5	0.0532668420482255
2.5100000000000002	0.057164591761586045
2.52	0.05630656300940336
2.5300000000000002	0.052448152198909664
2.54	0.050491749721338124
2.5500000000000003	0.05250684412137336
2.56	0.0569334193166293
2.57	0.059105883916043246
2.58	0.05660312239163984
2.59	0.05332875051729273
2.6	0.053324508051226696
2.61	0.05681028801938667
2.62	0.06012501845700843
2.63	0.059149575339076894
2.64	0.05579561618482528
2.65	0.054757863546675535
2.66	0.057387532710928536
2.67	0.06073305633414545
2.68	0.06038392738254602
2.69	0.05728694105711123
2.7	0.05608448808056381
2.71	0.05839529461656215
2.72	0.06131693523838554
2.73	0.06069798245126522
2.74	0.057833443438657116
2.75	0.057132473465049245
2.7600000000000002	0.059561128351061136
2.77	0.061651209175376
2.7800000000000002	0.06018348640270424
2.79	0.057758944403680915
2.8000000000000003	0.05809967306865439
2.81	0.060597321851656144
2.82	0.06121189122160764
2.83	0.05894567349463037
2.84	0.05762665921779903
2.85	0.05916754025971598
2.86	0.06085245163242469
2.87	0.05960083444791339
2.88	0.05758294063722087
2.89	0.058021122026630116
2.9	0.059821318275400104
2.91	0.05944738764730771
2.92	0.057386848829392746
2.93	0.05708532750800219
2.94	0.05860535755845469
2.95	0.05865886378691584
2.96	0.05677380682598224
2.97	0.056139459170758466
2.98	0.057347282901352194
2.99	0.05744538386967182
3.	0.055713756674680155
3.0100000000000002	0.055052012434850674
3.02	0.05602804086104434
3.0300000000000002	0.05591143154006464
3.04	0.054276556971373124
3.0500000000000003	0.05379912878065364
3.06	0.05457996240729513
3.0700000000000003	0.05407873490240002
3.08	0.052571565376759805
3.09	0.05241087239094898
3.1	0.05290940063335192
3.11	0.05195835861419472
3.12	0.050737718791208725
3.13	0.05089442483531474
3.14	0.05090433698734404
3.15	0.049633332284765345
3.16	0.04891239213413588
3.17	0.04915477373791821
3.18	0.04850976784883836
3.19	0.04730065412207877
3.2	0.047121611943457514
3.21	0.04700070721060505
3.22	0.04587368584911355
3.23	0.04516522341426302
3.24	0.04515087554765807
3.25	0.04437192226195367
3.2600000000000002	0.04335750881302044
3.27	0.04315945700574639
3.2800000000000002	0.04268667345628907
3.29	0.041617628183091816
3.3000000000000003	0.04116435374502919
3.31	0.04084362186072109
3.3200000000000003	0.03985965961099498
3.33	0.0392077324665634
3.34	0.038912526460869304
3.35	0.038045383996346605
3.36	0.03728216759398115
3.37	0.03695049864981355
3.38	0.03617625128604738
3.39	0.035371719031840956
3.4	0.03498994161012212
3.41	0.03427111831914006
3.42	0.033468784505002694
3.43	0.03304613180940834
3.44	0.03235123902666596
3.45	0.03157566883468501
3.46	0.031126242212337223
3.47	0.030434742707287202
3.48	0.029701033897631103
3.49	0.029234375164958245
3.5	0.028536591791541534
3.5100000000000002	0.02785602647807763
3.52	0.027373416692952544
3.5300000000000002	0.026670456278115578
3.54	0.026051055914714294
3.5500000000000003	0.025545930499899547
3.56	0.024850391384853475
3.5700000000000003	0.024293005804723627
3.58	0.023755880501975368
3.59	0.02309078201694859
3.6	0.022583354695550492
3.61	0.02201161763051204
3.62	0.02140334071768943
3.63	0.020919167771545222
3.64	0.02032813461159755
3.65	0.019791664367601002
3.66	0.019299110503392728
3.67	0.018724243527973135
3.68	0.0182478476784103
3.69	0.017732456892186693
3.7	0.01721208047532636
3.71	0.016758761305879676
3.72	0.016241270967290104
3.73	0.01578559846908984
3.74	0.015323057905645617
3.75	0.014845807578125425
3.7600000000000002	0.014424718901467185
3.77	0.013961168736540094
3.7800000000000002	0.013542837620947705
3.79	0.013121280962577976
3.8000000000000003	0.012695898823048767
3.81	0.012308944912629889
3.8200000000000003	0.011895312699107603
3.83	0.011521141776430792
3.84	0.011137172441908242
3.85	0.010765809981023333
3.86	0.010412634402064991
3.87	0.010049731492345452
3.88	0.009717536096284968
3.89	0.009373301232175031
3.9	0.009053232006052328
3.91	0.008732980456264274
3.92	0.008422645571867695
3.93	0.008125296781361063
3.94	0.007827183990650377
3.95	0.007548609978871436
3.96	0.007266246238965213
3.97	0.007002708194990273
3.98	0.006738170594997517
3.99	0.006487741642794354
4.	0.006241204156111994
4.01	0.006003520285368367
4.0200000000000005	0.005773933514066895
4.03	0.0055493540297581545
4.04	0.005335276467759405
4.05	0.005124194744461287
4.0600000000000005	0.004924310439789474
4.07	0.004726830753065845
4.08	0.004540121907551764
4.09	0.00435601768827982
4.1	0.004181732920988569
4.11	0.004010534230888909
4.12	0.003848089411603022
4.13	0.003689191553056288
4.14	0.0035380793988115315
4.15	0.0033908253217259043
4.16	0.0032505579513645052
4.17	0.0031142866664614337
4.18	0.0029843683353099355
4.19	0.0028584378084748102
4.2	0.0027383570131812706
4.21	0.002622152419846887
4.22	0.0025113836640147666
4.23	0.0024043189556213545
4.24	0.0023023281122255424
4.25	0.002203845216072841
4.26	0.0021100956818608115
4.2700000000000005	0.0020196629718202204
4.28	0.0019336219210461015
4.29	0.0018507320845049953
4.3	0.0017718771687234962
4.3100000000000005	0.0016960440784130526
4.32	0.0016238710950842877
4.33	0.001554625625955689
4.34	0.0014886571590671399
4.3500000000000005	0.0014255429775950302
4.36	0.0013653370805292713
4.37	0.0013079090738894346
4.38	0.0012530664580656093
4.39	0.001200896280472445
4.4	0.0011510658084723073
4.41	0.0011037610252500715
4.42	0.0010586497088163785
4.43	0.0010158980713284862
4.44	0.0009753098729838108
4.45	0.0009369794172852927
4.46	0.0009009465692943158
4.47	0.0008672949115975921
4.48	0.0008362476254132494
4.49	0.0008074862595911596
4.5	0.000779700256157217
4.51	0.0007505342507212928
4.5200000000000005	0.0007200163119739394
4.53	0.0006903113270425516
4.54	0.0006625994494951133
4.55	0.0006369776533080654
4.5600000000000005	0.0006131219650377214
4.57	0.0005907983753052097
4.58	0.0005698038132267562
4.59	0.0005499849028124164
4.6000000000000005	0.0005312589098384988
4.61	0.0005135187794012117
4.62	0.0004967095431487232
4.63	0.00048077021002718054
4.64	0.00046563879098855866
4.65	0.00045128083569347544
4.66	0.0004376423424473505
4.67	0.0004246856141472406
4.68	0.0004123769971831217
4.69	0.0004006736054120757
4.7	0.00038954785622169973
4.71	0.0003789670942926071
4.72	0.0003688987625578905
4.73	0.0003593192187998492
4.74	0.0003501995423472082
4.75	0.00034151449724656766
4.76	0.0003332431017661833
4.7700000000000005	0.0003253612411440836
4.78	0.00031784878057533416
4.79	0.00031068771945866054
4.8	0.0003038587660719985
4.8100000000000005	0.0002973459842325003
4.82	0.00029113504078978885
4.83	0.000285211597926069
4.84	0.000279564292711407
4.8500000000000005	0.00027418384007391706
4.86	0.0002690623683709344
4.87	0.0002641957156979767
4.88	0.00025958386114239196
4.89	0.00025523162006763506
4.9	0.00025115198298847796
4.91	0.0002473699305333098
4.92	0.0002439282576650192
4.93	0.0002408988322093082
4.94	0.0002384009499103263
4.95	0.00023663033358220487
4.96	0.00023589954843164054
4.97	0.00023665685225361332
4.98	0.00023930547306824464
4.99	0.00024327877753493358
5.	0.0002452682357036404
5.01	0.00024093532901303715
5.0200000000000005	0.00023152514365318657
5.03	0.000221694579556674
5.04	0.0002135916709310754
5.05	0.000207234125025323
5.0600000000000005	0.0002021409154568877
5.07	0.00019789918747901208
5.08	0.00019423291313700537
5.09	0.0001909674896259108
5.1000000000000005	0.00018799242124519904
5.11	0.0001852364004028069
5.12	0.00018265220809231153
5.13	0.00018020772886970539
5.14	0.00017788057656684486
5.15	0.00017565483235733518
5.16	0.00017351902202324249
5.17	0.00017146483999466855
5.18	0.0001694863458582894
5.19	0.0001675794709841058
5.2	0.00016574173553033806
5.21	0.00016397212192818372
5.22	0.00016227108459168798
5.23	0.00016064069766142305
5.24	0.0001590849620268574
5.25	0.00015761031993860147
5.26	0.00015622646657599204
5.2700000000000005	0.00015494761107553252
5.28	0.0001537944431384802
5.29	0.00015279724071100948
5.3	0.00015200087142990687
5.3100000000000005	0.00015147300314219175
5.32	0.00015131781764427617
5.33	0.00015169908919117545
5.34	0.00015287827306484036
5.3500000000000005	0.00015527140074205896
5.36	0.00015950247755272697
5.37	0.00016629570783840386
5.38	0.00017560089822078536
5.39	0.0001840991863374772
5.4	0.0001846928850143497
5.41	0.00017557779933498826
5.42	0.00016337923243714365
5.43	0.00015307528104366246
5.44	0.0001454916983058918
5.45	0.00014000092155913138
5.46	0.00013591255009541694
5.47	0.000132742201970554
5.48	0.00013018218876837174
5.49	0.0001280402621154359
5.5	0.00012619508833195848
5.51	0.000124568750320138
5.5200000000000005	0.00012311041550235432
5.53	0.00012178665928342755
5.54	0.00012057569100121663
5.55	0.0001194639039103066
5.5600000000000005	0.0001184438626730954
5.57	0.0001175132415410687
5.58	0.00011667446622550311
5.59	0.00011593497279941137
5.6000000000000005	0.00011530812907029586
5.61	0.00011481500806493479
5.62	0.00011448740418145013
5.63	0.00011437280578902888
5.64	0.00011454259331448802
5.65	0.00011510570209002429
5.66	0.00011623162983715398
5.67	0.00011818905548717259
5.68	0.00012140776071187324
5.69	0.00012656060278129684
5.7	0.00013458483001620335
5.71	0.00014622920295283683
5.72	0.00015995495005535664
5.73	0.00016847407392517975
5.74	0.0001636585959566142
5.75	0.00014938469705700957
5.76	0.00013486019051568845
5.7700000000000005	0.00012379445255667414
5.78	0.00011601343796161516
5.79	0.00011054653049067647
5.8	0.00010660018593964545
5.8100000000000005	0.00010365234902737414
5.82	0.00010137659506937104
5.83	0.00009956952986111563
5.84	0.00009810323484574843
5.8500000000000005	0.00009689675901076726
5.86	0.00009589942701886348
5.87	0.00009508118382599511
5.88	0.0000944272136958419
5.89	0.0000939353454478648
5.9	0.00009361554415036285
5.91	0.00009349133770547172
5.92	0.00009360351988125139
5.93	0.00009401707711623041
5.94	0.00009483321012914822
5.95	0.00009620985121900664
5.96	0.0000983965247714924
5.97	0.00010179239277079948
5.98	0.00010703491286340557
5.99	0.00011509310271727112
6.	0.00012715608902150072
6.01	0.00014345787597355012
6.0200000000000005	0.00015952233827331447
6.03	0.00016411076922413635
6.04	0.00015235042037915135
6.05	0.00013411693022417402
6.0600000000000005	0.0001183905777297965
6.07	0.00010709978060945486
6.08	0.00009933970443751995
6.09	0.00009396483759950506
6.1000000000000005	0.00009015295879742626
6.11	0.00008738116677579358
6.12	0.00008532593218372549
6.13	0.00008378760902360137
6.140000000000001	0.00008264375763372145
6.15	0.00008182200310201591
6.16	0.00008128493058527909
6.17	0.00008102256820124503
6.18	0.00008105023732079247
6.19	0.00008141111744866075
6.2	0.00008218422078957591
6.21	0.00008350005058803454
6.22	0.00008556850280392263
6.23	0.00008872688516596699
6.24	0.00009351893721300991
6.25	0.00010080761668522524
6.26	0.00011185058478479002
6.2700000000000005	0.00012791841546462739
6.28	0.00014804473475306932
6.29	0.00016395452094926296
6.3	0.00016254525791170235
6.3100000000000005	0.00014484580930516222
6.32	0.000124221307029629
6.33	0.00010800643494523632
6.34	0.00009673536775186615
6.3500000000000005	0.00008908828776487679
6.36	0.0000838500957922654
6.37	0.00008020255254494604
6.38	0.0000776360538826407
6.390000000000001	0.00007584017795400744
6.4	0.00007462951717213417
6.41	0.00007389999326215624
6.42	0.00007360528876870133
6.43	0.00007374654910291343
6.44	0.00007437220372316663
6.45	0.00007558780305722084
6.46	0.0000775788013598467
6.47	0.00008065296311580792
6.48	0.00008531332521553196
6.49	0.00009237145779349105
6.5	0.00010307001828130686
6.51	0.0001189561425048701
6.5200000000000005	0.00014042722250199918
6.53	0.0001619494311423389
6.54	0.0001690268592978203
6.55	0.0001546822702275269
6.5600000000000005	0.00013141558520679477
6.57	0.00011122039477379571
6.58	0.00009682953494663582
6.59	0.00008711484748820045
6.6000000000000005	0.0000805828723114156
6.61	0.00007615852343988459
6.62	0.00007316433032039673
6.63	0.00007119186885669992
6.640000000000001	0.00007000478485085799
6.65	0.0000694811763788243
6.66	0.00006958434801030115
6.67	0.00007035383207379381
6.68	0.00007191393322777822
6.69	0.00007450234197909645
6.7	0.00007852692089010461
6.71	0.0000846629535561159
6.72	0.000093991094648606
6.73	0.00010807331269512173
6.74	0.00012839153523934321
6.75	0.00015331452183382023
6.76	0.00017186933466192112
6.7700000000000005	0.00016848717000268087
6.78	0.00014628736465642953
6.79	0.0001216465297304788
6.8	0.00010267952388706724
6.8100000000000005	0.00008969388095127327
6.82	0.00008105231360748258
6.83	0.00007531908465115885
6.84	0.00007154701266366533
6.8500000000000005	0.00006916271228226165
6.86	0.00006783961375679418
6.87	0.00006741723709459988
6.88	0.00006786095796341719
6.890000000000001	0.00006925292616097405
6.9	0.00007181160203790161
6.91	0.00007594526460643775
6.92	0.00008235078961615501
6.93	0.0000921579647822952
6.94	0.00010701536853285966
6.95	0.0001285280159213756
6.96	0.0001551304378722714
6.97	0.0001754392288782455
6.98	0.00017264002567584483
6.99	0.00014934560177354313
7.	0.0001230436714697192
7.01	0.0001027287802011312
7.0200000000000005	0.00008886550064373254
7.03	0.00007972458672989305
7.04	0.00007376959372119474
7.05	0.00006999162261586009
7.0600000000000005	0.00006779291224456386
7.07	0.00006685461205623184
7.08	0.00006705674856487967
7.09	0.00006844709438069312
7.1000000000000005	0.00007125271400772965
7.11	0.00007593691275299065
7.12	0.00008331051756286935
7.13	0.00009468388423851634
7.140000000000001	0.00011187919324690886
7.15	0.00013622023517124334
7.16	0.00016413923738101051
7.17	0.00018069071907003055
7.18	0.00017099565584223695
7.19	0.000144208571673443
7.2	0.00011789434362325147
7.21	0.00009853750181917317
7.22	0.00008558520914389231
7.23	0.00007717988516384451
7.24	0.00007186581491330255
7.25	0.00006873285931228018
7.26	0.00006727678759712163
7.2700000000000005	0.00006728136053727379
7.28	0.0000687626259244009
7.29	0.00007197251147537165
7.3	0.0000774624368921551
7.3100000000000005	0.00008621013197049854
7.32	0.00009976177832904188
7.33	0.0001200430154618534
7.34	0.00014742608983361197
7.3500000000000005	0.00017455382223548465
7.36	0.00018292830279666384
7.37	0.0001644751267275869
7.38	0.0001354323725771628
7.390000000000001	0.00011062544227775223
7.4	0.00009327202461328432
7.41	0.00008192381297583369
7.42	0.00007475016371025882
7.43	0.00007047933899473011
7.44	0.0000683741656338239
7.45	0.00006809133551996691
7.46	0.00006959719543893713
7.47	0.0000731586477597728
7.48	0.00007940957013722514
7.49	0.0000894856398721932
7.5	0.00010512601903960855
7.51	0.000128166653512159
7.5200000000000005	0.0001574526302701243
7.53	0.00018154445243985574
7.54	0.000181252801546827
7.55	0.00015684291781332824
7.5600000000000005	0.00012758038420907706
7.57	0.00010467837464533537
7.58	0.00008919756959207643
7.59	0.0000793102578179558
7.6000000000000005	0.00007331790042350639
7.61	0.0000701410618391486
7.62	0.00006922445549469411
7.63	0.00007041995756675078
7.640000000000001	0.00007394993660097015
7.65	0.00008046097050791828
7.66	0.00009115212967327147
7.67	0.00010783699422010565
7.68	0.00013221619032410546
7.69	0.00016211198221404064
7.7	0.00018399575013182965
7.71	0.0001793934376036558
7.72	0.00015278289196345052
7.73	0.00012381473845050049
7.74	0.00010192506277263862
7.75	0.00008739894906143073
7.76	0.00007833128016826885
7.7700000000000005	0.00007312249688285625
7.78	0.00007081936080876977
7.79	0.00007101212896887877
7.8	0.00007374818104034275
7.8100000000000005	0.00007954276642237262
7.82	0.00008948119402011522
7.83	0.00010529369572322887
7.84	0.0001287797762631385
7.8500000000000005	0.00015850989747522202
7.86	0.00018235912042042403
7.87	0.0001809958104492026
7.88	0.00015575746898085683
7.890000000000001	0.00012632592734010143
7.9	0.00010362091762608823
7.91	0.00008853008487163126
7.92	0.00007921665905995264
7.930000000000001	0.00007404684340364934
7.94	0.00007205987132547006
7.95	0.00007289457391903088
7.96	0.00007672068114290267
7.97	0.00008427299356229722
7.98	0.00009694871268448672
7.99	0.00011665189454615292
8.	0.00014407453613700917
8.01	0.00017275121478523716
8.02	0.0001841763754956758
8.03	0.00016748998424761976
8.040000000000001	0.0001379043168317292
8.05	0.00011195828116331838
8.06	0.00009394636065131632
8.07	0.00008263964871746975
8.08	0.00007622361285804343
8.09	0.00007350613093146243
8.1	0.00007397866908193344
8.11	0.00007774610428791299
8.120000000000001	0.00008554411582174157
8.13	0.00009880675017347911
8.14	0.00011938076370269912
8.15	0.0001473300151748669
8.16	0.0001743533599825761
8.17	0.0001812344338308819
8.18	0.00016128696228116587
8.19	0.00013192239628362058
8.2	0.00010760730695012617
8.21	0.00009119549692639445
8.22	0.00008121130686567318
8.23	0.00007597350145457671
8.24	0.00007449512722595675
8.25	0.00007650789373667003
8.26	0.00008242319723904982
8.27	0.00009337229805637349
8.28	0.00011109630365395297
8.290000000000001	0.0001365999316296831
8.3	0.00016500024077957472
8.31	0.0001794721549821403
8.32	0.00016655135531947176
8.33	0.0001384108086835879
8.34	0.0001124859837566521
8.35	0.00009433348242795843
8.36	0.00008314262846771438
8.370000000000001	0.0000771978861747641
8.38	0.00007539173489935854
8.39	0.00007738558127084029
8.4	0.00008358818647647905
8.41	0.00009517107953805206
8.42	0.00011382600641863985
8.43	0.00013991433575100706
8.44	0.00016650655672995998
8.45	0.00017555839664153085
8.46	0.0001583166187128718
8.47	0.00013030183220561127
8.48	0.00010652201211521402
8.49	0.00009051700916338448
8.5	0.00008108326646822129
8.51	0.00007667649896362837
8.52	0.00007646578811197606
8.53	0.00008042824223773857
8.540000000000001	0.00008934465498778255
8.55	0.00010470117826529768
8.56	0.00012766157495481146
8.57	0.00015478652067469633
8.58	0.00017148986438742612
8.59	0.00016267386644971623
8.6	0.00013684806662558094
8.61	0.00011158763210214814
8.620000000000001	0.0000936756502441976
8.63	0.00008282159089848593
8.64	0.00007747628500614338
8.65	0.00007665878883629949
8.66	0.00008022818632716784
8.67	0.00008888731357834672
8.68	0.00010404048752733796
8.69	0.00012663514799966233
8.700000000000001	0.00015266508371608554
8.71	0.0001671954073133992
8.72	0.00015677553464151317
8.73	0.00013136216904517865
8.74	0.00010749385837380728
8.75	0.00009094884958561129
8.76	0.00008124546091363077
8.77	0.0000769593429765316
8.78	0.00007730570998367154
8.790000000000001	0.00008237324812936229
8.8	0.00009309818866673829
8.81	0.00011083914208072827
8.82	0.0001350711623045326
8.83	0.00015726985841359647
8.84	0.00016044085188498795
8.85	0.00014139202745229007
8.86	0.00011629234942674382
8.870000000000001	0.00009659223945798027
8.88	0.00008417176074296701
8.89	0.00007783111008915393
8.9	0.00007650286805766532
8.91	0.00007995356653817339
8.92	0.00008883311367086328
8.93	0.00010437541544565965
8.94	0.00012666457128899115
8.950000000000001	0.0001493144488894334
8.96	0.0001564380150423942
8.97	0.00014098885726497454
8.98	0.00011685088774542636
8.99	0.00009687651606971264
9.	0.00008404351628819684
9.01	0.00007743142170099949
9.02	0.00007599061891304799
9.03	0.00007947409306362135
9.040000000000001	0.000088519148193901
9.05	0.00010424642497192414
9.06	0.00012615298220346999
9.07	0.00014651072428782563
9.08	0.00014969628343016969
9.09	0.0001324543574339157
9.1	0.0001095544673792138
9.11	0.00009169379929855649
9.120000000000001	0.00008074108004303431
9.13	0.00007571166667697095
9.14	0.00007579241069397923
9.15	0.00008101840564357512
9.16	0.0000922228349678683
9.17	0.00011012412129650156
9.18	0.0001317615364671952
9.19	0.00014512128863733794
9.200000000000001	0.00013786714393385985
9.21	0.00011701069790797939
9.22	0.0000969518759949682
9.23	0.00008331376079794677
9.24	0.00007603566020635909
9.25	0.00007416311753852232
9.26	0.00007739188486115705
9.27	0.00008626192487467963
9.28	0.0001015885463684831
9.290000000000001	0.00012184380649710634
9.3	0.00013772719465220546
9.31	0.00013558737746826026
9.32	0.00011745149539761767
9.33	0.00009750334274856723
9.34	0.00008321323634208665
9.35	0.00007528957899135232
9.36	0.00007287526905007041
9.370000000000001	0.00007559440690798162
9.38	0.00008388353321363147
9.39	0.00009842841096544833
9.4	0.00011755345758682832
9.41	0.00013206800643784583
9.42	0.00012924316163095444
9.43	0.00011178257492089287
9.44	0.00009313377455468876
9.450000000000001	0.00008004528640621524
9.46	0.00007309408237836902
9.47	0.00007153494632821494
9.48	0.00007513846766588324
9.49	0.00008440460768169366
9.5	0.00009965350201762409
9.51	0.00011763519182162288
9.52	0.0001273235602941907
9.53	0.00011936864028660995
9.540000000000001	0.00010137071148365086
9.55	0.0000851393545714544
9.56	0.00007477627353773889
9.57	0.00007015337454513325
9.58	0.00007070237489218618
9.59	0.0000765102665853214
9.6	0.00008809854295347453
9.61	0.00010451167131654462
9.620000000000001	0.00011880101112745648
9.63	0.00011905053467813532
9.64	0.00010483822476040492
9.65	0.00008796384699482014
9.66	0.00007574551602580077
9.67	0.00006929812948822708
9.68	0.00006809506880424914
9.69	0.00007197886119526847
9.700000000000001	0.00008134873074246287
9.71	0.00009587393871502734
9.72	0.00011065576785921136
9.73	0.00011455821352739532
9.74	0.00010347313490584152
9.75	0.00008736270883202526
9.76	0.0000748068873450422
9.77	0.00006780286450877793
9.78	0.00006600226061320934
9.790000000000001	0.00006918805853581307
9.8	0.00007765974872461786
9.81	0.00009108013312352443
9.82	0.00010489753079226143
9.83	0.00010868019087831936
9.84	0.00009841709431511906
9.85	0.00008337930904767915
9.86	0.00007169917589683073
9.870000000000001	0.00006532775114297819
9.88	0.00006399604165965823
9.89	0.00006755281955461092
9.9	0.00007624007485441522
9.91	0.00008926478797594407
9.92	0.000101113516790062
9.93	0.00010188001292937662
9.94	0.0000905742281928359
9.950000000000001	0.00007682638190690523
9.96	0.00006701069906198102
9.97	0.0000622825409776032
9.98	0.00006237067898320285
9.99	0.00006726771400880315
10.	0.00007704203087086389
10.01	0.00008965469247405514
10.02	0.000097592340457173
10.03	0.0000931498232755669
10.040000000000001	0.00008059900085914463
10.05	0.00006892526725031566
10.06	0.00006179595479416837
10.07	0.00005946260258434134
10.08	0.0000617371598908169
10.09	0.00006871741229519576
10.1	0.00007969818840372857
10.11	0.00009000812461065354
10.120000000000001	0.0000909962121993391
10.13	0.00008141230285273539
10.14	0.00006955137730281238
10.15	0.0000611607990653852
10.16	0.00005739043951581772
10.17	0.00005809277165051266
10.18	0.00006327643949505924
10.19	0.00007262991747496121
10.200000000000001	0.0000829871495670317
10.21	0.00008657657716965088
10.22	0.00007951327734066501
10.23	0.00006835327093447821
10.24	0.000059679328459606684
10.25	0.000055337986950202806
10.26	0.000055316566397144935
10.27	0.00005957652767035402
10.28	0.00006786651529731966
10.290000000000001	0.00007753356768917338
10.3	0.0000815478989405404
10.31	0.00007561170496119542
10.32	0.00006532264303113159
10.33	0.0000571107709776923
10.34	0.000052967186241031646
10.35	0.00005295568833286309
10.36	0.00005703102186100098
10.370000000000001	0.00006483963498023286
10.38	0.00007356530870388272
10.39	0.00007648140668412632
10.4	0.00007034849205955789
10.41	0.00006087284412217044
10.42	0.000053688674792822576
10.43	0.0000503950184649651
10.44	0.000051034425241356315
10.450000000000001	0.0000555535200330703
10.46	0.00006327899101871571
10.47	0.00007062221422631104
10.48	0.00007115907787407367
10.49	0.00006406755706583507
10.5	0.00005552756661174593
10.51	0.00004980075955786631
10.52	0.00004780855722415921
10.53	0.000049532475941571845
10.540000000000001	0.00005483260125852555
10.55	0.00006233010917831897
10.56	0.00006726339387069785
10.57	0.00006460399394797498
10.58	0.000056877411962563534
10.59	0.000049861203545272565
10.6	0.00004605859364364998
10.61	0.00004579488266279896
10.620000000000001	0.000049012246996177476
10.63	0.00005519184627112199
10.64	0.00006153225642458683
10.65	0.00006255688598000615
10.66	0.00005692585894243627
10.67	0.000049706441922642464
10.68	0.000044816383166886504
10.69	0.000043220654769008906
10.700000000000001	0.000044941616726779355
10.71	0.00004973865158742762
10.72	0.00005594825218521958
10.73	0.00005898192062547361
10.74	0.00005548238411373743
10.75	0.000048796706084084706
10.76	0.000043473389668659924
10.77	0.00004112152227960401
10.78	0.0000419053898189771
10.790000000000001	0.000045675631569932954
10.8	0.0000513020912793616
10.81	0.00005504470160931176
10.82	0.00005297330327893801
10.83	0.000047051546811263736
10.84	0.00004179780538304419
10.85	0.000039203699433900274
10.86	0.00003956251262821398
10.870000000000001	0.00004274479721254364
10.88	0.00004779111166616754
10.89	0.000051440392104094265
10.9	0.000049894167727867504
10.91	0.00004454128807211345
10.92	0.00003959366327653254
10.93	0.000037069718593640654
10.94	0.000037303520497823036
10.950000000000001	0.000040173925032558774
10.96	0.000044743313043600084
10.97	0.00004791319050131517
10.98	0.000046292972232823826
10.99	0.00004138127489215554
11.	0.00003700510611231227
11.01	0.00003491910041927663
11.02	0.000035402650443570564
11.03	0.000038287522878596664
11.040000000000001	0.0000424578373079091
11.05	0.000044755118695585534
11.06	0.000042557290901888874
11.07	0.00003796427513413172
11.08	0.00003430597306146671
11.09	0.000032876284093427055
11.1	0.00003383284912008497
11.11	0.000036883858119111805
11.120000000000001	0.00004053630415597039
11.13	0.00004156594896754868
11.14	0.00003861702641631906
11.15	0.0000344586199226043
11.16	0.000031692081499228685
11.17	0.00003109209635739052
11.18	0.000032670846424772805
11.19	0.000035873051451875936
11.200000000000001	0.00003863572952847119
11.21	0.00003808590365804745
11.22	0.000034623698368636504
11.23	0.00003121714928915446
11.24	0.000029539386380717534
11.25	0.00002991013735691037
11.26	0.000032121617182729334
11.27	0.00003509862138100018
11.28	0.000036283224451462785
11.290000000000001	0.000034132239294290517
11.3	0.00003066398359272338
11.31	0.00002823250823647821
11.32	0.00002763652316199921
11.33	0.000028905191349690465
11.34	0.00003150097210405535
11.35	0.00003357935996712851
11.36	0.00003283810799041227
11.370000000000001	0.000029884147659016772
11.38	0.000027177679748807793
11.39	0.00002599612241972004
11.4	0.000026564193184116363
11.41	0.000028608075618035726
11.42	0.0000308770599403797
11.43	0.00003110145282622389
11.44	0.000028813620405854593
11.450000000000001	0.000026117206650669847
11.46	0.000024610300898935396
11.47	0.000024705400709043215
11.48	0.000026269315765074917
11.49	0.0000284172786718125
11.5	0.000029154712715724206
11.51	0.000027454768780349055
11.52	0.000024940085616069808
11.53	0.00002332283179807262
11.540000000000001	0.000023154949832267315
11.55	0.000024385465227227776
11.56	0.00002633215952193544
11.57	0.000027268846009098324
11.58	0.000025993204660614932
11.59	0.00002375909022187733
11.6	0.000022224470340699106
11.61	0.0000219657249120724
11.620000000000001	0.00002294917746733917
11.63	0.000024610592874743965
11.64	0.000025437368555518658
11.65	0.00002427831877782745
11.66	0.000022199341571901513
11.67	0.00002073653503764744
11.68	0.00002047003398300303
11.69	0.00002138358511354463
11.700000000000001	0.000022902738756827127
11.71	0.00002359715199673165
11.72	0.000022497526031748032
11.73	0.000020648719648478327
11.74	0.000019411408455751505
11.75	0.000019274162005819704
11.76	0.000020185075571615088
11.77	0.00002152691523971681
11.78	0.000021944411434454084
11.790000000000001	0.000020779636244123127
11.8	0.00001914336230356477
11.81	0.000018174111465312738
11.82	0.000018224546379244227
11.83	0.00001917219019392307
11.84	0.000020302928992323748
11.85	0.00002035921157794524
11.86	0.000019110359594706285
11.870000000000001	0.000017723610546674967
11.88	0.000017072681664246817
11.89	0.000017360311247920957
11.9	0.000018359792482580767
11.91	0.000019228122606907404
11.92	0.000018919960173736272
11.93	0.000017691853419955663
11.94	0.000016622559636904165
11.950000000000001	0.00001626879540248057
11.96	0.000016705697348568105
11.97	0.000017584570259940587
11.98	0.00001795947830945384
11.99	0.000017194067439306155
12.	0.000015984796058362595
12.01	0.000015227593923712642
12.02	0.00001523256251898095
12.030000000000001	0.000015896017850351922
12.040000000000001	0.000016633862246882273
12.05	0.000016534161404555328
12.06	0.00001556555861090443
12.07	0.000014612623840774506
12.08	0.000014252935796377834
12.09	0.000014576341602133325
12.1	0.000015294515861618968
12.11	0.00001564528197085502
12.120000000000001	0.000015078289840732988
12.13	0.000014125269119044828
12.14	0.000013528229136281077
12.15	0.000013552088054616702
12.16	0.000014095348541426031
12.17	0.000014640290721793085
12.18	0.000014471876420254796
12.19	0.00001367463662502751
12.200000000000001	0.000012976737214886475
12.21	0.000012798485288135052
12.22	0.000013169252947822446
12.23	0.00001377103682281841
12.24	0.00001393462397186209
12.25	0.000013379296090131788
12.26	0.000012635457697172418
12.27	0.000012232173888196659
12.280000000000001	0.000012332120500181414
12.290000000000001	0.000012764331903163897
12.3	0.000012986634276902413
12.31	0.000012573265827073058
12.32	0.000011879607769225171
12.33	0.000011447746769333242
12.34	0.000011472386220687972
12.35	0.000011851239066642215
12.36	0.000012158364539545773
12.370000000000001	0.000011921037183400317
12.38	0.000011319231116787319
12.39	0.000010871974078807923
12.4	0.000010821448658626449
12.41	0.00001112167823895573
12.42	0.00001143625337801955
12.43	0.000011305005615098992
12.44	0.0000107889902647055
12.450000000000001	0.000010356012573976271
12.46	0.000010267497613384194
12.47	0.000010510670580415628
12.48	0.000010810658071043994
12.49	0.000010745335177207598
12.5	0.000010316607794805505
12.51	9.940472789656829e-6
12.52	9.878015228968151e-6
12.530000000000001	0.00001013203252625743
12.540000000000001	0.000010450308247681718
12.55	0.000010412440198782901
12.56	9.979561786355063e-6
12.57	9.55024222245096e-6
12.58	9.394763307240638e-6
12.59	9.523150148537179e-6
12.6	9.71403606620435e-6
12.61	9.625585242226287e-6
12.620000000000001	9.254925058197813e-6
12.63	8.928434438887134e-6
12.64	8.846886737902744e-6
12.65	8.999362533038288e-6
12.66	9.173895618178846e-6
12.67	9.0775139574807e-6
12.68	8.748320717336115e-6
12.69	8.482161258536034e-6
12.700000000000001	8.440067286154166e-6
12.71	8.59216555096023e-6
12.72	8.72611956611605e-6
12.73	8.601301177529252e-6
12.74	8.30601284387349e-6
12.75	8.102235618706986e-6
12.76	8.106455867604457e-6
12.77	8.264324542445448e-6
12.780000000000001	8.362619324366479e-6
12.790000000000001	8.2285542851977e-6
12.8	8.004197958349487e-6
12.81	7.911653542860664e-6
12.82	8.009956992181646e-6
12.83	8.176870103619757e-6
12.84	8.168305598006988e-6
12.85	7.91397144530752e-6
12.86	7.627514054039229e-6
12.870000000000001	7.490280857795679e-6
12.88	7.523323310265974e-6
12.89	7.605995688371023e-6
12.9	7.545621512327829e-6
12.91	7.3354123207780285e-6
12.92	7.155702939491616e-6
12.93	7.116187550912958e-6
12.94	7.19530634522113e-6
12.950000000000001	7.25078388629601e-6
12.96	7.145338035691037e-6
12.97	6.957102797761985e-6
12.98	6.844043854500723e-6
12.99	6.860358794598305e-6
13.	6.943471803400192e-6
13.01	6.944200444003872e-6
13.02	6.808694243724226e-6
13.030000000000001	6.665177378787802e-6
13.040000000000001	6.6249561245703985e-6
13.05	6.69309530158548e-6
13.06	6.774049833723257e-6
13.07	6.751438198916237e-6
13.08	6.664547582898713e-6
13.09	6.629502553433504e-6
13.1	6.661081466982453e-6
13.11	6.686104474263689e-6
13.120000000000001	6.617391764614603e-6
13.13	6.445104285001418e-6
13.14	6.277687072892643e-6
13.15	6.201440151445966e-6
13.16	6.214120894114864e-6
13.17	6.232206311435265e-6
13.18	6.161951567295794e-6
13.19	6.037611720178958e-6
13.200000000000001	5.957073047351477e-6
13.21	5.9562225432119e-6
13.22	5.992650774462316e-6
13.23	5.973895708408669e-6
13.24	5.87872411282025e-6
13.25	5.789882071879045e-6
13.26	5.767179842064531e-6
13.27	5.799597222736366e-6
13.280000000000001	5.814618973778974e-6
13.290000000000001	5.757812449521793e-6
13.3	5.681145368221106e-6
13.31	5.657231188625869e-6
13.32	5.70138036877175e-6
13.33	5.768365357596626e-6
13.34	5.792796038675197e-6
13.35	5.774461050012375e-6
13.36	5.738681299110464e-6
13.370000000000001	5.692451340253373e-6
13.38	5.643384702407886e-6
13.39	5.563839611714682e-6
13.4	5.451533403447516e-6
13.41	5.36093988433606e-6
13.42	5.325149556460179e-6
13.43	5.3270117588679204e-6
13.44	5.310733018997725e-6
13.450000000000001	5.2484018528880666e-6
13.46	5.182770289932093e-6
13.47	5.155251788426772e-6
13.48	5.16284669654828e-6
13.49	5.162345299124707e-6
13.5	5.119647839014497e-6
13.51	5.064564834060793e-6
13.52	5.039418286237222e-6
13.530000000000001	5.049513216568811e-6
13.540000000000001	5.062133326759809e-6
13.55	5.043124839706452e-6
13.56	5.013635694234997e-6
13.57	5.017018229266463e-6
13.58	5.066872602543969e-6
13.59	5.1359536178474245e-6
13.6	5.167644665342754e-6
13.61	5.128005846859204e-6
13.620000000000001	5.044479869482459e-6
13.63	4.970880579112148e-6
13.64	4.91599795320429e-6
13.65	4.852881495774656e-6
13.66	4.783662783476613e-6
13.67	4.735479475445221e-6
13.68	4.71687416380785e-6
13.69	4.7086453722198355e-6
13.700000000000001	4.6818142099772405e-6
13.71	4.639789158223082e-6
13.72	4.609716536453921e-6
13.73	4.60201607184168e-6
13.74	4.601588677826474e-6
13.75	4.58422907607022e-6
13.76	4.554042843787423e-6
13.77	4.535740443707438e-6
13.780000000000001	4.539263965942582e-6
13.790000000000001	4.5525127963204845e-6
13.8	4.557331608226642e-6
13.81	4.562418414377631e-6
13.82	4.593059610027456e-6
13.83	4.653455172103335e-6
13.84	4.704472250151815e-6
13.85	4.684568570338975e-6
13.86	4.59982034792507e-6
13.870000000000001	4.512311680077773e-6
13.88	4.4521083749888205e-6
13.89	4.408678521994829e-6
13.9	4.3637820252199795e-6
13.91	4.321190461244232e-6
13.92	4.293255180336077e-6
13.93	4.2797511655757536e-6
13.94	4.266811644861872e-6
13.950000000000001	4.2436761393696796e-6
13.96	4.219412522684396e-6
13.97	4.205985368526074e-6
13.98	4.202403415840355e-6
13.99	4.1966334575114575e-6
14.	4.1832007837441735e-6
14.01	4.173419860193362e-6
14.02	4.1777640745445735e-6
14.030000000000001	4.195427682656068e-6
14.040000000000001	4.219134933696805e-6
14.05	4.251292674599875e-6
14.06	4.30032737777676e-6
14.07	4.347417939075927e-6
14.08	4.343290751633856e-6
14.09	4.2758147781344485e-6
14.1	4.189980858905618e-6
14.11	4.121868173485846e-6
14.120000000000001	4.0768038390044526e-6
14.13	4.043792570689296e-6
14.14	4.01229100144468e-6
14.15	3.984325159416999e-6
14.16	3.965298432478198e-6
14.17	3.953531627052427e-6
14.18	3.941237662071089e-6
14.19	3.9252634987170175e-6
14.200000000000001	3.9118245501625235e-6
14.21	3.905549958791662e-6
14.22	3.90386631578078e-6
14.23	3.901314491933948e-6
14.24	3.9000411456406944e-6
14.25	3.908411901830301e-6
14.26	3.931596958644179e-6
14.27	3.969475702080059e-6
14.280000000000001	4.019072501142969e-6
14.290000000000001	4.067688928104812e-6
14.3	4.078026845910438e-6
14.31	4.029489421191545e-6
14.32	3.953410892440364e-6
14.33	3.883092505854656e-6
14.34	3.830654593546422e-6
14.35	3.7949981710380435e-6
14.36	3.7690275693369406e-6
14.370000000000001	3.7460420115866332e-6
14.38	3.725908542375456e-6
14.39	3.711162740028214e-6
14.4	3.7010001324127586e-6
14.41	3.6915640643791383e-6
14.42	3.681582868557605e-6
14.43	3.6744506532581292e-6
14.44	3.6726139889365878e-6
14.450000000000001	3.6751299206238934e-6
14.46	3.6808839114159723e-6
14.47	3.693817781100048e-6
14.48	3.720712729877676e-6
14.49	3.765327393169041e-6
14.5	3.821095138877517e-6
14.51	3.859482426617077e-6
14.52	3.84245228839101e-6
14.530000000000001	3.7780976981693886e-6
14.540000000000001	3.7070017738108306e-6
14.55	3.6486611894172713e-6
14.56	3.6052398194735744e-6
14.57	3.574521888531828e-6
14.58	3.5524203683684084e-6
14.59	3.5344143676457984e-6
14.6	3.5187426388845537e-6
14.61	3.506423099764048e-6
14.620000000000001	3.497689833651814e-6
14.63	3.490990677896225e-6
14.64	3.4853679796887984e-6
14.65	3.482569323498293e-6
14.66	3.484802230233213e-6
14.67	3.493066328711897e-6
14.68	3.5086609929980055e-6
14.69	3.5359132597276316e-6
14.700000000000001	3.5797415083772304e-6
14.71	3.6351331984385637e-6
14.72	3.671724654094438e-6
14.73	3.6513335290107337e-6
14.74	3.5863835920889705e-6
14.75	3.518190392450366e-6
14.76	3.4645852098252873e-6
14.77	3.424983872933947e-6
14.780000000000001	3.396024097020169e-6
14.790000000000001	3.374961285652699e-6
14.8	3.3590131518476063e-6
14.81	3.3459100577732415e-6
14.82	3.3352245420366144e-6
14.83	3.3274637366062004e-6
14.84	3.322502916421876e-6
14.85	3.3198424808012185e-6
14.86	3.3202059155683197e-6
14.870000000000001	3.325734249928074e-6
14.88	3.338852900834642e-6
14.89	3.362355672833222e-6
14.9	3.3999256682179918e-6
14.91	3.4514603325191495e-6
14.92	3.4976852497729486e-6
14.93	3.4984535737989224e-6
14.94	3.4456646065207178e-6
14.950000000000001	3.377434377674296e-6
14.96	3.3208234768469746e-6
14.97	3.27952958354308e-6
14.98	3.2495456324822463e-6
14.99	3.2273872839325303e-6
15.	3.2109120708585886e-6
15.01	3.19839623866393e-6
15.02	3.1885372413921376e-6
15.030000000000001	3.1810650502513447e-6
15.040000000000001	3.176361855110472e-6
15.05	3.1747168849396167e-6
15.06	3.1765553902759425e-6
15.07	3.183376931273261e-6
15.08	3.19798240625967e-6
15.09	3.2239670886163075e-6
15.1	3.264467967969659e-6
15.11	3.3158671878517166e-6
15.120000000000001	3.353305379722949e-6
15.13	3.340215252252026e-6
15.14	3.2826128280621198e-6
15.15	3.2186630180558835e-6
15.16	3.1680253080154854e-6
15.17	3.1316762254659465e-6
15.18	3.1055698220981656e-6
15.19	3.086234430565243e-6
15.200000000000001	3.0717082987360183e-6
15.21	3.0608291104139195e-6
15.22	3.0527599901651995e-6
15.23	3.047192232300737e-6
15.24	3.044476816360507e-6
15.25	3.045305980610559e-6
15.26	3.0507329705437297e-6
15.27	3.0627508224944168e-6
15.280000000000001	3.084700258989377e-6
15.290000000000001	3.120294831324941e-6
15.3	3.1686419979573508e-6
15.31	3.2113360829505047e-6
15.32	3.211811220957454e-6
15.33	3.1634665583861436e-6
15.34	3.1011702066821527e-6
15.35	3.0493163845865863e-6
15.36	3.0116176457541626e-6
15.370000000000001	2.984828603055233e-6
15.38	2.965413781870097e-6
15.39	2.9510009206113326e-6
15.4	2.940306789308282e-6
15.41	2.932646207293757e-6
15.42	2.9276973127374294e-6
15.43	2.9256243474625405e-6
15.44	2.9271822966900056e-6
15.450000000000001	2.9337033796294595e-6
15.46	2.9473360651958387e-6
15.47	2.971352985607768e-6
15.48	3.0089519450209657e-6
15.49	3.056563512855838e-6
15.5	3.090496225065467e-6
15.51	3.0774389301999615e-6
15.52	3.0243350880824678e-6
15.530000000000001	2.966266890448972e-6
15.540000000000001	2.920482184439912e-6
15.55	2.8876350609372553e-6
15.56	2.864299395725434e-6
15.57	2.847440610445293e-6
15.58	2.835066889500326e-6
15.59	2.826096965489238e-6
15.6	2.820068187697449e-6
15.610000000000001	2.8169297631335603e-6
15.620000000000001	2.8170849388889703e-6
15.63	2.8215758976069283e-6
15.64	2.832251769294671e-6
15.65	2.851936201432708e-6
15.66	2.8839291741167544e-6
15.67	2.927809250153906e-6
15.68	2.96752438521498e-6
15.69	2.9696404884791816e-6
15.700000000000001	2.926661984012499e-6
15.71	2.8700736484326343e-6
15.72	2.822793449909064e-6
15.73	2.7884100178910584e-6
15.74	2.764018385099694e-6
15.75	2.7465614526215316e-6
15.76	2.7339420495411585e-6
15.77	2.7249206488230262e-6
15.780000000000001	2.7189300286801675e-6
15.790000000000001	2.7159177038092083e-6
15.8	2.71629489582909e-6
15.81	2.7210694239001748e-6
15.82	2.7320943701332516e-6
15.83	2.7522065865985334e-6
15.84	2.7844076215234723e-6
15.85	2.8269361242376954e-6
15.860000000000001	2.8613843907488595e-6
15.870000000000001	2.85626591770253e-6
15.88	2.811337545551352e-6
15.89	2.7580310528033456e-6
15.9	2.714990986120738e-6
15.91	2.684066671456364e-6
15.92	2.6622463307649714e-6
15.93	2.646703789467556e-6
15.94	2.6356040898255383e-6
15.950000000000001	2.627924043416558e-6
15.96	2.6232548461532137e-6
15.97	2.6217110857209594e-6
15.98	2.6239388872754743e-6
15.99	2.6312658449603303e-6
16.	2.645936532743702e-6
16.01	2.6709612367835956e-6
16.02	2.707716644649374e-6
16.03	2.7472549873169883e-6
16.04	2.7619247891968176e-6
16.05	2.733170228084155e-6
16.06	2.682730052243959e-6
16.07	2.63679712269453e-6
16.080000000000002	2.602712199863999e-6
16.09	2.5786820813987963e-6
16.1	2.561733211329309e-6
16.11	2.5497253852477156e-6
16.12	2.5414149062076484e-6
16.13	2.5362311324747702e-6
16.14	2.5341492067155857e-6
16.15	2.5356907437051207e-6
16.16	2.5420381318356356e-6
16.17	2.5552307711017427e-6
16.18	2.578078631617356e-6
16.19	2.612134488979353e-6
16.2	2.6498994259782567e-6
16.21	2.6660586152441802e-6
16.22	2.6411335089852107e-6
16.23	2.5938091820725324e-6
16.240000000000002	2.549730337969027e-6
16.25	2.5168087198789286e-6
16.26	2.493616907228477e-6
16.27	2.4773417835574765e-6
16.28	2.4659174542660043e-6
16.29	2.4581506142540377e-6
16.3	2.4535235711218774e-6
16.31	2.4520724718384495e-6
16.32	2.4544013090744573e-6
16.330000000000002	2.461815482711714e-6
16.34	2.476477768131084e-6
16.35	2.501023216611334e-6
16.36	2.5354286712464555e-6
16.37	2.567800257753015e-6
16.38	2.5715354637486127e-6
16.39	2.538468704428495e-6
16.4	2.493022065630549e-6
16.41	2.4545954297405766e-6
16.42	2.426735568592844e-6
16.43	2.4072365305446987e-6
16.44	2.3936116871768452e-6
16.45	2.3842108939789105e-6
16.46	2.3781662155764554e-6
16.47	2.375226488175317e-6
16.48	2.3756966522831548e-6
16.490000000000002	2.3805093940480123e-6
16.5	2.391381753282305e-6
16.51	2.4107498427768307e-6
16.52	2.440120433722865e-6
16.53	2.4734906012228825e-6
16.54	2.4891033593019563e-6
16.55	2.4684942121480155e-6
16.56	2.4268526047578243e-6
16.57	2.387434022686625e-6
16.580000000000002	2.35788999486395e-6
16.59	2.3371360402574945e-6
16.6	2.3227006406846157e-6
16.61	2.3127656100894336e-6
16.62	2.3063149746834503e-6
16.63	2.3029834836165444e-6
16.64	2.3029757393512108e-6
16.65	2.3071110440411105e-6
16.66	2.3169580565470163e-6
16.67	2.3347782059365513e-6
16.68	2.3620266092714244e-6
16.69	2.3933065067302836e-6
16.7	2.4084932408646156e-6
16.71	2.389765616052451e-6
16.72	2.350737639254253e-6
16.73	2.313473149509786e-6
16.740000000000002	2.285477417671772e-6
16.75	2.265828464564595e-6
16.76	2.252214028969132e-6
16.77	2.2429295231522205e-6
16.78	2.237040789777955e-6
16.79	2.234250995777775e-6
16.8	2.2348374766492573e-6
16.81	2.2397085640970052e-6
16.82	2.2505150156439376e-6
16.830000000000002	2.269401175741695e-6
16.84	2.29674835414771e-6
16.85	2.3239993754264985e-6
16.86	2.329655736408856e-6
16.87	2.304268391497598e-6
16.88	2.2666686455953955e-6
16.89	2.2341190492812407e-6
16.9	2.2104052379826953e-6
16.91	2.193897451168626e-6
16.92	2.182548411463829e-6
16.93	2.1750101713067992e-6
16.94	2.1706393018711655e-6
16.95	2.169389082428623e-6
16.96	2.1717991397923553e-6
16.97	2.1790835018344966e-6
16.98	2.193123403526695e-6
16.990000000000002	2.215448666821778e-6
17.	2.2426406334487774e-6
17.01	2.2587593836458796e-6
17.02	2.246026856497728e-6
17.03	2.2128832347795862e-6
17.04	2.1794627529898334e-6
17.05	2.153926337568256e-6
17.06	2.1359808434819046e-6
17.07	2.123638375601399e-6
17.080000000000002	2.1153712142904316e-6
17.09	2.1103625961383162e-6
17.1	2.1084140562812185e-6
17.11	2.109901209429303e-6
17.12	2.115816619265649e-6
17.13	2.1277673963119826e-6
17.14	2.1472949870473486e-6
17.150000000000002	2.172293610656977e-6
17.16	2.189651615062461e-6
17.17	2.1813426777738826e-6
17.18	2.1516452183337435e-6
17.19	2.119714250705215e-6
17.2	2.094789877730284e-6
17.21	2.077183365506066e-6
17.22	2.0650776462554376e-6
17.23	2.0569803761286282e-6
17.240000000000002	2.0520771765386317e-6
17.25	2.050163032259798e-6
17.26	2.0516051553288327e-6
17.27	2.0573943849114997e-6
17.28	2.069122055560818e-6
17.29	2.088082899021899e-6
17.3	2.111276115961861e-6
17.31	2.124860397857808e-6
17.32	2.113493721118886e-6
17.330000000000002	2.084564935208441e-6
17.34	2.055483747605285e-6
17.35	2.033280764794432e-6
17.36	2.0177045965196673e-6
17.37	2.007060432655601e-6
17.38	2.000070768337649e-6
17.39	1.996101020804714e-6
17.400000000000002	1.995098126766935e-6
17.41	1.9975794131700397e-6
17.42	2.004677618406626e-6
17.43	2.0179414721820844e-6
17.44	2.037677553557531e-6
17.45	2.0576333426526e-6
17.46	2.061779733340177e-6
17.47	2.0426588777990534e-6
17.48	2.0141641820398106e-6
17.490000000000002	1.989415045217369e-6
17.5	1.9714018085685214e-6
17.51	1.958973670336261e-6
17.52	1.950660986563395e-6
17.53	1.9455490373086895e-6
17.54	1.94329030284064e-6
17.55	1.9440458396518764e-6
17.56	1.948588338070178e-6
17.57	1.9583212164470397e-6
17.580000000000002	1.9743421891271226e-6
17.59	1.993811571856846e-6
17.6	2.004469043383356e-6
17.61	1.9935691841575205e-6
17.62	1.968225251427327e-6
17.63	1.943219619457194e-6
17.64	1.9242354439147e-6
17.650000000000002	1.9109573074234833e-6
17.66	1.9019565921439863e-6
17.67	1.8962031780672811e-6
17.68	1.893248763726106e-6
17.69	1.893190848852897e-6
17.7	1.8966784124479335e-6
17.71	1.9048870551283578e-6
17.72	1.918898242102975e-6
17.73	1.9367972674296987e-6
17.740000000000002	1.9483319224458015e-6
17.75	1.940588546675824e-6
17.76	1.91784249950882e-6
17.77	1.8941469334489233e-6
17.78	1.8758231798195779e-6
17.79	1.8629433344520804e-6
17.8	1.8542074225953803e-6
17.81	1.848623737328166e-6
17.82	1.8457530852331366e-6
17.830000000000002	1.8456865618117344e-6
17.84	1.849047311272991e-6
17.85	1.8569387935027903e-6
17.86	1.8702366950976884e-6
17.87	1.8865676638512367e-6
17.88	1.8955767233877211e-6
17.89	1.8862833625921328e-6
17.900000000000002	1.8645538446812576e-6
17.91	1.8430510388629259e-6
17.92	1.826734852139061e-6
17.93	1.815380860281732e-6
17.94	1.8077557637447529e-6
17.95	1.8029420936679791e-6
17.96	1.800620593636452e-6
17.97	1.8010657798970406e-6
17.98	1.8050336122443902e-6
17.990000000000002	1.813595047041623e-6
18.	1.8270250259668691e-6
18.01	1.8410619403298071e-6
18.02	1.8442052559918713e-6
18.03	1.830363523051085e-6
18.04	1.8092206801625262e-6
18.05	1.7906291790210722e-6
18.06	1.7770178170498424e-6
18.07	1.7676300550678131e-6
18.080000000000002	1.761439490105659e-6
18.09	1.7578586914104153e-6
18.1	1.756798406549379e-6
18.11	1.758657990333161e-6
18.12	1.7642889515545226e-6
18.13	1.7745228000459266e-6
18.14	1.787972386263447e-6
18.150000000000002	1.7968331530081866e-6
18.16	1.7908385970816633e-6
18.17	1.7728657383581135e-6
18.18	1.7539364255683152e-6
18.19	1.7392107669785675e-6
18.2	1.7288424936999198e-6
18.21	1.7218552025226853e-6
18.22	1.7175219282974507e-6
18.23	1.7155856737160392e-6
18.240000000000002	1.7162592118488013e-6
18.25	1.7202071634807265e-6
18.26	1.7282862997662489e-6
18.27	1.740095375333482e-6
18.28	1.750259370853962e-6
18.29	1.748631948680464e-6
18.3	1.7339588959457348e-6
18.31	1.7160572052561259e-6
18.32	1.7013964173119628e-6
18.330000000000002	1.690815651947438e-6
18.34	1.6835050119762719e-6
18.35	1.6787976556874712e-6
18.36	1.6764180870730244e-6
18.37	1.6764978990497882e-6
18.38	1.6795886555565138e-6
18.39	1.6864621976511588e-6
18.400000000000002	1.696896291194435e-6
18.41	1.7063619587492902e-6
18.42	1.7055516315296586e-6
18.43	1.692403430455576e-6
18.44	1.6756745141143331e-6
18.45	1.661759844278185e-6
18.46	1.6517310229214449e-6
18.47	1.6448811727800655e-6
18.48	1.6405190085268773e-6
18.490000000000002	1.6383505352508968e-6
18.5	1.6385081436718643e-6
18.51	1.6415257183553885e-6
18.52	1.6480845751840643e-6
18.53	1.6576969878483838e-6
18.54	1.6655266660772767e-6
18.55	1.6630949021944004e-6
18.56	1.6500335456192316e-6
18.57	1.634720399931559e-6
18.580000000000002	1.6223149577272913e-6
18.59	1.6134449786759363e-6
18.6	1.6074282587087183e-6
18.61	1.6036883816771017e-6
18.62	1.6020339827737806e-6
18.63	1.6026764765386045e-6
18.64	1.6061787060629392e-6
18.650000000000002	1.6130421259550503e-6
18.66	1.6219697206248091e-6
18.67	1.6269717955033408e-6
18.68	1.6212283570706405e-6
18.69	1.6077227918388657e-6
18.7	1.5940607483406034e-6
18.71	1.583485945626846e-6
18.72	1.5760287805612057e-6
18.73	1.5710533055613715e-6
18.740000000000002	1.568142773329557e-6
18.75	1.5672543661772498e-6
18.76	1.5687166600798373e-6
18.77	1.573087305134561e-6
18.78	1.5803374234359332e-6
18.79	1.5874503958522312e-6
18.8	1.5874080601303576e-6
18.81	1.5776421783467296e-6
18.82	1.5644538369630935e-6
18.830000000000002	1.553192618293564e-6
18.84	1.5449697578722126e-6
18.85	1.539315154414671e-6
18.86	1.535718988780988e-6
18.87	1.5339912930236247e-6
18.88	1.5342973116791743e-6
18.89	1.5370957754158297e-6
18.900000000000002	1.5427071654045206e-6
18.91	1.5496673020696512e-6
18.92	1.5525069146242475e-6
18.93	1.546218318123725e-6
18.94	1.5343847678466897e-6
18.95	1.5231097228347607e-6
18.96	1.5145559697151003e-6
18.97	1.5085652482326994e-6
18.98	1.5046303436656449e-6
18.990000000000002	1.5024893259262663e-6
19.	1.5022144897424963e-6
19.01	1.5041774842562819e-6
19.02	1.508750140297756e-6
19.03	1.515045862554048e-6
19.04	1.5186864555706902e-6
19.05	1.514274377294987e-6
19.06	1.5036719577795622e-6
19.07	1.4927944139567011e-6
19.080000000000002	1.4843050527700936e-6
19.09	1.4782717497795276e-6
19.1	1.4742241577244506e-6
19.11	1.4718754718400685e-6
19.12	1.4712469961688312e-6
19.13	1.4726440108296083e-6
19.14	1.4764060321949006e-6
19.150000000000002	1.481828941972583e-6
19.16	1.485120682676759e-6
19.17	1.4812908541830355e-6
19.18	1.4717112244273108e-6
19.19	1.461730324326581e-6
19.2	1.4538767566030065e-6
19.21	1.4482646771692635e-6
19.22	1.4444837605014141e-6
19.23	1.442285238317389e-6
19.240000000000002	1.4417042118557483e-6
19.25	1.4430295900928782e-6
19.26	1.4465238356812392e-6
19.27	1.4513025312093543e-6
19.28	1.4535437722143196e-6
19.29	1.4490795342436534e-6
19.3	1.4399719582765926e-6
19.31	1.430973841315646e-6
19.32	1.4240162926333844e-6
19.330000000000002	1.4190887444163268e-6
19.34	1.415837912574629e-6
19.35	1.4140883445541457e-6
19.36	1.413905249936825e-6
19.37	1.4155046536660085e-6
19.38	1.4189166490894859e-6
19.39	1.4227862679501255e-6
19.400000000000002	1.4230929115066256e-6
19.41	1.4172187823990414e-6
19.42	1.4084119759885172e-6
19.43	1.4004814962215973e-6
19.44	1.3945053401220164e-6
19.45	1.3902906439563698e-6
19.46	1.3875398299427708e-6
19.47	1.3861650599064063e-6
19.48	1.3863172941642524e-6
19.490000000000002	1.3882540863247478e-6
19.5	1.391702813980364e-6
19.51	1.3943573573810828e-6
19.52	1.3922345393784342e-6
19.53	1.3851972498795317e-6
19.54	1.3771861809261572e-6
19.55	1.3706184993403634e-6
19.56	1.3658081763629294e-6
19.57	1.3624826120988804e-6
19.580000000000002	1.3604522031661708e-6
19.59	1.3597465462210057e-6
19.6	1.360578028789797e-6
19.61	1.3630344918446155e-6
19.62	1.3660331189197012e-6
19.63	1.36626627591307e-6
19.64	1.3614222629209297e-6
19.650000000000002	1.354044725858762e-6
19.66	1.3473390382942397e-6
19.67	1.3422730088311263e-6
19.68	1.3387122629963517e-6
19.69	1.3363775741915838e-6
19.7	1.3351307832709757e-6
19.71	1.3351139900274916e-6
19.72	1.3365807223441622e-6
19.73	1.339079089621587e-6
19.740000000000002	1.340201567534672e-6
19.75	1.3369687448014314e-6
19.76	1.3304047813575698e-6
19.77	1.323751368908939e-6
19.78	1.3184676402022586e-6
19.79	1.3146083675981624e-6
19.8	1.3119540835805112e-6
19.81	1.3104095127825921e-6
19.82	1.3100627242460917e-6
19.830000000000002	1.3110793027455058e-6
19.84	1.3131931785071455e-6
19.85	1.31457993248983e-6
19.86	1.3123324607457025e-6
19.87	1.3066052135275775e-6
19.88	1.300339037745866e-6
19.89	1.2952068374207327e-6
19.900000000000002	1.2913984964629053e-6
19.91	1.2887263811493191e-6
19.92	1.2870862115567674e-6
19.93	1.2865406554281185e-6
19.94	1.2872372430632545e-6
19.95	1.2889787416475642e-6
19.96	1.2902187133165036e-6
19.97	1.2883124510169783e-6
19.98	1.283195718071352e-6
19.990000000000002	1.2774965665695444e-6
20.	1.272785603380703e-6