# COMMENT
# # cutUV cutIR samples
# 100.000000 0.000100 500# UV PARAMS
# beta gam massSq(UV) lam(UV)
# 0.250000 0.030000 1.000000 4.000000
# IR PARAMS
# massSq(IR) lam(IR) mu6(UR) mu8(UR) mu10(UR)
# 3.067951 1.474064 2.319300 0.000000 0.000000
# LATTICE PARAMS
# pos_count extent
# 320 8.000000
# Spectral function (PDE)
# p rho
0.000000 0.000067
0.025000 0.000203
0.050000 0.000339
0.075000 0.000476
0.100000 0.000614
0.125000 0.000754
0.150000 0.000896
0.175000 0.001041
0.200000 0.001189
0.225000 0.001341
0.250000 0.001498
0.275000 0.001659
0.300000 0.001827
0.325000 0.002000
0.350000 0.002181
0.375000 0.002370
0.400000 0.002567
0.425000 0.002775
0.450000 0.002994
0.475000 0.003225
0.500000 0.003469
0.525000 0.003729
0.550000 0.004006
0.575000 0.004301
0.600000 0.004617
0.625000 0.004956
0.650000 0.005321
0.675000 0.005715
0.700000 0.006140
0.725000 0.006601
0.750000 0.007102
0.775000 0.007647
0.800000 0.008243
0.825000 0.008894
0.850000 0.009608
0.875000 0.010394
0.900000 0.011258
0.925000 0.012213
0.950000 0.013269
0.975000 0.014439
1.000000 0.015738
1.025000 0.017181
1.050000 0.018789
1.075000 0.020580
1.100000 0.022579
1.125000 0.024809
1.150000 0.027299
1.175000 0.030077
1.200000 0.033173
1.225000 0.036620
1.250000 0.040447
1.275000 0.044683
1.300000 0.049352
1.325000 0.054470
1.350000 0.060046
1.375000 0.066070
1.400000 0.072518
1.425000 0.079343
1.450000 0.086476
1.475000 0.093822
1.500000 0.101266
1.525000 0.108671
1.550000 0.115894
1.575000 0.122784
1.600000 0.129199
1.625000 0.135013
1.650000 0.140120
1.675000 0.144439
1.700000 0.147915
1.725000 0.150515
1.750000 0.152221
1.775000 0.153031
1.800000 0.152947
1.825000 0.151978
1.850000 0.150133
1.875000 0.147426
1.900000 0.143881
1.925000 0.139531
1.950000 0.134427
1.975000 0.128641
2.000000 0.122268
2.025000 0.115424
2.050000 0.108243
2.075000 0.100868
2.100000 0.093444
2.125000 0.086108
2.150000 0.078978
2.175000 0.072153
2.200000 0.065708
2.225000 0.059691
2.250000 0.054130
2.275000 0.049032
2.300000 0.044392
2.325000 0.040190
2.350000 0.036401
2.375000 0.032996
2.400000 0.029941
2.425000 0.027205
2.450000 0.024755
2.475000 0.022563
2.500000 0.020600
2.525000 0.018841
2.550000 0.017264
2.575000 0.015847
2.600000 0.014573
2.625000 0.013425
2.650000 0.012390
2.675000 0.011455
2.700000 0.010608
2.725000 0.009841
2.750000 0.009143
2.775000 0.008509
2.800000 0.007931
2.825000 0.007404
2.850000 0.006922
2.875000 0.006480
2.900000 0.006075
2.925000 0.005703
2.950000 0.005361
2.975000 0.005045
3.000000 0.004754
3.025000 0.004486
3.050000 0.004237
3.075000 0.004007
3.100000 0.003793
3.125000 0.003595
3.150000 0.003410
3.175000 0.003238
3.200000 0.003077
3.225000 0.002928
3.250000 0.002788
3.275000 0.002656
3.300000 0.002534
3.325000 0.002419
3.350000 0.002310
3.375000 0.002209
3.400000 0.002113
3.425000 0.002023
3.450000 0.001939
3.475000 0.001859
3.500000 0.001783
3.525000 0.001712
3.550000 0.001644
3.575000 0.001581
3.600000 0.001520
3.625000 0.001463
3.650000 0.001409
3.675000 0.001357
3.700000 0.001308
3.725000 0.001262
3.750000 0.001218
3.775000 0.001176
3.800000 0.001136
3.825000 0.001098
3.850000 0.001062
3.875000 0.001028
3.900000 0.000995
3.925000 0.000964
3.950000 0.000934
3.975000 0.000906
4.000000 0.000879
4.025000 0.000853
4.050000 0.000829
4.075000 0.000805
4.100000 0.000783
4.125000 0.000761
4.150000 0.000741
4.175000 0.000721
4.200000 0.000703
4.225000 0.000685
4.250000 0.000668
4.275000 0.000651
4.300000 0.000636
4.325000 0.000621
4.350000 0.000607
4.375000 0.000593
4.400000 0.000580
4.425000 0.000568
4.450000 0.000556
4.475000 0.000545
4.500000 0.000534
4.525000 0.000523
4.550000 0.000513
4.575000 0.000504
4.600000 0.000495
4.625000 0.000486
4.650000 0.000478
4.675000 0.000470
4.700000 0.000462
4.725000 0.000455
4.750000 0.000448
4.775000 0.000441
4.800000 0.000435
4.825000 0.000428
4.850000 0.000422
4.875000 0.000416
4.900000 0.000411
4.925000 0.000405
4.950000 0.000400
4.975000 0.000394
5.000000 0.000389
5.025000 0.000384
5.050000 0.000379
5.075000 0.000374
5.100000 0.000369
5.125000 0.000364
5.150000 0.000359
5.175000 0.000354
5.200000 0.000349
5.225000 0.000344
5.250000 0.000339
5.275000 0.000334
5.300000 0.000329
5.325000 0.000323
5.350000 0.000318
5.375000 0.000313
5.400000 0.000307
5.425000 0.000302
5.450000 0.000296
5.475000 0.000290
5.500000 0.000284
5.525000 0.000278
5.550000 0.000272
5.575000 0.000266
5.600000 0.000260
5.625000 0.000254
5.650000 0.000248
5.675000 0.000242
5.700000 0.000236
5.725000 0.000229
5.750000 0.000223
5.775000 0.000217
5.800000 0.000211
5.825000 0.000205
5.850000 0.000199
5.875000 0.000193
5.900000 0.000187
5.925000 0.000181
5.950000 0.000175
5.975000 0.000169
6.000000 0.000164
6.025000 0.000159
6.050000 0.000153
6.075000 0.000148
6.100000 0.000143
6.125000 0.000138
6.150000 0.000134
6.175000 0.000129
6.200000 0.000125
6.225000 0.000121
6.250000 0.000117
6.275000 0.000113
6.300000 0.000109
6.325000 0.000106
6.350000 0.000102
6.375000 0.000099
6.400000 0.000096
6.425000 0.000093
6.450000 0.000090
6.475000 0.000087
6.500000 0.000084
6.525000 0.000082
6.550000 0.000080
6.575000 0.000077
6.600000 0.000075
6.625000 0.000073
6.650000 0.000071
6.675000 0.000069
6.700000 0.000067
6.725000 0.000065
6.750000 0.000063
6.775000 0.000062
6.800000 0.000060
6.825000 0.000059
6.850000 0.000057
6.875000 0.000056
6.900000 0.000054
6.925000 0.000053
6.950000 0.000052
6.975000 0.000051
7.000000 0.000049
7.025000 0.000048
7.050000 0.000047
7.075000 0.000046
7.100000 0.000045
7.125000 0.000044
7.150000 0.000043
7.175000 0.000042
7.200000 0.000041
7.225000 0.000041
7.250000 0.000040
7.275000 0.000039
7.300000 0.000038
7.325000 0.000037
7.350000 0.000037
7.375000 0.000036
7.400000 0.000035
7.425000 0.000035
7.450000 0.000034
7.475000 0.000033
7.500000 0.000033
7.525000 0.000032
7.550000 0.000032
7.575000 0.000031
7.600000 0.000031
7.625000 0.000030
7.650000 0.000029
7.675000 0.000029
7.700000 0.000028
7.725000 0.000028
7.750000 0.000028
7.775000 0.000027
7.800000 0.000027
7.825000 0.000026
7.850000 0.000026
7.875000 0.000025
7.900000 0.000025
7.925000 0.000025
7.950000 0.000024
7.975000 0.000024
