1.2272033559e-02 1.9635195296e-05 2.7999856675e-05
3.6816100678e-02 6.0441130257e-05 1.8670131034e-05
6.1360167797e-02 1.0170820821e-04 8.3450960599e-05
8.5904234916e-02 1.4140361874e-04 8.5170075053e-05
1.1044830204e-01 1.8317169017e-04 7.1157055341e-05
1.3499236915e-01 2.2319960865e-04 6.4522703240e-05
1.5953643627e-01 2.7142376381e-04 1.0959624094e-04
1.8408050339e-01 3.1627170551e-04 6.7037302655e-05
2.0862457051e-01 3.5922972412e-04 1.0230795369e-04
2.3316863763e-01 4.0846628297e-04 1.8847675650e-04
2.5771270475e-01 4.5787487733e-04 2.4583546491e-04
2.8225677187e-01 5.0208447410e-04 2.4724846635e-04
3.0680083899e-01 5.5156082791e-04 3.1693912715e-04
3.3134490611e-01 5.9879980104e-04 3.4446983483e-04
3.5588897322e-01 6.6369094719e-04 3.1750685533e-04
3.8043304034e-01 7.2791457045e-04 4.1486608400e-04
4.0497710746e-01 7.9221772405e-04 5.2604737472e-04
4.2952117458e-01 8.4004805579e-04 5.5540256499e-04
4.5406524170e-01 9.1196785235e-04 6.7062604706e-04
4.7860930882e-01 9.7863021662e-04 6.0577907831e-04
5.0315337594e-01 1.0502451871e-03 8.7198706707e-04
5.2769744306e-01 1.1729418121e-03 9.0260246014e-04
5.5224151018e-01 1.2199052866e-03 8.5035958400e-04
5.7678557729e-01 1.3280817004e-03 8.4137881489e-04
6.0132964441e-01 1.4449149720e-03 8.2238010782e-04
6.2587371153e-01 1.5209316768e-03 7.3921828647e-04
6.5041777865e-01 1.6693177947e-03 8.3574812324e-04
6.7496184577e-01 1.8119161513e-03 1.2460740627e-03
6.9950591289e-01 1.9128157967e-03 1.2631997018e-03
7.2404998001e-01 2.0861368107e-03 1.1915683388e-03
7.4859404713e-01 2.2371078254e-03 1.2125321910e-03
7.7313811425e-01 2.4782336656e-03 1.4895491398e-03
7.9768218136e-01 2.6745655819e-03 1.7199668179e-03
8.2222624848e-01 2.8559559881e-03 1.8033160616e-03
8.4677031560e-01 3.1920795192e-03 1.8094435611e-03
8.7131438272e-01 3.4318374759e-03 1.7941137458e-03
8.9585844984e-01 3.7662261333e-03 1.8985142245e-03
9.2040251696e-01 4.1990708066e-03 2.1421983397e-03
9.4494658408e-01 4.6324358627e-03 2.3603413192e-03
9.6949065120e-01 5.2130397136e-03 1.5892753537e-03
9.9403471832e-01 5.7709648033e-03 7.8429910061e-04
1.0185787854e+00 6.5512683156e-03 1.0110961916e-03
1.0431228526e+00 7.4112173653e-03 1.1697573387e-03
1.0676669197e+00 8.4679855816e-03 1.9104557575e-03
1.0922109868e+00 9.7885028265e-03 1.5373241959e-03
1.1167550539e+00 1.1336574175e-02 1.7418643033e-03
1.1412991210e+00 1.3490229758e-02 1.8221886517e-03
1.1658431881e+00 1.6142684962e-02 1.5091383397e-03
1.1903872553e+00 1.9348257397e-02 2.5305890210e-03
1.2149313224e+00 2.3732643282e-02 3.5308033333e-03
1.2394753895e+00 2.9626510280e-02 3.2453861552e-03
1.2640194566e+00 3.7459883917e-02 5.3502950070e-03
1.2885635237e+00 4.8754517364e-02 5.9597522964e-03
1.3131075909e+00 6.4401688290e-02 7.9204712145e-03
1.3376516580e+00 8.6282268954e-02 1.1640018113e-02
1.3621957251e+00 1.1629743038e-01 2.4364708075e-02
1.3867397922e+00 1.5881298410e-01 2.0393549354e-02
1.4112838593e+00 2.1026737808e-01 2.6365055074e-02
1.4358279265e+00 2.6684826072e-01 3.0404400476e-02
1.4603719936e+00 3.1873953336e-01 4.6477541426e-02
1.4849160607e+00 3.6157190027e-01 5.8138751172e-02
1.5094601278e+00 3.8956632601e-01 6.3914985486e-02
1.5340041949e+00 3.9688035379e-01 3.0042267907e-02
1.5585482621e+00 3.8674879768e-01 3.4630456860e-02
1.5830923292e+00 3.7440304183e-01 4.4044143801e-02
1.6076363963e+00 3.4941135235e-01 3.0178186088e-02
1.6321804634e+00 3.2943247156e-01 3.5423437801e-02
1.6567245305e+00 2.9783920501e-01 2.0732734247e-02
1.6812685976e+00 2.7072393393e-01 2.9099262394e-02
1.7058126648e+00 2.4203786023e-01 3.5683851271e-02
1.7303567319e+00 2.1477790272e-01 2.5190261027e-02
1.7549007990e+00 1.8749777468e-01 2.2373204596e-02
1.7794448661e+00 1.6063124638e-01 2.1924111250e-02
1.8039889332e+00 1.3649584767e-01 1.6041795617e-02
1.8285330004e+00 1.1361236201e-01 1.3559734056e-02
1.8530770675e+00 9.5136293691e-02 1.0962126703e-02
1.8776211346e+00 7.8783882178e-02 1.1174418260e-02
1.9021652017e+00 6.3725288046e-02 9.6745565800e-03
1.9267092688e+00 5.2993702979e-02 5.5929560293e-03
1.9512533360e+00 4.3381182496e-02 4.7097785685e-03
1.9757974031e+00 3.5418743402e-02 5.5638854174e-03
2.0003414702e+00 2.8700636688e-02 4.2485228825e-03
2.0248855373e+00 2.3582133997e-02 2.7957160869e-03
2.0494296044e+00 1.9587622524e-02 2.7841973305e-03
2.0739736715e+00 1.6236580978e-02 3.6380322565e-03
2.0985177387e+00 1.3551814375e-02 5.9114658009e-03
2.1230618058e+00 1.1556125282e-02 5.0640692997e-03
2.1476058729e+00 9.7404367931e-03 5.6509816126e-03
2.1721499400e+00 8.5244392949e-03 6.0399588283e-03
2.1966940071e+00 7.4459299888e-03 5.0675316384e-03
2.2212380743e+00 6.4390365921e-03 3.3767058367e-03
2.2457821414e+00 5.7287924701e-03 2.7116408766e-03
2.2703262085e+00 5.1189839945e-03 2.4839766926e-03
2.2948702756e+00 4.5400634016e-03 3.0126375546e-03
2.3194143427e+00 4.0906762796e-03 2.5331396469e-03
2.3439584099e+00 3.7359527493e-03 2.4914015148e-03
2.3685024770e+00 3.4353728050e-03 2.6727837030e-03
2.3930465441e+00 3.1584064601e-03 3.0988321262e-03
2.4175906112e+00 2.8495572772e-03 2.9477821517e-03
2.4421346783e+00 2.6764422802e-03 2.5292586851e-03
2.4666787455e+00 2.4793964813e-03 2.6562704160e-03
2.4912228126e+00 2.3339423919e-03 2.6893605084e-03
2.5157668797e+00 2.1766559019e-03 2.5011235277e-03
2.5403109468e+00 2.0354326210e-03 2.4635230584e-03
2.5648550139e+00 1.9250626328e-03 2.5233926633e-03
2.5893990810e+00 1.7728967350e-03 2.6939172738e-03
2.6139431482e+00 1.6911109486e-03 2.6823851588e-03
2.6384872153e+00 1.5846885375e-03 2.3950647562e-03
2.6630312824e+00 1.4941350904e-03 2.4706082795e-03
2.6875753495e+00 1.4286109692e-03 2.4234484798e-03
2.7121194166e+00 1.3436939734e-03 2.3778431138e-03
2.7366634838e+00 1.2777866249e-03 2.2145293772e-03
2.7612075509e+00 1.2179034214e-03 2.0072931253e-03
2.7857516180e+00 1.1795572819e-03 1.9361360308e-03
2.8102956851e+00 1.0999796159e-03 2.1372657089e-03
2.8348397522e+00 1.0336040273e-03 1.8503448437e-03
2.8593838194e+00 1.0018069485e-03 1.9567926181e-03
2.8839278865e+00 9.7356883468e-04 2.1591657586e-03
2.9084719536e+00 9.3069363720e-04 2.1796792768e-03
2.9330160207e+00 8.8274079585e-04 2.2186091937e-03
2.9575600878e+00 8.7112461288e-04 2.2169547904e-03
2.9821041549e+00 8.2638403102e-04 2.1888568600e-03
3.0066482221e+00 7.8844922528e-04 2.0853691388e-03
3.0311922892e+00 7.6099262963e-04 2.0873292539e-03
3.0557363563e+00 7.3381814342e-04 2.0020754411e-03
3.0802804234e+00 7.0441325161e-04 2.0311003257e-03
3.1048244905e+00 6.8201803656e-04 2.0794936761e-03
3.1293685577e+00 6.5281872017e-04 2.0948046953e-03
3.1539126248e+00 6.2981160299e-04 2.0562968312e-03
3.1784566919e+00 6.0681399859e-04 2.0318683096e-03
3.2030007590e+00 5.8394531538e-04 2.0160228582e-03
3.2275448261e+00 5.6746264713e-04 1.9035059823e-03
3.2520888933e+00 5.5374452413e-04 1.8214032980e-03
3.2766329604e+00 5.3432765533e-04 1.7963354124e-03
3.3011770275e+00 5.2112157460e-04 1.8052469304e-03
3.3257210946e+00 4.9732399984e-04 1.7376458788e-03
3.3502651617e+00 4.8887076952e-04 1.6758255782e-03
3.3748092289e+00 4.7084301678e-04 1.7037429580e-03
3.3993532960e+00 4.5473564124e-04 1.6843953959e-03
3.4238973631e+00 4.4419948647e-04 1.6047354895e-03
3.4484414302e+00 4.3264920738e-04 1.5747483271e-03
3.4729854973e+00 4.1392125097e-04 1.6078129331e-03
3.4975295644e+00 4.0597393498e-04 1.6371088097e-03
3.5220736316e+00 3.9827834882e-04 1.6432631191e-03
3.5466176987e+00 3.8464177890e-04 1.6523999384e-03
3.5711617658e+00 3.7637763530e-04 1.6623779050e-03
3.5957058329e+00 3.6556284729e-04 1.6995719061e-03
3.6202499000e+00 3.5577252256e-04 1.6730887374e-03
3.6447939672e+00 3.4443220033e-04 1.6145838168e-03
3.6693380343e+00 3.4008652057e-04 1.5910451942e-03
3.6938821014e+00 3.3452580440e-04 1.5884605847e-03
3.7184261685e+00 3.2128383212e-04 1.6130930154e-03
3.7429702356e+00 3.1757039838e-04 1.6769941108e-03
3.7675143028e+00 3.0377168745e-04 1.6882469840e-03
3.7920583699e+00 3.0091755751e-04 1.6339186472e-03
3.8166024370e+00 2.9731039226e-04 1.6200622314e-03
3.8411465041e+00 2.8781039775e-04 1.5684312108e-03
3.8656905712e+00 2.8889488787e-04 1.5634835925e-03
3.8902346383e+00 2.7779009010e-04 1.5951566883e-03
3.9147787055e+00 2.7474758020e-04 1.6476872383e-03
3.9393227726e+00 2.6938175376e-04 1.5881545325e-03
3.9638668397e+00 2.6834577061e-04 1.5283485275e-03
3.9884109068e+00 2.5862323518e-04 1.4923470658e-03
4.0129549739e+00 2.6052082103e-04 1.4513722500e-03
4.0374990411e+00 2.5571338048e-04 1.4218141475e-03
4.0620431082e+00 2.4982847288e-04 1.4644632368e-03
4.0865871753e+00 2.5283343536e-04 1.4671265591e-03
4.1111312424e+00 2.4382537351e-04 1.4258308952e-03
4.1356753095e+00 2.4672689532e-04 1.4493286916e-03
4.1602193767e+00 2.4182482302e-04 1.4677357007e-03
4.1847634438e+00 2.4446141730e-04 1.4642941857e-03
4.2093075109e+00 2.4346728221e-04 1.5248225043e-03
4.2338515780e+00 2.4307072968e-04 1.5630495819e-03
4.2583956451e+00 2.4141746226e-04 1.5368013689e-03
4.2829397123e+00 2.4757046890e-04 1.5816316142e-03
4.3074837794e+00 2.5126152989e-04 1.6189961672e-03
4.3320278465e+00 2.5289956543e-04 1.6190227514e-03
4.3565719136e+00 2.5164122160e-04 1.6055676017e-03
4.3811159807e+00 2.5785481026e-04 1.5709761163e-03
4.4056600478e+00 2.6340021431e-04 1.6335068547e-03
4.4302041150e+00 2.6840857996e-04 1.6429919812e-03
4.4547481821e+00 2.7154502690e-04 1.6427564364e-03
4.4792922492e+00 2.7921231450e-04 1.6461641618e-03
4.5038363163e+00 2.8330346424e-04 1.6384247618e-03
4.5283803834e+00 2.8715717893e-04 1.6602619637e-03
4.5529244506e+00 2.9658502799e-04 1.6609024777e-03
4.5774685177e+00 3.0071280143e-04 1.6394614472e-03
4.6020125848e+00 3.1248733847e-04 1.6307261550e-03
4.6265566519e+00 3.1749848270e-04 1.6085552955e-03
4.6511007190e+00 3.2357642023e-04 1.6318989131e-03
4.6756447862e+00 3.3250174543e-04 1.6018914519e-03
4.7001888533e+00 3.3509467081e-04 1.5825427774e-03
4.7247329204e+00 3.4341335780e-04 1.5733159810e-03
4.7492769875e+00 3.4750859568e-04 1.5817716288e-03
4.7738210546e+00 3.4968524826e-04 1.5152351951e-03
4.7983651217e+00 3.5745078333e-04 1.4908895469e-03
4.8229091889e+00 3.6193969020e-04 1.4616226241e-03
4.8474532560e+00 3.6752053856e-04 1.4454222128e-03
4.8719973231e+00 3.7094038706e-04 1.5025832047e-03
4.8965413902e+00 3.7261828487e-04 1.4766143801e-03
4.9210854573e+00 3.7205545392e-04 1.5092199483e-03
4.9456295245e+00 3.7477026733e-04 1.4814925339e-03
4.9701735916e+00 3.7714646756e-04 1.4119409366e-03
4.9947176587e+00 3.7714967449e-04 1.3931633455e-03
5.0192617258e+00 3.7547867133e-04 1.4584951665e-03
5.0438057929e+00 3.7447073280e-04 1.4899477445e-03
5.0683498601e+00 3.7400420696e-04 1.5151662354e-03
5.0928939272e+00 3.6878807319e-04 1.5565736385e-03
5.1174379943e+00 3.6420560257e-04 1.5872868288e-03
5.1419820614e+00 3.5776418438e-04 1.5388463097e-03
5.1665261285e+00 3.5503845250e-04 1.5429758916e-03
5.1910701957e+00 3.5296535089e-04 1.5395787792e-03
5.2156142628e+00 3.4205631017e-04 1.4755443237e-03
5.2401583299e+00 3.3701982279e-04 1.4972639632e-03
5.2647023970e+00 3.3598551194e-04 1.4985028117e-03
5.2892464641e+00 3.2207774588e-04 1.4969945578e-03
5.3137905312e+00 3.1652585536e-04 1.5104526429e-03
5.3383345984e+00 3.0328264678e-04 1.5536559637e-03
5.3628786655e+00 2.9812655048e-04 1.5684241404e-03
5.3874227326e+00 2.8826008160e-04 1.5398950667e-03
5.4119667997e+00 2.8194089463e-04 1.5254343454e-03
5.4365108668e+00 2.7400273760e-04 1.5424186840e-03
5.4610549340e+00 2.6521142245e-04 1.5531181689e-03
5.4855990011e+00 2.5659241680e-04 1.5519112443e-03
5.5101430682e+00 2.4706425248e-04 1.5439399015e-03
5.5346871353e+00 2.3940129397e-04 1.5615367968e-03
5.5592312024e+00 2.2690405865e-04 1.5537867600e-03
5.5837752696e+00 2.1939815491e-04 1.5827627819e-03
5.6083193367e+00 2.1071918838e-04 1.5900025651e-03
5.6328634038e+00 1.9894321878e-04 1.6290120992e-03
5.6574074709e+00 1.9263939475e-04 1.6689773851e-03
5.6819515380e+00 1.8309849257e-04 1.7059889084e-03
5.7064956051e+00 1.7396209238e-04 1.7032621524e-03
5.7310396723e+00 1.6732117272e-04 1.7285578582e-03
5.7555837394e+00 1.6018419942e-04 1.7398712207e-03
5.7801278065e+00 1.5254359571e-04 1.7534294984e-03
5.8046718736e+00 1.4439683977e-04 1.7360160112e-03
5.8292159407e+00 1.3917965208e-04 1.7224426213e-03
5.8537600079e+00 1.3184027727e-04 1.7605569069e-03
5.8783040750e+00 1.2481489777e-04 1.7875438475e-03
5.9028481421e+00 1.2050967200e-04 1.7897027351e-03
5.9273922092e+00 1.1490932146e-04 1.7964052341e-03
5.9519362763e+00 1.1045338525e-04 1.8055568506e-03
5.9764803435e+00 1.0482745567e-04 1.8228301108e-03
6.0010244106e+00 9.9878209532e-05 1.8390410833e-03
6.0255684777e+00 9.4721232930e-05 1.8122974321e-03
6.0501125448e+00 9.0782879166e-05 1.7975571075e-03
6.0746566119e+00 8.5521719061e-05 1.7939831025e-03
6.0992006790e+00 8.2459417172e-05 1.7838963434e-03
6.1237447462e+00 7.7545262301e-05 1.8042057398e-03
6.1482888133e+00 7.5618213743e-05 1.8277901226e-03
6.1728328804e+00 7.2285578514e-05 1.8270892261e-03
6.1973769475e+00 7.0000288876e-05 1.8390548778e-03
6.2219210146e+00 6.6865121038e-05 1.8541001460e-03
6.2464650818e+00 6.5327695545e-05 1.8832377699e-03
6.2710091489e+00 6.2151163041e-05 1.8961810977e-03
6.2955532160e+00 5.9521919437e-05 1.9112948112e-03
6.3200972831e+00 5.7744653779e-05 1.9369734044e-03
6.3446413502e+00 5.6615865349e-05 1.9526342704e-03
6.3691854174e+00 5.4213329691e-05 1.9810560194e-03
6.3937294845e+00 5.3057707281e-05 2.0103023184e-03
6.4182735516e+00 5.1243181134e-05 2.0329120151e-03
6.4428176187e+00 4.9908679009e-05 2.0483800431e-03
6.4673616858e+00 4.9230061333e-05 2.0628804170e-03
6.4919057530e+00 4.7263115056e-05 2.0736028477e-03
6.5164498201e+00 4.5578877575e-05 2.0709387555e-03
6.5409938872e+00 4.5246650117e-05 2.0857321611e-03
6.5655379543e+00 4.3863055267e-05 2.1060976810e-03
6.5900820214e+00 4.3116775988e-05 2.1172198389e-03
6.6146260885e+00 4.2835183592e-05 2.1484677246e-03
6.6391701557e+00 4.1282552322e-05 2.1596718061e-03
6.6637142228e+00 4.1083358768e-05 2.1804798828e-03
6.6882582899e+00 3.9484338964e-05 2.1931255172e-03
6.7128023570e+00 3.9486596743e-05 2.1932370662e-03
6.7373464241e+00 3.8646834593e-05 2.2203190583e-03
6.7618904913e+00 3.7186843590e-05 2.2282334611e-03
6.7864345584e+00 3.7059240595e-05 2.2381673597e-03
6.8109786255e+00 3.6140234767e-05 2.2680959982e-03
6.8355226926e+00 3.5657416651e-05 2.2734256059e-03
6.8600667597e+00 3.4516633124e-05 2.2806637906e-03
6.8846108269e+00 3.4755088675e-05 2.2857394050e-03
6.9091548940e+00 3.4682481405e-05 2.3072849130e-03
6.9336989611e+00 3.4031930292e-05 2.3166432140e-03
6.9582430282e+00 3.3293408901e-05 2.3313102498e-03
6.9827870953e+00 3.2715527217e-05 2.3446930686e-03
7.0073311624e+00 3.2431042723e-05 2.3372237465e-03
7.0318752296e+00 3.2025290692e-05 2.3534245399e-03
7.0564192967e+00 3.1965428519e-05 2.3734178029e-03
7.0809633638e+00 3.1669582348e-05 2.3711838017e-03
7.1055074309e+00 3.0495859881e-05 2.3877669812e-03
7.1300514980e+00 3.0604248633e-05 2.3957669982e-03
7.1545955652e+00 3.0267950105e-05 2.4095615354e-03
7.1791396323e+00 2.9818922062e-05 2.4262253763e-03
7.2036836994e+00 2.9005527195e-05 2.4445956811e-03
7.2282277665e+00 2.9331070979e-05 2.4512781526e-03
7.2527718336e+00 2.8791371869e-05 2.4723210396e-03
7.2773159008e+00 2.8051764184e-05 2.4844326327e-03
7.3018599679e+00 2.8059309339e-05 2.4955174189e-03
7.3264040350e+00 2.7783811429e-05 2.5135179863e-03
7.3509481021e+00 2.7681525469e-05 2.5379086298e-03
7.3754921692e+00 2.6886334575e-05 2.5576312489e-03
7.4000362364e+00 2.6605786935e-05 2.5582980869e-03
7.4245803035e+00 2.6383153952e-05 2.5723198873e-03
7.4491243706e+00 2.6337164618e-05 2.6084231848e-03
7.4736684377e+00 2.5941535548e-05 2.6161323168e-03
7.4982125048e+00 2.5634217581e-05 2.6411539268e-03
7.5227565719e+00 2.5227803842e-05 2.6740402874e-03
7.5473006391e+00 2.5056715210e-05 2.6883829608e-03
7.5718447062e+00 2.4814531263e-05 2.7009524564e-03
7.5963887733e+00 2.4541641571e-05 2.7215750317e-03
7.6209328404e+00 2.4277277150e-05 2.7476028998e-03
7.6454769075e+00 2.4190625483e-05 2.7743930118e-03
7.6700209747e+00 2.3896022563e-05 2.8005043773e-03
7.6945650418e+00 2.3471932245e-05 2.8170416282e-03
7.7191091089e+00 2.3336946993e-05 2.8358161640e-03
7.7436531760e+00 2.3103190455e-05 2.8574211223e-03
7.7681972431e+00 2.2765729084e-05 2.8733604830e-03
7.7927413103e+00 2.2326652604e-05 2.8881911437e-03
7.8172853774e+00 2.2458990167e-05 2.9033808905e-03
7.8418294445e+00 2.2318861342e-05 2.9360737550e-03
7.8663735116e+00 2.1840534640e-05 2.9649669729e-03
7.8909175787e+00 2.1690562568e-05 2.9994736033e-03
7.9154616458e+00 2.1352166438e-05 3.0201417708e-03
7.9400057130e+00 2.1022148777e-05 3.0443949642e-03
7.9645497801e+00 2.1019398027e-05 3.0771951323e-03
7.9890938472e+00 2.0888948691e-05 3.1102946229e-03
8.0136379143e+00 2.0588807003e-05 3.1352627683e-03
8.0381819814e+00 2.0253452450e-05 3.1500449511e-03
8.0627260486e+00 2.0223353081e-05 3.1651795188e-03
8.0872701157e+00 1.9979138503e-05 3.1926739087e-03
8.1118141828e+00 1.9655526522e-05 3.2217054270e-03
8.1363582499e+00 1.9735222956e-05 3.2459105586e-03
8.1609023170e+00 1.9296023920e-05 3.2774018362e-03
8.1854463842e+00 1.9321485945e-05 3.3009232929e-03
8.2099904513e+00 1.9381264603e-05 3.3318869377e-03
8.2345345184e+00 1.9168931077e-05 3.3704757791e-03
8.2590785855e+00 1.8701496715e-05 3.3966378368e-03
8.2836226526e+00 1.8674700504e-05 3.4290243725e-03
8.3081667198e+00 1.8309893421e-05 3.4631288666e-03
8.3327107869e+00 1.8089701174e-05 3.4791499412e-03
8.3572548540e+00 1.8595681939e-05 3.4989828307e-03
8.3817989211e+00 1.8184871899e-05 3.5252854452e-03
8.4063429882e+00 1.7943484910e-05 3.5561162683e-03
8.4308870553e+00 1.7480766679e-05 3.5923194696e-03
8.4554311225e+00 1.7476628973e-05 3.6228855343e-03
8.4799751896e+00 1.7657832155e-05 3.6593905217e-03
8.5045192567e+00 1.7051232856e-05 3.6906553079e-03
8.5290633238e+00 1.6939206253e-05 3.7105391338e-03
8.5536073909e+00 1.6873780467e-05 3.7435571350e-03
8.5781514581e+00 1.6772991864e-05 3.7788173954e-03
8.6026955252e+00 1.6504251197e-05 3.8172289280e-03
8.6272395923e+00 1.6388282411e-05 3.8306937703e-03
8.6517836594e+00 1.6184181971e-05 3.8474239175e-03
8.6763277265e+00 1.5952593243e-05 3.8688944321e-03
8.7008717937e+00 1.6118513879e-05 3.8970455384e-03
8.7254158608e+00 1.5876205821e-05 3.9302509520e-03
8.7499599279e+00 1.5426510595e-05 3.9570167204e-03
8.7745039950e+00 1.5419291121e-05 3.9717192724e-03
8.7990480621e+00 1.5375124776e-05 4.0033233816e-03
8.8235921292e+00 1.5278957510e-05 4.0316731650e-03
8.8481361964e+00 1.5526101008e-05 4.0649394832e-03
8.8726802635e+00 1.5027662402e-05 4.1088537488e-03
8.8972243306e+00 1.4789370827e-05 4.1370711909e-03
8.9217683977e+00 1.4939792449e-05 4.1635451534e-03
8.9463124648e+00 1.4834783170e-05 4.2041016326e-03
8.9708565320e+00 1.4404582919e-05 4.2367834962e-03
8.9954005991e+00 1.4447830183e-05 4.2878512038e-03
9.0199446662e+00 1.4137787850e-05 4.3153320346e-03
9.0444887333e+00 1.3831399762e-05 4.3468010288e-03
9.0690328004e+00 1.3960980700e-05 4.3709168836e-03
9.0935768676e+00 1.3712905254e-05 4.4070049215e-03
9.1181209347e+00 1.3815295078e-05 4.4443489640e-03
9.1426650018e+00 1.3779932585e-05 4.4847356672e-03
9.1672090689e+00 1.3407898676e-05 4.5321858769e-03
9.1917531360e+00 1.3432309091e-05 4.5674300677e-03
9.2162972032e+00 1.3134632845e-05 4.6004857309e-03
9.2408412703e+00 1.3371863624e-05 4.6407470011e-03
9.2653853374e+00 1.3205421680e-05 4.6882291832e-03
9.2899294045e+00 1.2919979536e-05 4.7268075752e-03
9.3144734716e+00 1.2683950152e-05 4.7634691062e-03
9.3390175387e+00 1.2668068540e-05 4.7974241236e-03
9.3635616059e+00 1.2557507376e-05 4.8404518415e-03
9.3881056730e+00 1.2717069242e-05 4.8980739672e-03
9.4126497401e+00 1.2404626068e-05 4.9511543010e-03
9.4371938072e+00 1.2259822533e-05 4.9917400818e-03
9.4617378743e+00 1.1746923430e-05 5.0221892823e-03
9.4862819415e+00 1.2045913599e-05 5.0570142111e-03
9.5108260086e+00 1.1789719216e-05 5.0886171232e-03
9.5353700757e+00 1.1842378937e-05 5.1270699031e-03
9.5599141428e+00 1.1747943367e-05 5.1886738894e-03
9.5844582099e+00 1.1475175185e-05 5.2342210804e-03
9.6090022771e+00 1.1247233628e-05 5.2790867703e-03
9.6335463442e+00 1.1229538761e-05 5.3154920504e-03
9.6580904113e+00 1.1432968123e-05 5.3666570395e-03
9.6826344784e+00 1.1109808292e-05 5.4227706621e-03
9.7071785455e+00 1.1143961490e-05 5.4703205472e-03
9.7317226126e+00 1.0904973885e-05 5.5214446713e-03
9.7562666798e+00 1.0880575377e-05 5.5786529478e-03
9.7808107469e+00 1.0768143715e-05 5.6261381781e-03
9.8053548140e+00 1.0875707284e-05 5.6880872946e-03
9.8298988811e+00 1.0505232884e-05 5.7448204035e-03
9.8544429482e+00 1.0286806700e-05 5.7923737517e-03
9.8789870154e+00 1.0161854398e-05 5.8236615472e-03
9.9035310825e+00 1.0305647154e-05 5.8826247821e-03
9.9280751496e+00 1.0306093607e-05 5.9350536726e-03
9.9526192167e+00 9.9551074490e-06 5.9791535073e-03
9.9771632838e+00 9.9806671201e-06 6.0162525060e-03
1.0001707351e+01 9.9011761168e-06 6.0725356794e-03
1.0026251418e+01 9.6509304404e-06 6.1179710406e-03
1.0050795485e+01 9.4333624584e-06 6.1673279668e-03
1.0075339552e+01 9.6694707801e-06 6.2219982724e-03
1.0099883619e+01 9.5283568937e-06 6.2701862340e-03
1.0124427687e+01 9.2804570668e-06 6.3219668107e-03
1.0148971754e+01 9.3996359227e-06 6.3554715391e-03
1.0173515821e+01 9.0265877923e-06 6.4123968919e-03
1.0198059888e+01 9.3092483524e-06 6.4760015196e-03
1.0222603955e+01 9.0836013360e-06 6.5418439545e-03
1.0247148022e+01 9.0049096321e-06 6.5925026406e-03
1.0271692089e+01 9.0285974364e-06 6.6486665896e-03
1.0296236156e+01 8.5505299816e-06 6.6998634110e-03
1.0320780224e+01 8.5681861072e-06 6.7422833314e-03
1.0345324291e+01 8.6002134609e-06 6.7950469056e-03
1.0369868358e+01 8.4752844088e-06 6.8588852078e-03
1.0394412425e+01 8.5512616552e-06 6.9349673031e-03
1.0418956492e+01 8.2477688845e-06 6.9975468098e-03
1.0443500559e+01 8.3720727181e-06 7.0598071651e-03
1.0468044626e+01 8.3772082295e-06 7.1154308608e-03
1.0492588693e+01 8.0527876854e-06 7.1849062710e-03
1.0517132760e+01 8.2676580926e-06 7.2557872218e-03
1.0541676828e+01 7.7961545832e-06 7.3150960218e-03
1.0566220895e+01 7.6112357924e-06 7.3594579914e-03
1.0590764962e+01 7.8541268124e-06 7.4209196283e-03
1.0615309029e+01 7.6491421853e-06 7.4804041587e-03
1.0639853096e+01 7.8640997693e-06 7.5454229541e-03
1.0664397163e+01 7.4511561523e-06 7.6202185864e-03
1.0688941230e+01 7.4421902797e-06 7.6822251836e-03
1.0713485297e+01 7.4912088830e-06 7.7558930704e-03
1.0738029365e+01 7.2294871998e-06 7.8267659315e-03
1.0762573432e+01 7.1951411893e-06 7.8739243044e-03
1.0787117499e+01 7.1752804144e-06 7.9398701526e-03
1.0811661566e+01 7.2558392629e-06 8.0235832056e-03
1.0836205633e+01 7.0313071935e-06 8.0915407555e-03
1.0860749700e+01 7.0508244960e-06 8.1754690670e-03
1.0885293767e+01 6.8933148009e-06 8.2451212330e-03
1.0909837834e+01 6.8196811520e-06 8.3215708711e-03
1.0934381901e+01 6.5625841890e-06 8.3992351582e-03
1.0958925969e+01 6.6092901227e-06 8.4800803110e-03
1.0983470036e+01 6.7089322945e-06 8.5566433578e-03
1.1008014103e+01 6.4870871088e-06 8.6329554529e-03
1.1032558170e+01 6.6265133074e-06 8.7163590851e-03
1.1057102237e+01 6.5691408664e-06 8.8075098654e-03
1.1081646304e+01 6.2899065002e-06 8.9019073122e-03
1.1106190371e+01 6.1504596898e-06 8.9832653815e-03
1.1130734438e+01 5.9832781857e-06 9.0707342664e-03
1.1155278506e+01 6.1004335603e-06 9.1455997308e-03
1.1179822573e+01 5.7675003200e-06 9.2252849711e-03
1.1204366640e+01 5.8965470657e-06 9.3000156869e-03
1.1228910707e+01 5.7205532454e-06 9.3788460102e-03
1.1253454774e+01 5.6922166615e-06 9.4679795935e-03
1.1277998841e+01 5.6140463427e-06 9.5512212131e-03
1.1302542908e+01 5.4272625972e-06 9.6340712948e-03
1.1327086975e+01 5.7176042690e-06 9.7245407437e-03
1.1351631042e+01 5.2609967320e-06 9.8138032849e-03
1.1376175110e+01 5.2718048034e-06 9.9002575549e-03
1.1400719177e+01 5.2260319728e-06 9.9945973893e-03
1.1425263244e+01 5.3149106082e-06 1.0077035230e-02
1.1449807311e+01 5.0970016429e-06 1.0178239342e-02
1.1474351378e+01 4.9134146714e-06 1.0268341982e-02
1.1498895445e+01 4.8505616062e-06 1.0362272293e-02
1.1523439512e+01 4.6327890930e-06 1.0447764879e-02
1.1547983579e+01 4.6818905187e-06 1.0546995199e-02
1.1572527647e+01 4.7686718172e-06 1.0648054993e-02
1.1597071714e+01 4.7656165606e-06 1.0777021641e-02
1.1621615781e+01 4.4255475509e-06 1.0884734153e-02
1.1646159848e+01 4.4619139771e-06 1.1004066888e-02
1.1670703915e+01 4.2944167086e-06 1.1118635011e-02
1.1695247982e+01 4.1175489603e-06 1.1218522107e-02
1.1719792049e+01 3.9626891621e-06 1.1322270141e-02
1.1744336116e+01 4.1009487023e-06 1.1424935784e-02
1.1768880184e+01 3.7537953318e-06 1.1518583661e-02
1.1793424251e+01 4.0393549389e-06 1.1611456488e-02
1.1817968318e+01 3.8433281982e-06 1.1729291838e-02
1.1842512385e+01 4.0585900002e-06 1.1871276564e-02
1.1867056452e+01 3.4723280549e-06 1.1979479771e-02
1.1891600519e+01 3.3660492842e-06 1.2086721547e-02
1.1916144586e+01 3.2763603626e-06 1.2193028683e-02
1.1940688653e+01 3.3517061513e-06 1.2313074686e-02
1.1965232720e+01 3.0065601417e-06 1.2431755655e-02
1.1989776788e+01 3.0386996065e-06 1.2552242481e-02
1.2014320855e+01 2.9512943927e-06 1.2676004994e-02
1.2038864922e+01 2.8265832609e-06 1.2796854628e-02
1.2063408989e+01 2.7553145526e-06 1.2916508064e-02
1.2087953056e+01 2.4930665956e-06 1.3032956209e-02
1.2112497123e+01 2.7456630658e-06 1.3155090613e-02
1.2137041190e+01 2.4467807716e-06 1.3308575997e-02
1.2161585257e+01 2.2573545504e-06 1.3453026418e-02
1.2186129325e+01 2.2094730354e-06 1.3597034344e-02
1.2210673392e+01 1.7002310803e-06 1.3718778796e-02
1.2235217459e+01 1.7512847042e-06 1.3850879929e-02
1.2259761526e+01 1.8013623402e-06 1.3982367891e-02
1.2284305593e+01 1.7050444692e-06 1.4119064230e-02
1.2308849660e+01 1.3740206518e-06 1.4250355662e-02
1.2333393727e+01 1.3734984434e-06 1.4364233348e-02
1.2357937794e+01 1.3373133129e-06 1.4526664427e-02
1.2382481861e+01 1.4217133354e-06 1.4697639654e-02
1.2407025929e+01 9.9815234179e-07 1.4864160933e-02
1.2431569996e+01 8.3354987699e-07 1.5011055282e-02
1.2456114063e+01 4.2574208928e-07 1.5147658075e-02
1.2480658130e+01 8.3589827716e-07 1.5296946587e-02
1.2505202197e+01 4.2060816128e-07 1.5466610176e-02
1.2529746264e+01 2.6702305039e-07 1.5619072359e-02
1.2554290331e+01 3.4466004958e-07 1.5798823129e-02
